土地位置建物門牌,緯度,經度,pred_mean,pred_0.1,pred_0.25,pred_0.5,pred_0.75,pred_0.9
臺北市信義區永吉路５６號四樓,25.0455000181894,121.569620027006,17237266.0,8655241.0,14855598.0,16323371.0,19644542.0,26884216.0
臺北市中山區林森北路２８６號七樓之４,25.0557124,121.5253579,11306222.0,4171417.8,9203366.0,9596344.0,12043999.0,13725274.0
臺北市文山區富山路１巷１８號四樓,24.9889699905128,121.553310016893,12954046.0,7677338.5,11299150.0,11564786.0,14465485.0,23370736.0
臺北市內湖區內湖路三段３２９巷４弄１０號三樓,25.088368,121.58563,14247331.0,7870937.5,11031660.0,12882075.0,15745292.0,21263392.0
臺北市萬華區水源路２０５之１號十三樓,25.019570013983,121.503239963904,19477136.0,10593980.0,17278840.0,20780892.0,29604694.0,31828030.0
臺北市萬華區萬大路９０巷５弄３號,25.03002698,121.499705,12861378.0,7434251.0,11517919.0,12856424.0,15208527.0,21698248.0
臺北市中山區松江路２９７巷１９號,25.06110092,121.5347143,21518554.0,8595965.0,17333800.0,18871444.0,23246256.0,29051198.0
臺北市北投區公路４１８號七樓之１,25.1323027,121.5026806,19151668.0,10782506.0,16878642.0,16989978.0,21466736.0,28715260.0
臺北市士林區中山北路六段８號,25.10290432,121.5265823,34625064.0,17553622.0,32699544.0,39968070.0,48187440.0,55825636.0
臺北市中山區長安東路一段２０號五樓之６,25.0491800089596,121.523939995805,12121872.0,7293074.5,10761898.0,11120240.0,13260382.0,17426488.0
臺北市大同區蘭州街１０１號五樓,25.0645499886314,121.515400009935,8303042.5,3651246.5,5931099.0,6832242.0,8830775.0,12038487.0
臺北市中山區錦西街３１號三樓之６,25.0604299898541,121.520689996668,8301799.5,4789505.5,6660639.5,7909848.5,8897184.0,12504896.0
臺北市大安區仁愛路四段３０號,25.03762602,121.546578,36606668.0,16509676.0,32228278.0,33897504.0,45247796.0,58086690.0
臺北市松山區延壽街４０２巷２弄７號四樓,25.0558300013914,121.556939967702,19410048.0,8621169.0,14918948.0,17725646.0,20605728.0,26571564.0
臺北市萬華區漢中街１６０號七樓之１３,25.04116301,121.506566,14593768.0,6708297.0,12923814.0,13581888.0,18701920.0,19757120.0
臺北市文山區景中街１號九樓之３,24.9930300167729,121.542120008516,10798230.0,6980410.0,8168533.5,9593599.0,11468158.0,15802425.0
臺北市中正區同安街６６號,25.02312599,121.520884,19077294.0,10191143.0,15843591.0,19830704.0,25594206.0,34438010.0
臺北市松山區南京東路五段１２３巷８弄４５號三樓,25.0535999960516,121.562990025414,11774092.0,7021605.0,9476316.0,10493628.0,12967593.0,22860204.0
臺北市松山區健康路１８５巷６號九樓,25.05438199,121.56157,32554172.0,16429666.0,31160906.0,32698920.0,39227852.0,46038610.0
臺北市大安區復興南路二段３２０號,25.023343,121.543201,24091916.0,8003034.0,18448146.0,19484382.0,25038014.0,35168180.0
臺北市信義區中坡南路１２巷５號,25.04335002,121.582203,20060328.0,10242764.0,18613346.0,19697858.0,26822498.0,33065502.0
臺北市萬華區武昌街二段１２４之２號五樓之２,25.04536628,121.5037647,8331343.5,3599960.2,5369735.0,6960381.0,9074621.0,11880092.0
臺北市松山區南京東路五段３２８號八樓之２,25.051056,121.568634,18091084.0,12355628.0,17266650.0,18241672.0,24958580.0,30859494.0
臺北市文山區指南路三段３２巷５號三樓之７,24.9827299988748,121.580239982149,11519941.0,7147336.0,9680911.0,10523292.0,12008032.0,15345624.0
臺北市內湖區康寧路三段９９巷１０弄５號,25.07223699,121.610574,15323366.0,8104749.0,13162008.0,13847680.0,17798960.0,28334580.0
臺北市中正區汀州路二段２８７號六樓,25.022077,121.524381,24301860.0,11536520.0,22700308.0,23843732.0,28036914.0,34183504.0
臺北市中山區農安街１０之１號四樓之１,25.06484,121.52361,13870783.0,6484504.0,12082239.0,12410660.0,16864224.0,19503084.0
臺北市信義區忠孝東路五段４６９號十七樓之９,25.0409700186183,121.5771000374,45621384.0,20372192.0,45420130.0,45898760.0,51578204.0,58182716.0
臺北市信義區永吉路４４３巷９弄３６號三樓,25.046559993665,121.57904002889,20740304.0,8694107.0,16035824.0,17207144.0,22836016.0,27995874.0
臺北市內湖區內湖路二段２６５號五樓之７,25.0821599900174,121.590379989515,21871476.0,13704818.0,20932576.0,22411932.0,25095436.0,34658100.0
臺北市北投區民族街３５號五樓,25.1330199954719,121.505569965348,12631130.0,6051582.0,10104836.0,12305064.0,15237359.0,17111184.0
臺北市松山區八德路四段２７９號四樓,25.0491100200681,121.565790000169,17220080.0,8393109.0,13956368.0,15409152.0,19073584.0,24683522.0
臺北市中正區牯嶺街１２０號七樓,25.0241500116066,121.518949997387,23588698.0,11941476.0,18403266.0,22091250.0,26505404.0,31629592.0
臺北市信義區吳興街３４巷３號三樓,25.031188,121.559677,17546390.0,7407598.5,13883832.0,16054064.0,20928464.0,24281704.0
臺北市松山區南京東路五段２３巷９弄２號,25.05271399,121.557956,23270032.0,10147036.0,19906344.0,20369160.0,26892884.0,30935872.0
臺北市士林區承德路四段４９號,25.08089801,121.523201,27726980.0,14179232.0,25137832.0,26567812.0,33330876.0,37647068.0
臺北市中山區基湖路１５１巷３５號,25.07748498,121.564793,10936274.0,7108779.0,10143611.0,10333028.0,13105369.0,17995274.0
臺北市士林區德行東路３５８巷１４弄１０號四樓,25.10982299,121.53893,2903962.2,1580121.8,3022239.0,7333002.0,9124189.0,14542308.0
臺北市文山區福興路７８巷２０弄２６之４號三樓,25.00458401,121.551724,15639218.0,6444954.0,13364512.0,14334583.0,19218524.0,27268284.0
臺北市萬華區水源路２０５之２號,25.01955698,121.50323,7169810.5,4528640.0,5898979.5,8243442.0,11033744.0,17382502.0
臺北市文山區福興路６３巷４弄１１之１１號六樓,25.00407301,121.549146,15546723.0,6462895.5,12021278.0,14275403.0,16897710.0,21747844.0
臺北市松山區八德路四段６３６號八樓之２,25.049832,121.574493,15702405.0,7413089.5,13727709.0,14621658.0,19809156.0,24874604.0
臺北市信義區永吉路１２０巷２０號五樓之６,25.0447899871714,121.570189996422,13507484.0,8468170.0,12469266.0,12524303.0,15710314.0,21394632.0
臺北市大同區民權西路１２２號十四樓之２,25.0627299840854,121.516770032009,11570434.0,6594439.0,9749863.0,10479946.0,11162912.0,15261908.0
臺北市內湖區內湖路三段３９號二樓,25.08550198,121.592387,16485289.0,9132999.0,12778657.0,14481137.0,17699430.0,29225152.0
臺北市信義區林口街２４巷４號四樓,25.0378799881031,121.580829984313,11209381.0,6549626.0,8624203.0,9693105.0,12900984.0,23338484.0
臺北市北投區立農街一段１８７巷１０弄５號二樓,25.1206299919266,121.504849959866,15731663.0,7933464.5,11481246.0,15304380.0,16228130.0,18775762.0
臺北市士林區忠誠路一段１７１巷６號,25.10715001,121.530686,21697338.0,12226829.0,21025048.0,21679880.0,27311800.0,33104816.0
臺北市信義區莊敬路３５２號五樓,25.02771999,121.564302,29269222.0,14573851.0,27009986.0,28325232.0,30450272.0,43969410.0
臺北市北投區中山北路七段２１９巷３弄３９號七樓,25.1270900085229,121.530639986289,18390564.0,13396899.0,18822052.0,25842810.0,26612646.0,34472908.0
臺北市信義區信義路五段１５０巷４６３號三樓之４,25.0227900059069,121.572470041724,6411127.0,4556939.0,4846092.5,9244781.0,10891560.0,19459758.0
臺北市大安區安和路一段６７號七樓,25.0371699989946,121.551879980393,33010742.0,15092332.0,31594018.0,31674690.0,37836320.0,46543108.0
臺北市中山區四平街１３８號十四樓之１,25.053407,121.536294,27612878.0,15020022.0,26574350.0,28073516.0,29677286.0,41855270.0
臺北市南港區昆陽街１７１巷４弄３號,25.0471699866686,121.593969958645,2347828.0,1999613.2,2552128.2,5305804.0,7879529.5,14529831.0
臺北市萬華區青年路５０號,25.02545801,121.503979,17363780.0,8977833.0,17606232.0,18149252.0,21641170.0,30186464.0
臺北市信義區松德路１０１號十二樓,25.0379200116908,121.575839985896,39217750.0,17226486.0,36634536.0,45070964.0,51852224.0,59984196.0
臺北市北投區溫泉路３７巷２６號五樓之１０,25.1370681935645,121.51122164784,10441200.0,5087454.5,7852606.0,8050663.0,9679748.0,10316486.0
臺北市萬華區西昌街８１之１號六樓,25.04141501,121.500983,9491510.0,3863055.5,7516340.5,7773046.0,10336497.0,11166787.0
臺北市士林區忠義街１３１號三樓,25.10800898,121.532857,14290468.0,7084881.0,11971922.0,13016634.0,16683463.0,20717254.0
臺北市萬華區大理街１６０巷２２弄１８號五樓,25.0327200046893,121.494810032423,7918664.0,2922142.2,6677818.5,8133072.5,9065418.0,14104623.0
臺北市內湖區內湖路三段３２９巷８之１號,25.08830732,121.584868,15508458.0,8275359.0,12586734.0,13250092.0,17137576.0,23364896.0
臺北市萬華區東園街６７巷２號,25.02622701,121.49678,12787654.0,6244573.0,10246673.0,11393615.0,16161841.0,16430387.0
臺北市大安區安和路二段１８１巷４號十六樓之２,25.0272000185341,121.550290017179,82395016.0,20572388.0,44213040.0,54067310.0,80171176.0,100925336.0
臺北市北投區溫泉路３７巷２８號七樓之６,25.1364186949227,121.511857688462,7826065.5,3674707.5,4584903.0,6991516.0,7019502.5,10016337.0
臺北市內湖區內湖路二段１０３巷８０號,25.08311901,121.580567,31376864.0,15764584.0,31706302.0,33947904.0,34652944.0,55767636.0
臺北市中山區林森北路５３８號四樓之７,25.0638700067363,121.52528998513,12973060.0,8592539.0,11726623.0,11919631.0,14122228.0,21219798.0
臺北市松山區光復北路８５巷９號三樓,25.0505900127118,121.558590029161,19866290.0,8704328.0,15230676.0,17904444.0,20880060.0,26534440.0
臺北市萬華區康定路１０３號十三樓之１５,25.039507,121.502048,13769719.0,6582450.5,11829331.0,12734423.0,16672838.0,18840980.0
臺北市內湖區星雲街１６８巷４３號十八樓之７,25.07997998273,121.597330012171,13094400.0,8652963.0,10874560.0,11506677.0,12971798.0,19789706.0
臺北市士林區福港街１１５號,25.08836302,121.51818,12402188.0,6792507.5,11256194.0,12935405.0,15198290.0,15668777.0
臺北市松山區南京東路五段２９１巷５弄１４號,25.05188301,121.566738,16129629.0,8175820.5,14703628.0,16144157.0,18831424.0,24196684.0
臺北市信義區莊敬路４１０號,25.0271900021598,121.566070039555,15232506.0,7195346.5,13526614.0,13798218.0,19283588.0,22302980.0
臺北市文山區興隆路四段１６５巷１５號五樓,24.9842200078928,121.562590040994,19400424.0,10538296.0,15505708.0,18406144.0,21124898.0,29020848.0
臺北市萬華區雙園街５９號,25.02999899,121.494202,2475228.5,970546.8,2575682.0,4527815.5,6111487.5,6154453.0
臺北市內湖區成功路四段６１巷８弄８號,25.08211599,121.592953,18463248.0,8925671.0,16321130.0,16959932.0,22138282.0,30496074.0
臺北市文山區和平東路四段６５巷９弄９號,25.00659902,121.56701,5151539.5,4051657.2,4937617.0,9834882.0,11845474.0,28296720.0
臺北市文山區興隆路三段１８５巷７弄２號,24.99556998,121.561683,13893475.0,7207049.0,10939862.0,12064208.0,15446612.0,23449768.0
臺北市北投區溫泉路６８巷２７號五樓,25.1347099966997,121.506330036328,14401890.0,6811910.5,12397127.0,14423388.0,18463740.0,22491284.0
臺北市內湖區文湖街２１巷８２弄２３號四樓之１,25.0890600146209,121.560800001752,21541632.0,11791958.0,19043776.0,21083276.0,25145072.0,29224706.0
臺北市內湖區康寧路三段７５巷２１７號二樓,25.0764700188658,121.614370002232,13616957.0,8162794.5,11895330.0,12904847.0,15528290.0,22114522.0
臺北市內湖區民權東路六段２９６巷６８號三樓之１,25.070254,121.608861,11217337.0,4785707.0,9420324.0,9726757.0,12252206.0,17555630.0
臺北市士林區延平北路六段２５８巷２４號,25.09029299,121.503868,13248526.0,6624543.5,13048998.0,14406286.0,16974560.0,21285752.0
臺北市南港區經貿二路１５７巷３６弄５６號九樓,25.0610000011795,121.615650002666,25950488.0,15990865.0,26072238.0,29673380.0,33127050.0,41034760.0
臺北市北投區稻香路１６１巷１號三樓之２,25.142211,121.488969,18350340.0,12667223.0,15473387.0,16459275.0,21056152.0,29170688.0
臺北市士林區美崙街４９巷１號,25.0967300008502,121.522439970413,4167028.2,2276778.0,2926543.0,5067229.0,7019496.0,9565844.0
臺北市士林區天玉街３８巷２５號三樓,25.1195100020242,121.529429974747,15175436.0,7735339.0,12620366.0,14031344.0,18854102.0,22421382.0
臺北市文山區木柵路二段１０９巷２７弄１１號二樓,24.99042798,121.562848,14284554.0,6409654.0,12781874.0,12921398.0,17324778.0,26279934.0
臺北市內湖區安泰街８０巷３號,25.07613399,121.616576,14375160.0,8304270.0,12861673.0,14013531.0,17229476.0,26826488.0
臺北市大安區信義路四段１９９巷２７號六樓,25.03512,121.551814,33876172.0,15088187.0,31165960.0,32375096.0,38754790.0,50527370.0
臺北市大同區民權西路１２２號十一樓之２,25.06271699,121.516736,13160578.0,6742753.0,11981151.0,12344415.0,15458313.0,17859186.0
臺北市士林區德行東路３１號三樓,25.1077642,121.5286842,18020794.0,10019547.0,16417449.0,16860590.0,21708018.0,21744816.0
臺北市信義區吳興街１１８巷１５弄１０號二樓,25.0294000166605,121.560820034501,13773633.0,7302964.5,10817071.0,11654756.0,15947218.0,22396036.0
臺北市大安區羅斯福路三段５９號二十四樓,25.02314569,121.5257006,68919680.0,24656560.0,57164870.0,70230620.0,92358510.0,101504500.0
臺北市內湖區文德路２０８巷６０號六樓,25.0762699847465,121.583370036252,33520418.0,15175349.0,30603522.0,35284690.0,35837468.0,46087896.0
臺北市中山區民生西路３巷２之２號四樓之３,25.0580600067312,121.521690041535,8173380.5,4963617.0,5880612.0,7575335.5,7806625.0,12346016.0
臺北市大安區仁愛路三段２３號十二樓之１,25.03856898,121.534263,24869196.0,14505021.0,21057356.0,28369568.0,29058680.0,40341290.0
臺北市信義區嘉興街１５１之４號三樓,25.0282299867963,121.557320003192,21127880.0,8344846.0,16023931.0,17572816.0,22356772.0,27932030.0
臺北市信義區虎林街１２０巷１２０號二樓,25.042074,121.574932,17636648.0,12273045.0,16748377.0,17179958.0,24083462.0,29386862.0
臺北市中正區杭州南路一段１４巷１９號三樓,25.0398600031807,121.524049966374,33271932.0,16461630.0,27956974.0,31702916.0,40314670.0,43903790.0
臺北市北投區中山路４７號,25.13876298,121.511686,9205385.0,4647822.5,8316753.0,8687766.0,11698184.0,13269642.0
臺北市萬華區雙園街１５２巷１０號二樓,25.03146699,121.491543,14539506.0,6746187.5,13528730.0,15285622.0,18418260.0,24025698.0
臺北市信義區吳興街２８４巷４２號二樓,25.022623,121.563479,21358386.0,8428731.0,18028598.0,18604224.0,26374840.0,32577466.0
臺北市士林區雨聲街４巷１１號,25.10106051,121.5301397,14828139.0,7665625.5,13584478.0,15005361.0,18706914.0,21493204.0
臺北市大同區民權西路２６８號七樓之６,25.0627400004597,121.512010033015,19036294.0,12508164.0,18853564.0,22585214.0,23763416.0,27207812.0
臺北市內湖區南京東路六段１５９號,25.05666601,121.579563,23132584.0,14150917.0,21060288.0,21156310.0,28145036.0,33065250.0
臺北市南港區忠孝東路六段１５５號四樓,25.04902398,121.586365,15683248.0,7655441.0,13512380.0,13944767.0,18752284.0,26667574.0
臺北市中山區新生北路二段４３號七樓之３,25.0552614897224,121.52781186203,6967235.0,4501277.0,4862494.5,6737861.0,8690053.0,14028721.0
臺北市大安區泰順街１６巷２６號,25.02530801,121.529859,11232110.0,5483565.5,10093664.0,11713188.0,14969400.0,17929494.0
臺北市大安區敦化南路一段１８７巷３８號六樓,25.04243601,121.551223,36666204.0,16889076.0,33511852.0,34769004.0,43790556.0,55514100.0
臺北市內湖區民權東路六段１９１巷１７號三樓,25.06777602,121.598144,27930166.0,17860002.0,27400868.0,28797644.0,35904520.0,40388868.0
臺北市北投區中山北路七段２１９巷３弄６９號三樓,25.1276399870998,121.530809971285,18838214.0,12489356.0,17837670.0,18735910.0,24211086.0,32005728.0
臺北市北投區致遠二路９８號,25.1169500011564,121.512559969683,11928888.0,3196891.2,7262030.0,9842464.0,11398788.0,12931877.0
臺北市士林區仰德大道三段１２５巷５弄１７之１號,25.120811,121.550355,8483302.0,4821641.0,6682972.5,8689274.0,12366214.0,17634698.0
臺北市北投區東華街一段４２４號,25.11136698,121.518168,12401550.0,6155116.0,11688928.0,13041957.0,16330814.0,17485286.0
臺北市大安區光復南路６７６巷１６號,25.03066099,121.556437,13934982.0,5337941.0,10795841.0,11336648.0,14637423.0,19771408.0
臺北市中山區錦州街５０號十二樓之２１,25.0601600087528,121.526100012253,6549226.0,4018248.8,4125269.5,6982254.0,7389077.5,14157478.0
臺北市北投區行義路１８６巷３５號,25.13311999,121.529705,13489925.0,7385886.0,11218428.0,11904340.0,16370296.0,21510716.0
臺北市中山區長春路２６號,25.05482501,121.524488,11388922.0,5759643.0,10325246.0,12449636.0,14990114.0,16593367.0
臺北市萬華區昆明街７９號,25.04282699,121.504884,7333960.0,2126118.2,5118938.0,5683195.0,8008890.0,8267652.0
臺北市南港區昆陽街１４２巷１２號二樓,25.0493999920084,121.593840039146,12414945.0,8161837.0,10261498.0,11466430.0,14701132.0,21835962.0
臺北市萬華區漢口街二段５１號十三樓,25.0458500045565,121.506430032433,14146410.0,9119526.0,12684413.0,16230049.0,16976696.0,18163416.0
臺北市中山區民生東路二段１１５巷２８弄１４號,25.0593099999518,121.531220013989,15610936.0,7708812.5,13961800.0,16762087.0,18398844.0,18463458.0
臺北市中正區中華路二段２９９號,25.02958501,121.504592,6394720.0,1722205.0,4693832.5,5446753.5,7645825.0,7844522.0
臺北市大安區信義路四段２０８號,25.03303001,121.551839,36938770.0,18797190.0,31680550.0,34575896.0,39715856.0,54413056.0
臺北市信義區福德街６５號,25.0367299909875,121.580829984313,14964604.0,8002927.0,13471824.0,14580746.0,19874930.0,24992352.0
臺北市萬華區環河南路二段１９８巷１０號三樓,25.03445099,121.492847,10188014.0,4734871.0,9220726.0,9542136.0,12347382.0,17667152.0
臺北市士林區芝玉路一段２２６號三樓之３,25.10892001,121.534295,49294524.0,18179670.0,43515960.0,49758340.0,52650596.0,56797852.0
臺北市文山區萬寧街１３９號八樓之２,25.00339998,121.570125,9614958.0,5300271.0,6304236.0,8660765.0,10545273.0,18553726.0
臺北市萬華區萬大路３８６號五樓,25.0219016594723,121.498772902012,29257444.0,16503851.0,27506224.0,32454914.0,34149228.0,38987148.0
臺北市南港區研究院路二段５４巷２４號三樓,25.04617799,121.613707,19300074.0,9973101.0,15717567.0,18490560.0,26955536.0,30186982.0
臺北市中山區北安路５９５巷９號四樓,25.0822099880698,121.54806001184,4863329.0,3745694.8,4104608.2,7260576.0,9117682.0,15863155.0
臺北市大安區金山南路二段２號九樓之３,25.03375999,121.527004,35217988.0,15322167.0,32233012.0,34143756.0,43070550.0,50355630.0
臺北市大安區忠孝東路四段１８１巷４０弄２２號三樓,25.04389501,121.549774,15403745.0,6247605.0,12574520.0,13910047.0,19254958.0,24643254.0
臺北市松山區八德路二段３４８號十二樓之１０,25.0477899960465,121.545309993227,13814888.0,8255699.5,12851153.0,13493476.0,16021822.0,23024298.0
臺北市信義區忠孝東路五段４２３巷４弄２９號二樓,25.041449,121.576592,22757316.0,10698922.0,19229488.0,19518156.0,27146232.0,32025208.0
臺北市內湖區金龍路４７巷１０號,25.085253,121.593519,15492523.0,8921025.0,14371267.0,14964204.0,18323408.0,26280134.0
臺北市北投區大度路三段３０１巷８０弄２１號,25.12089599,121.465094,13117573.0,5170311.0,11541846.0,13594976.0,17027838.0,17398922.0
臺北市松山區健康路８巷１號三樓,25.0523099792433,121.552869966977,27159852.0,13109894.0,25272732.0,25869540.0,29473194.0,37214784.0
臺北市北投區知行路３１６巷１７號二樓,25.1225400181126,121.468090033842,12586398.0,5722947.5,9758868.0,10737233.0,13216447.0,17425590.0
臺北市士林區重慶北路四段２０６號二樓,25.0853700074765,121.511629997525,53969944.0,22478160.0,42622224.0,56863324.0,65736908.0,75628960.0
臺北市松山區八德路三段２２５號,25.04825402,121.557022,13470256.0,6785288.5,12487116.0,15536970.0,16977636.0,31051560.0
臺北市中山區南京東路二段１０８號十五樓之１０,25.0517999823446,121.53207002279,20517136.0,10998486.0,17644590.0,21252608.0,25069792.0,27938956.0
臺北市中山區新生北路二段６８巷８號,25.05669011,121.5266692,28535686.0,15512955.0,23218782.0,27488128.0,35242044.0,36784584.0
臺北市大安區羅斯福路三段２６１之１號,25.018985,121.530343,16054094.0,9145899.0,15666386.0,17035536.0,25456716.0,25659508.0
臺北市萬華區萬大路４８６巷７９弄１３號三樓,25.02063301,121.494593,11316988.0,4554402.0,10341368.0,10631792.0,13305834.0,18089428.0
臺北市北投區公路３０７號四樓,25.13289,121.50253,26794016.0,8190148.5,20667920.0,24705236.0,29342558.0,31210276.0
臺北市內湖區星雲街１５０巷４０號,25.07950599,121.596897,13280632.0,7296003.0,11780538.0,12258306.0,15369614.0,20506806.0
臺北市文山區羅斯福路六段２３２巷１３號,24.99291699,121.539818,5123074.5,4428436.5,5253906.0,9901059.0,11780561.0,27760000.0
臺北市信義區吳興街１５６巷２弄３２號三樓,25.029232,121.560919,22200736.0,9720136.0,18024542.0,20872176.0,26696074.0,33643140.0
臺北市內湖區星雲街１６８巷４３號十一樓之３,25.07997998273,121.597330012171,17832398.0,10946876.0,15753102.0,17018130.0,18079218.0,25891704.0
臺北市信義區基隆路一段９７號九樓之２,25.0455500162419,121.567320032775,7823513.5,4912062.0,5641690.0,7662862.5,10365084.0,16684322.0
臺北市中山區松江路２號十二樓之７,25.0467200041966,121.533220019905,7428638.0,4779207.5,5461416.0,9015034.0,9686600.0,20197160.0
臺北市中山區撫順街２３號十三樓之１,25.063625,121.52039,30144980.0,16129568.0,27891516.0,30851668.0,37275948.0,41510864.0
臺北市南港區研究院路二段１８２巷７９弄１０號,25.03700601,121.613655,15217319.0,8427485.0,13569070.0,14322968.0,20034022.0,25944154.0
臺北市內湖區康寧路三段１８９巷１５９弄２７號,25.07524098,121.611731,32246786.0,12204252.0,25390768.0,32977954.0,47781080.0,57256536.0
臺北市士林區天母西路１８之９號六樓,25.11827899,121.5277725,23726596.0,11452245.0,22984502.0,23295036.0,25713058.0,40977900.0
臺北市大安區新生南路一段９７巷１號十二樓,25.04122399,121.533299,66737228.0,26742806.0,58612880.0,74045736.0,84603540.0,98380776.0
臺北市大安區文昌街２７８巷５號,25.03191899,121.55671,29563334.0,13579401.0,25058748.0,29841042.0,32394678.0,44268732.0
臺北市北投區稻香路１６１巷１６弄６之１號四樓,25.14245001373,121.488880003564,19063582.0,10067592.0,16389228.0,21886666.0,23792078.0,24087412.0
臺北市北投區中央北路四段５４１巷１３號十四樓,25.1274000132118,121.468200004412,16518338.0,9278876.0,11575400.0,12635010.0,20029436.0,20557130.0
臺北市松山區南京東路五段６６巷２５號,25.05032598,121.560844,27625468.0,13767592.0,24146384.0,30039200.0,31468504.0,39829644.0
臺北市文山區政大一街１７８號,24.985320006956,121.583580002926,29037238.0,8578448.0,19062454.0,33404768.0,35576760.0,37284410.0
臺北市北投區致遠一路二段７１巷８之１號,25.11246899,121.512677,13334162.0,6286387.5,13068925.0,13820792.0,18226994.0,20503952.0
臺北市松山區南京東路五段２００號,25.05115001,121.564349,24662016.0,14094296.0,22494544.0,25879508.0,28373898.0,37783310.0
臺北市士林區中山北路七段２０９之２號,25.12597098,121.532724,26204154.0,11577388.0,24495684.0,25191302.0,30856728.0,40042012.0
臺北市北投區行義路１８６巷５５號,25.133366,121.530305,7263560.5,3965179.0,4562918.5,7018438.5,8638468.0,15298543.0
臺北市文山區羅斯福路五段２１８巷１８弄３號,25.002318,121.537504,15261966.0,6454057.0,12870532.0,14814456.0,19197788.0,26546944.0
臺北市中山區林森北路２５９巷９號,25.05438199,121.5260639,7400064.5,2863852.5,5186504.5,6220305.0,9673804.0,11726936.0
臺北市南港區經貿二路１５７巷７８號三樓,25.0611699861759,121.617589994156,35549696.0,17192020.0,33516518.0,33937676.0,41755920.0,43643300.0
臺北市士林區中山北路七段１４１巷２３號,25.123019,121.530097,36331284.0,18429822.0,31727476.0,38072750.0,41584880.0,45219068.0
臺北市大安區仁愛路四段３１４號三樓之４,25.03733701,121.555269,42672170.0,17783418.0,37837256.0,37973030.0,50518890.0,74474904.0
臺北市大同區南京西路６４巷９弄６之２號,25.052356,121.518915,12487854.0,5139722.5,11600597.0,12314526.0,17041224.0,18208334.0
臺北市大安區復興南路二段３２９號,25.02372798,121.543584,29524564.0,12820819.0,25441620.0,28836008.0,33325728.0,49111710.0
臺北市內湖區陽光街９２巷２５弄１９號二樓之１,25.07596283,121.584423,21315166.0,12869231.0,18357972.0,19642108.0,23113266.0,28814786.0
臺北市文山區景福街５４巷５弄７號二樓,24.99964099,121.537513,20627750.0,8952149.0,15543728.0,18949822.0,26082286.0,30587240.0
臺北市文山區木柵路一段３３５巷１１弄１１之１號四樓,24.9889000016213,121.556699993814,12345334.0,7170248.0,10666484.0,10979936.0,13402982.0,24768744.0
臺北市萬華區成都路１１０號,25.04364699,121.50181,5414364.0,1927239.2,4101681.2,5025629.0,7469058.5,7917584.0
臺北市內湖區民權東路六段１３６巷３０號三樓,25.06785602,121.587626,21196944.0,9834413.0,18775834.0,20602742.0,25788548.0,32155150.0
臺北市信義區吳興街３４５巷５號,25.02677099,121.565956,17944446.0,7099023.0,14624391.0,16228440.0,19883500.0,27050148.0
臺北市北投區致遠一路二段１１２巷８之５號二樓,25.11317999,121.513201,11589296.0,6462033.0,9351133.0,10874684.0,13863721.0,17622794.0
臺北市大同區延平北路四段２３５巷３之２號四樓之１,25.0759199983794,121.512580002431,13418713.0,6188973.0,12007643.0,14160826.0,15646588.0,21068404.0
臺北市大安區和平東路一段１９９巷４之３號,25.02680402,121.5341,18831460.0,7974829.0,15733464.0,18095536.0,23072700.0,25131552.0
臺北市大安區安居街４號,25.02137401,121.555192,26533680.0,12684122.0,24977342.0,25263236.0,31658140.0,48649744.0
臺北市中正區重慶南路三段１４６巷７號二樓,25.0238799885958,121.516159997096,20120106.0,10072816.0,15700937.0,20759776.0,25264876.0,26258488.0
臺北市內湖區星雲街１６５號九樓之５,25.0812399923248,121.597039998321,17651928.0,10728635.0,15317784.0,16447883.0,17864262.0,24495684.0
臺北市中山區林森北路２８９號六樓之１１,25.05560499,121.52558,16313349.0,9730041.0,14656420.0,17147286.0,18372508.0,25137208.0
臺北市中正區金門街２４巷１４之６號五樓,25.0221199984765,121.522220029273,12059009.0,6137883.0,9369683.0,10851912.0,13008120.0,20266658.0
臺北市大安區建國南路一段３０８號,25.0355673,121.5374273,23360530.0,10739424.0,18265624.0,22163548.0,28558500.0,30949268.0
臺北市萬華區青年路１６８巷２弄４８號,25.0202,121.501607,6886392.5,2465912.5,4790378.0,5988458.5,8406847.0,10554388.0
臺北市北投區幽雅路７號八樓之３,25.13729598,121.513111,17759318.0,12660894.0,17910114.0,20206252.0,20880936.0,34298124.0
臺北市大安區安居街９８巷１９號四樓,25.0196799845526,121.552230008669,19090580.0,8149314.5,13812095.0,15786730.0,21562596.0,26474636.0
臺北市南港區市民大道八段５２９號二樓,25.05435763,121.6138943,25906672.0,20620590.0,28247756.0,28544124.0,35254416.0,42526320.0
臺北市大同區歸綏街１８５號八樓、八樓之１,25.0582499825667,121.512740012963,10468998.0,5824346.5,9676628.0,10498933.0,12493834.0,15041638.0
臺北市文山區景華街１２８巷３６號三樓,24.9946499871997,121.547340006357,13543628.0,7840954.5,11675225.0,12187341.0,15307650.0,23594818.0
臺北市大同區大龍街７９巷１８號五樓,25.06608702,121.516695,6370487.5,2429421.5,5252288.0,6782539.0,8782449.0,13861712.0
臺北市大同區南京西路５７號,25.05304398,121.519385,13589376.0,6577775.5,12567040.0,13255224.0,16993866.0,21058722.0
臺北市信義區中坡南路２２巷７號,25.04307199,121.582465,28628526.0,16157156.0,26156864.0,28305574.0,33551696.0,37481204.0
臺北市中山區民生東路二段１４７巷５弄９號,25.059317,121.535222,25523372.0,8856237.0,19799824.0,22547552.0,29604864.0,32101836.0
臺北市萬華區寶興街８０巷２２號,25.02566802,121.493808,9399809.0,5278721.5,8682763.0,9808169.0,12601171.0,16542489.0
臺北市信義區永吉路２７８巷２弄２０號五樓,25.0451199826994,121.574099986616,20519952.0,10720412.0,16995974.0,18511344.0,22532332.0,27950950.0
臺北市萬華區西藏路４９８號三樓,25.028810014496,121.493860027517,8790913.0,3922172.8,7813984.0,7997960.0,11083797.0,13563818.0
臺北市信義區忠孝東路五段４７３號十五樓,25.04101201,121.577173,56344560.0,26571868.0,54305744.0,57818532.0,69537500.0,88084240.0
臺北市內湖區康樂街２０巷６弄５號,25.06832901,121.617603,17571342.0,12300582.0,14474344.0,17668432.0,19060382.0,24533886.0
臺北市大安區四維路１７０巷３６號八樓之３,25.0281900051181,121.546339961489,17879600.0,9040725.0,15203016.0,16271460.0,20317476.0,22606676.0
臺北市信義區信義路五段１１７號三樓之２,25.03334999,121.5739149,15355842.0,8648723.0,12191689.0,12603791.0,18497402.0,20392796.0
臺北市松山區南京東路五段２３４號十六樓,25.0511200004495,121.565950010701,20672690.0,11504219.0,19300772.0,19596902.0,22902188.0,34966988.0
臺北市大安區瑞安街１７之４號五樓,25.0314299878811,121.54409000722,29854534.0,12663720.0,24736732.0,25011904.0,30151938.0,37616920.0
臺北市大同區迪化街一段３０７巷７號,25.06212031,121.5094404,12040806.0,5944582.0,10417905.0,11279448.0,13957832.0,17012840.0
臺北市松山區八德路四段６３６號十二樓之１１,25.049832,121.574493,20619606.0,10940739.0,18744810.0,19929176.0,20708524.0,38006730.0
臺北市大同區南京西路３４４巷３５號九樓之５,25.052870016104,121.512259981368,6419687.0,3183143.5,3535189.0,5655027.0,6044262.5,9780913.0
臺北市中山區樂群二路３０巷６６號,25.078049,121.553455,132083144.0,18852736.0,69820720.0,85107370.0,146732110.0,197257660.0
臺北市萬華區寶興街１４０巷３３號四樓,25.02381901,121.493709,12161821.0,5575329.0,11460833.0,11566727.0,14278262.0,19941762.0
臺北市松山區南京東路四段９５號,25.05184298,121.554191,24293424.0,14012916.0,24660746.0,24812716.0,27208798.0,33447802.0
臺北市松山區八德路四段６３６號六樓之１,25.0498099928022,121.574339960504,13604626.0,8722426.0,12171870.0,13037455.0,13348717.0,27241460.0
臺北市南港區重陽路１２５巷３６弄１６號五樓,25.0574000156752,121.59686003886,43151380.0,19471342.0,40185240.0,43157060.0,53160996.0,54621440.0
臺北市大安區忠孝東路四段２９９號九樓,25.04161299,121.555322,30127794.0,16432393.0,27057476.0,27459464.0,36251890.0,43116090.0
臺北市北投區大興街２３巷７號三樓,25.13008499,121.497998,14269604.0,7053229.0,12762824.0,13908482.0,17402406.0,25685560.0
臺北市內湖區金湖路３６３巷５１弄２７號,25.07365896,121.6008252,18443326.0,11495270.0,16760520.0,17938422.0,18380990.0,32570072.0
臺北市士林區文林路６６１巷２號,25.100677,121.522143,12244076.0,4250164.0,10696800.0,12206604.0,15310278.0,17617484.0
臺北市大安區通化街３９巷５０弄７３號,25.02908301,121.555117,20571602.0,7624810.0,16903320.0,18639990.0,23003930.0,28877728.0
臺北市內湖區民權東路六段１５０之１號十四樓之１６,25.068799990727,121.589620002354,12330320.0,7754114.0,11659203.0,11677942.0,12974668.0,18579118.0
臺北市中正區廈門街１４０號六樓之１,25.02249702,121.517359,13624387.0,6820549.5,8290478.0,10887738.0,12542997.0,19576318.0
臺北市松山區民生東路四段８０巷１１弄３號,25.05675398,121.553297,30353492.0,14348288.0,27115648.0,31655966.0,34763896.0,43785210.0
臺北市松山區南京東路三段３３５巷２３號五樓之２４,25.05327684,121.5475401,8331494.5,3766065.0,5431120.0,7190209.0,10590585.0,14932470.0
臺北市中山區龍江路３９７巷９號四樓,25.0656600040689,121.541630002457,24256940.0,12508308.0,21965288.0,22906032.0,26539096.0,34168316.0
臺北市南港區東明街２８號,25.05565901,121.604144,43313164.0,20783508.0,41838510.0,49546960.0,57800336.0,62789560.0
臺北市北投區翠嶺路２６之１號,25.1429958,121.5077226,67130440.0,21005168.0,53980756.0,82616904.0,85659620.0,96230740.0
臺北市文山區萬安街４４巷７號三樓之４,24.9989700200963,121.57042997031,14281122.0,10164528.0,14406094.0,15381638.0,16755406.0,29955150.0
臺北市松山區新東街４５巷１４號三樓,25.06137098,121.564463,15937487.0,7591615.0,13448948.0,15022543.0,17948484.0,25575370.0
臺北市內湖區內湖路三段１４３巷２７號,25.087577,121.589006,12685623.0,6542496.5,9985168.0,10753506.0,14219640.0,19547588.0
臺北市大安區敦化南路二段４６號六樓之５,25.0313700153638,121.548420014581,13186634.0,5802912.5,8590507.0,9887773.0,13203270.0,19107120.0
臺北市中正區南昌路一段１２４號,25.0296749,121.5182267,16141447.0,8334467.0,14865972.0,15036217.0,22150276.0,23878730.0
臺北市萬華區康定路１６２號,25.03949698,121.501811,11751790.0,7000396.5,9969069.0,11490053.0,14761120.0,17237892.0
臺北市大安區信義路三段１３４巷７８號,25.02961698,121.538771,32043048.0,13819316.0,27888058.0,32769472.0,36057560.0,49373850.0
臺北市中正區寧波東街９巷８號六樓,25.0326799811016,121.519500017874,9975631.0,5065233.5,8722326.0,10890626.0,11311140.0,13992084.0
臺北市中正區中華路二段７５巷１弄８號三樓,25.03402699,121.5064299,21847584.0,10924204.0,23048464.0,23764050.0,27575720.0,36708960.0
臺北市萬華區富民路１４５巷１５弄３８號,25.01896199,121.499831,9790394.0,5075412.5,9142829.0,10007362.0,13133370.0,17610464.0
臺北市內湖區南京東路六段９３號,25.05537901,121.577008,26177228.0,15387008.0,25078162.0,28073516.0,33247128.0,40792770.0
臺北市文山區景興路１５３巷８號,24.993538,121.545063,10435008.0,5332369.5,7014102.5,10647966.0,13227922.0,25079980.0
臺北市內湖區東湖路１１３巷４９弄１２４號二樓,25.07094002,121.614943,18094916.0,9447566.0,15714120.0,17767280.0,22063164.0,31756718.0
臺北市北投區明德路１８巷１弄７號,25.10708899,121.517985,14218392.0,7133315.0,12995200.0,14126458.0,17593978.0,21112936.0
臺北市大同區延平北路四段９９號二樓,25.070966,121.511014,20853076.0,14194710.0,19933928.0,21222348.0,25429784.0,30961136.0
臺北市中山區天祥路１６巷１５號,25.06133498,121.520499,8872298.0,3668209.0,7180786.5,8212416.0,10836606.0,11761881.0
臺北市文山區興隆路二段２１７巷３號,25.00198398,121.549101,13339478.0,7004096.0,10885288.0,11764843.0,15206264.0,22417832.0
臺北市中山區新生北路一段１１２號七樓之６,25.0463999831334,121.532230033321,8427574.0,5078961.5,6445138.5,8021410.5,10149359.0,16476896.0
臺北市內湖區內湖路三段３２６巷３弄５號三樓,25.0896899984636,121.584060034521,15850875.0,8343246.5,13178462.0,13916708.0,17558376.0,24113156.0
臺北市士林區後港街１６０之１號四樓,25.08715301,121.520477,12091852.0,5370902.5,8863258.0,9265629.0,12802418.0,15459551.0
臺北市信義區吳興街５８３巷３弄３３號,25.02280199,121.569907,17426022.0,7465085.0,14976568.0,16444997.0,21365680.0,32534310.0
臺北市文山區萬慶街１２號三樓,24.9951417015505,121.536470861416,15220976.0,7873099.5,12400201.0,12558078.0,17233222.0,25941532.0
臺北市北投區行義路１４２號八樓,25.129857,121.528211,28202212.0,12412908.0,27721640.0,27724232.0,31221530.0,44238510.0
臺北市中正區中華路一段７號十一樓之２,25.0471300049904,121.510510007623,14434176.0,9123127.0,12989748.0,15974434.0,17919546.0,19675666.0
臺北市松山區八德路四段４４５號十三樓,25.0500200013863,121.570259985314,22439692.0,11141810.0,18399896.0,21747844.0,25905240.0,30036048.0
臺北市萬華區民和街９６號四樓,25.0255,121.497594,41754090.0,20033944.0,41449468.0,43759664.0,45008080.0,48791270.0
臺北市大同區寧夏路３２號,25.05594102,121.515145,8854700.0,3225700.5,7352637.5,7440755.5,10204272.0,11223758.0
臺北市文山區和平東路四段８８巷１８號,25.00524601,121.566927,14693675.0,7316293.0,12515562.0,13467276.0,17584450.0,25190964.0
臺北市信義區莊敬路２８９巷７號二樓,25.029259996968,121.563669965399,17270306.0,9782517.0,13936657.0,14219830.0,18633130.0,31179634.0
臺北市士林區天母北路８７巷２弄１５號,25.12288646,121.5271632,14934094.0,6768911.0,13617918.0,14640941.0,20176520.0,23125614.0
臺北市萬華區青年路９６號,25.0230599870081,121.502579972848,5723739.0,1860294.5,4204932.5,5161251.5,7102490.0,8316562.5
臺北市南港區福德街３５３號二樓,25.03951798,121.588966,17068222.0,8870073.0,14754730.0,15675174.0,20480578.0,28613460.0
臺北市中正區忠孝東路一段８４巷２號九樓,25.0442400085946,121.524060024658,14563098.0,8610807.0,13570339.0,13816126.0,17344748.0,23978682.0
臺北市士林區基河路１２８號,25.08867608,121.5231356,6299068.0,3230173.2,3736237.0,5793948.5,6624625.5,12874853.0
臺北市北投區關渡路６６之１號,25.11922699,121.468737,14360827.0,10120710.0,16372450.0,20003704.0,21577736.0,27577508.0
臺北市南港區經貿二路２４５號六樓之２,25.06045085,121.6147549,17573486.0,12396063.0,17301068.0,17451668.0,23231096.0,33672096.0
臺北市大安區敦化南路一段１３８號五樓之８,25.04442902,121.548503,54937188.0,24106992.0,49804390.0,51673424.0,67479096.0,73303630.0
臺北市大同區哈密街５９巷７８弄５０之１號,25.0757167,121.5144457,16385821.0,8299804.5,15844618.0,17729704.0,21637208.0,26643628.0
臺北市北投區大同街２２８巷８號二樓,25.1392399962709,121.499670027522,8242420.0,2986698.2,4882801.5,6226988.0,8187337.0,9685344.0
臺北市中山區民權東路二段１３５巷３０弄１３號,25.064307,121.534435,19296172.0,7829156.0,16941632.0,17686168.0,22632864.0,27730048.0
臺北市北投區豐年路二段８０號二樓,25.135954,121.4955,10997311.0,5283420.0,8142665.0,9665155.0,12353813.0,13421529.0
臺北市士林區天母東路８巷２１號,25.11721116,121.5324463,8220988.5,3769719.2,5860334.0,8021762.5,10541774.0,15372751.0
臺北市內湖區成功路四段６１巷３２弄２號三樓,25.0810000184369,121.593320025873,14321630.0,8484702.0,12158388.0,13146628.0,15737996.0,22447740.0
臺北市北投區豐年路二段６６號,25.1358200121372,121.495749979045,6251020.0,1689200.5,3586503.2,4319400.5,5767789.0,6873119.5
臺北市萬華區西藏路５３２號,25.02865499,121.492698,8501160.0,3026969.5,6835578.5,7477076.0,9864942.0,10966269.0
臺北市文山區景中街１號十樓之４,24.99302499,121.541465,11741551.0,8114378.0,10348156.0,11120155.0,14200017.0,18583690.0
臺北市中山區南京東路一段１０６號十樓,25.051900020359,121.526369993354,496939680.0,21887458.0,76363560.0,122551336.0,172070220.0,306488100.0
臺北市北投區稻香路１６１巷１６弄８之３號三樓,25.1424000156775,121.488849996351,18831496.0,10075698.0,16164246.0,21673100.0,23405130.0,23848188.0
臺北市信義區永吉路１２０巷５７弄２號,25.043769993374,121.570489984737,22203744.0,9372043.0,17917940.0,19513838.0,24786608.0,29944412.0
臺北市萬華區西藏路５４０號,25.02868701,121.492269,11192802.0,5745045.0,9783562.0,9954686.0,13288486.0,18979484.0
臺北市士林區天母東路５０巷２０號三樓之３,25.117420016377,121.533220019905,11794456.0,8233126.5,10424325.0,12980263.0,15505205.0,19615638.0
臺北市士林區文林路７６５號十樓之５,25.1032924,121.5189652,24478076.0,11868768.0,24597564.0,25004036.0,29326556.0,41025760.0
臺北市信義區基隆路一段３５０號六樓之５１,25.037009988463,121.561729973909,5391414.5,3712659.2,4434657.5,8310743.0,10351176.0,18005574.0
臺北市士林區通河西街一段１０６號四樓,25.085630014113,121.512270039652,14175554.0,7502783.5,11732596.0,14529443.0,15972453.0,21160386.0
臺北市內湖區麗山街３４６號二樓,25.0822899933356,121.572979996713,15985803.0,8756832.0,13207476.0,14820081.0,17392252.0,24668368.0
臺北市信義區信義路五段１２１號十一樓,25.0335499807417,121.573739983874,31492162.0,13483649.0,29294244.0,32716200.0,33092694.0,39446864.0
臺北市萬華區西園路一段２７號四樓,25.04092098,121.500101,16447789.0,6820946.0,13839811.0,15442547.0,20964302.0,21537606.0
臺北市北投區致遠二路５巷９號二樓,25.1141700172397,121.511569983098,9503847.0,3563986.2,7447301.0,9301486.0,10532589.0,10831461.0
臺北市中正區羅斯福路三段２４４巷９弄３號,25.01727098,121.530295,24161496.0,12501439.0,21231984.0,22708666.0,29980244.0,31236242.0
臺北市北投區中山路４７號三樓之１５,25.1388199791027,121.51162002306,11083945.0,5053311.5,8309110.5,10852554.0,12217085.0,13441383.0
臺北市大安區敦化南路一段２３３巷６５號五樓,25.04043802,121.552683,39593400.0,16735540.0,35683864.0,37204988.0,46704336.0,69143120.0
臺北市內湖區成功路四段１６７巷１６號十二樓之７,25.0827400177171,121.595430002359,21110680.0,12656428.0,19423196.0,21914110.0,23074020.0,34970124.0
臺北市士林區承德路四段５５號五樓,25.0813599792688,121.523019998112,18668242.0,11229111.0,16168162.0,19343486.0,20064040.0,23556910.0
臺北市松山區民生東路五段１７１號九樓之３,25.0597599824237,121.564739999159,23609088.0,12645666.0,21967886.0,22787460.0,25206874.0,36305790.0
臺北市中山區長安東路二段１０５號,25.04853599,121.535252,15529119.0,7610019.5,14978368.0,16017422.0,22070150.0,26093630.0
臺北市文山區忠順街一段７０號三樓,24.98423199,121.560808,13242033.0,5765023.0,10265726.0,10683832.0,14231606.0,25492770.0
臺北市中山區中山北路一段１２１巷３３號十三樓之１,25.0509200082398,121.524720015714,15299272.0,9563782.0,14363896.0,17203732.0,18976660.0,22350930.0
臺北市士林區中社路一段６１巷８號,25.107386,121.560801,9936721.0,6181812.0,8424432.0,9736037.0,14087255.0,18044148.0
臺北市士林區承德路四段５８巷３８號四樓,25.08227201,121.521249,14527337.0,7024337.5,13142943.0,13888600.0,18138558.0,25624100.0
臺北市北投區文林北路２２２號,25.108306,121.514262,27073426.0,13072590.0,24680932.0,24704812.0,31978148.0,37284836.0
臺北市文山區政大三街３５號五樓之６,24.985951,121.58191,5556205.0,3286377.2,3303865.2,4931179.5,7057118.0,13331440.0
臺北市中山區新生北路三段４３號,25.065407,121.528041,10265217.0,4432121.0,9322960.0,9332727.0,12282576.0,14710080.0
臺北市大安區羅斯福路二段８５號十三樓,25.0257699820333,121.523600025812,41318756.0,18861332.0,36541510.0,40405356.0,44030256.0,54657184.0
臺北市中山區合江街７３巷３３號四樓,25.0588500011055,121.540240031453,33663104.0,14487878.0,31427596.0,33832136.0,40509690.0,49676410.0
臺北市士林區文昌路２６號,25.09523702,121.521711,10994627.0,5050618.0,10277462.0,11911518.0,14227318.0,14486165.0
臺北市內湖區金龍路２２２巷１６號,25.08794501,121.585376,13166955.0,7578580.0,11011647.0,11077583.0,14347822.0,19620016.0
臺北市南港區重陽路１２５巷３６弄１８號四樓,25.0572299887693,121.596919969468,43117570.0,19046464.0,39950924.0,42451116.0,52659230.0,54059268.0
臺北市大安區忠孝東路四段３１２號九樓之４,25.0411400036147,121.55686997881,24279852.0,12352400.0,21585312.0,23144236.0,24556686.0,34706656.0
臺北市信義區光復南路４４７之２號,25.03533202,121.557696,10236827.0,5063282.5,6687091.0,7877884.0,13263670.0,17364608.0
臺北市南港區經貿一路５９號六樓之２,25.05632998,121.61998,13607714.0,7544025.0,12837360.0,13182811.0,17619400.0,24945968.0
臺北市萬華區成都路１０６號,25.04355998,121.5021,12261556.0,6606739.0,10792938.0,11540591.0,13822373.0,15769215.0
臺北市中正區汀州路二段８５號六樓之６,25.0254399865053,121.517690029702,14091984.0,6766574.5,11598540.0,13943304.0,15529297.0,19390622.0
臺北市中山區民生西路３巷２之２號五樓之１,25.05814001,121.521669,18804612.0,11571648.0,17565478.0,17606164.0,20576900.0,29971496.0
臺北市大安區復興南路一段１３７號十六樓,25.04239,121.544031,34639990.0,16127476.0,30491362.0,34908280.0,40639780.0,49774480.0
臺北市大安區敦化南路一段２７０巷６號五樓之１,25.0389200146491,121.548009971878,33817748.0,15012632.0,31527500.0,33360770.0,39192104.0,47958576.0
臺北市中山區敬業三路１６２巷７５號,25.07865539,121.5586249,27612088.0,14308442.0,23569900.0,26716500.0,33421910.0,37744924.0
臺北市大安區辛亥路一段８９號十四樓之２,25.0217099976827,121.53099998903,38061572.0,15477844.0,31933958.0,37964852.0,53271530.0,60577468.0
臺北市文山區木新路三段２３２巷６弄１４號二樓,24.9819299881262,121.559610022958,12285528.0,7443473.5,11018265.0,11211177.0,13260230.0,23009460.0
臺北市文山區福興路７８巷１弄６號,25.00461498,121.551112,14281776.0,7191971.0,12048318.0,12739038.0,16560231.0,24108556.0
臺北市萬華區中華路二段５０４巷４號,25.02591201,121.507636,9562031.0,4096267.0,7702000.5,8164951.0,11229604.0,13721872.0
臺北市信義區吳興街１５６巷２５弄５之１號,25.02851099,121.561149,20608598.0,8344615.0,16468225.0,20256572.0,24460668.0,32578708.0
臺北市中山區基湖路１５７巷７號十二樓,25.07680701,121.564195,72920424.0,17180056.0,46320640.0,74200970.0,79535300.0,102508030.0
臺北市內湖區康寧路三段７５巷１８６弄１０２號,25.07609698,121.613201,32211502.0,13110594.0,24132296.0,28381042.0,42147360.0,52125310.0
臺北市中山區合江街３９號六樓,25.0557100144474,121.539200004907,25553964.0,10954730.0,17617284.0,17842638.0,27741952.0,27808224.0
臺北市松山區南京東路五段２３９號,25.05161642,121.5649724,14354584.0,6818059.0,12420724.0,13169441.0,17675040.0,23000158.0
臺北市大安區光復南路７２巷２３弄３１號五樓,25.04424202,121.556218,20846554.0,9815861.0,17175796.0,17733864.0,23425540.0,27378874.0
臺北市南港區經貿二路１８５巷５２號,25.06159,121.6165205,32896662.0,19964976.0,31627480.0,35925960.0,46412704.0,48010744.0
臺北市中山區雙城街４３巷１號,25.06755498,121.524483,8172320.5,4474727.5,5823363.5,8012786.0,10950301.0,15472413.0
臺北市大安區復興南路一段３２１號,25.03401379,121.5438438,30679908.0,13423500.0,24876548.0,29310508.0,31087592.0,45117840.0
臺北市信義區吳興街３５０巷１１號五樓,25.02530001,121.565973,21125784.0,8486879.0,17359940.0,18930062.0,25205048.0,32064508.0
臺北市士林區延平北路六段３９２巷６號,25.09155501,121.501035,18546226.0,11829534.0,17059110.0,19995656.0,24561230.0,26905248.0
臺北市內湖區內湖路三段３８號二樓,25.090833432636,121.580888172902,47545170.0,19244494.0,40482344.0,40990956.0,52474548.0,56314696.0
臺北市信義區吳興街１５６巷２２弄１７號,25.02878399,121.560262,21122440.0,8915514.0,16567877.0,19912724.0,24116282.0,31519864.0
臺北市萬華區成都路１３９號,25.04350601,121.503248,27701924.0,17230002.0,25741176.0,28935178.0,30766460.0,34234070.0
臺北市松山區民權東路三段１０３巷３號十二樓,25.0639399956278,121.545260037084,20888584.0,11054050.0,17157722.0,21604670.0,23450932.0,31542176.0
臺北市信義區信義路六段１２巷２３號三樓,25.0328699988466,121.575189969305,22315744.0,8954267.0,16726923.0,17686572.0,24405632.0,29696878.0
臺北市大安區仁愛路四段２６６巷１５弄１６號五樓,25.036540015152,121.553879986309,31402730.0,14150944.0,28420696.0,28920226.0,34412404.0,43430220.0
臺北市大安區四維路２０８巷１８號五樓,25.026254,121.547091,27232784.0,13720772.0,23423618.0,27935492.0,31674026.0,41541750.0
臺北市萬華區萬大路１７２號二樓,25.0281999795829,121.500360025792,11176568.0,4900804.0,8012519.0,9089674.0,12604921.0,13072440.0
臺北市松山區撫遠街２６１巷１０號,25.06123901,121.567313,23024474.0,9162905.0,20060750.0,20718360.0,26367296.0,30890294.0
臺北市中山區林森北路３５１號十五樓,25.0569699821328,121.525619980658,61681948.0,25956726.0,51121410.0,78539590.0,93643300.0,100741660.0
臺北市中山區松江路１０８巷７號五樓,25.05149999403,121.532059964506,36160388.0,16168131.0,33334692.0,37367850.0,45205440.0,59483576.0
臺北市中山區龍江路３９４巷２０號五樓,25.0671200058735,121.540299962061,16903868.0,8279716.5,13572202.0,14909532.0,19198886.0,24821238.0
臺北市內湖區康寧路三段１８９巷８３弄４號,25.07263098,121.61233,23077892.0,9457519.0,17239008.0,19885738.0,25906870.0,31363462.0
臺北市內湖區民權東路六段１４６號七樓之２４,25.0688100071013,121.589750005673,11453141.0,7415239.0,10680043.0,10779113.0,12176049.0,17431242.0
臺北市北投區中央北路四段５８３巷１１弄４１之２號,25.12548898,121.466239,12159409.0,7407443.0,10235422.0,13172657.0,15656469.0,16492554.0
臺北市士林區環河北路三段２０３號八樓,25.0879499991834,121.504140012667,31611558.0,17074474.0,27842510.0,32091062.0,34079800.0,35027400.0
臺北市北投區行義路１４２號六樓,25.129857,121.528211,14044142.0,8098267.0,11433912.0,13098472.0,16612335.0,21261608.0
臺北市信義區吳興街６００巷７６弄７６號四樓,25.0186299835418,121.570069967569,30866028.0,13043300.0,23553586.0,32475968.0,38857600.0,47831230.0
臺北市萬華區峨眉街１２２號,25.04452499,121.502306,8795223.0,3615356.5,7592216.0,8442745.0,10192601.0,10611654.0
臺北市信義區嘉興街３２２號三樓之２,25.0232800119665,121.554300003478,15997942.0,9113266.0,12858362.0,12999514.0,18313976.0,24146568.0
臺北市大安區羅斯福路二段１０１巷４１之１號四樓,25.024769979075,121.526469989459,23913734.0,8969822.0,16567845.0,20389956.0,25219330.0,28270072.0
臺北市松山區慶城街４６巷９號四樓,25.05517198,121.547369,4445447.0,4696940.0,5046824.0,8896743.0,11732820.0,23107096.0
臺北市文山區木柵路三段８７號十二樓,24.98888479,121.5678311,32584114.0,12090676.0,29662176.0,31819592.0,39707900.0,43879430.0
臺北市文山區興隆路二段９６巷１之１號,25.00034398,121.550262,13112845.0,6941561.5,10768633.0,11706108.0,14810332.0,22231288.0
臺北市文山區興隆路四段１２０之１號五樓,24.9827600060882,121.562179998291,12848824.0,7718258.0,11490075.0,12132767.0,14263319.0,23497228.0
臺北市萬華區青年路１５２巷２４號十二樓之２,25.02051101,121.501431,28721176.0,12563062.0,28130868.0,30748860.0,33427904.0,35916024.0
臺北市內湖區民權東路六段２０６巷１２１弄３８號二樓,25.0650500110654,121.59697000943,44525652.0,19500108.0,37389810.0,43260736.0,49163444.0,57294336.0
臺北市內湖區金湖路７７號二十四樓之２,25.0814404,121.597185,32692060.0,19282486.0,32208122.0,34285304.0,41534860.0,45188290.0
臺北市北投區中和街５１７號三樓,25.1452999865382,121.493930016409,12162934.0,5444733.0,8840844.0,11045430.0,14179529.0,15707497.0
臺北市內湖區文德路２１０巷３０弄８３號十二樓,25.076410004439,121.584060034521,26135520.0,12512698.0,21960512.0,23420536.0,28711810.0,30697878.0
臺北市信義區吳興街５２４巷２１之１號,25.021976,121.568155,14727401.0,10589373.0,12083944.0,14212373.0,20934572.0,26293020.0
臺北市信義區忠孝東路五段３７２巷２７弄８２之１號七樓,25.03935701,121.575757,28512508.0,15397988.0,28780236.0,29718352.0,33923630.0,48876030.0
臺北市信義區吳興街６００巷７６弄８８號四樓之１,25.01844101,121.569885,9333226.0,4016153.2,6296773.5,8095031.5,11574849.0,16641289.0
臺北市松山區市民大道四段３９之３號九樓,25.04515104,121.5448219,387944500.0,18797978.0,83076900.0,119676370.0,212528620.0,358291500.0
臺北市信義區吳興街１５６巷２弄１０號二樓,25.029259996968,121.56132998949,15925667.0,7983762.5,13948491.0,14008961.0,18621796.0,23781780.0
臺北市北投區致遠一路一段４７巷１號一樓,25.1082099811678,121.515920023208,15069838.0,7796328.0,12505827.0,16386040.0,17847266.0,22454592.0
臺北市松山區八德路三段１６５號,25.048187,121.555411,37390664.0,21403694.0,36712810.0,39926092.0,43309450.0,49160910.0
臺北市信義區吳興街２２１號,25.02795192,121.5630516,27988400.0,12832513.0,23019468.0,23627558.0,30365016.0,42411700.0
臺北市萬華區興義街１２號,25.02660101,121.491552,10178496.0,4428804.0,9295083.0,9551277.0,12420203.0,16210187.0
臺北市中山區林森北路４０９號十一樓之２９,25.059579981053,121.525679995085,5976745.0,3809927.5,4203778.0,6012459.0,7803141.5,12897096.0
臺北市文山區羅斯福路五段１０８號,25.00679901,121.538636,13996408.0,6115260.0,11832377.0,11859151.0,16267488.0,26142850.0
臺北市士林區小西街４５之２號,25.09012401,121.523425,15385834.0,7080571.0,15481032.0,15676161.0,21623386.0,33042238.0
臺北市信義區吳興街６００巷３７弄７號二樓,25.0209399941475,121.570099974782,17382238.0,8315555.5,13668584.0,15067308.0,21433024.0,27809816.0
臺北市士林區通河街３２３巷１７號,25.0811899942724,121.518489998541,4888071.0,1870434.5,3471367.8,5823341.5,6835624.0,8856161.0
臺北市松山區光復北路２２８號十七樓,25.055990011923,121.555450000593,31371000.0,14810219.0,29266598.0,31044514.0,35706196.0,41539296.0
臺北市大同區甘州街１５之１號八樓,25.05863098,121.512946,20058912.0,11800441.0,19359136.0,20350908.0,25754436.0,32867372.0
臺北市文山區木新路三段５０巷１０弄１７號二樓,24.9833599827175,121.564709991945,11676984.0,7225865.0,9739900.0,9754216.0,12028112.0,20644398.0
臺北市士林區中山北路六段２３６巷７號五樓之２,25.1084399805909,121.526179975609,28327718.0,12598864.0,25224140.0,25623660.0,27141830.0,35617092.0
臺北市文山區指南路三段５７號四樓之６,24.9834500043576,121.580079971617,9275071.0,6617642.0,6750403.0,9281708.0,9809628.0,15927672.0
臺北市中正區羅斯福路三段１００號,25.021415,121.527044,10429954.0,5066818.5,6804787.5,8838088.0,12615360.0,17201304.0
臺北市大安區復興南路二段１９３巷１３號,25.02674132,121.5445561,18424058.0,8714877.0,16448071.0,19863752.0,23129142.0,34300216.0
臺北市文山區興隆路三段３２９號三樓,24.99144429,121.5589465,27759948.0,11206132.0,23924592.0,24753676.0,32725750.0,37458976.0
臺北市中正區中華路二段１０５之２號七樓,25.0330899818954,121.505290009782,11485057.0,6656937.0,10417965.0,11847395.0,15146605.0,17299814.0
臺北市松山區三民路１５５巷３１號四樓,25.0613199803332,121.561480025557,21598820.0,7883175.0,17938594.0,21370774.0,24645746.0,32806808.0
臺北市松山區八德路四段４４５號十四樓,25.0500200013863,121.570259985314,25965442.0,12446954.0,24911542.0,26909354.0,27255182.0,34843690.0
臺北市松山區八德路四段６３６號十二樓之２,25.0495700189143,121.57448999657,13310302.0,8563661.0,13060104.0,13328771.0,15429092.0,22738484.0
臺北市北投區立農街二段２９７號四樓,25.118712,121.516103,6170479.5,2439667.2,4450906.5,6731490.0,10351887.0,15346619.0
臺北市士林區葫蘆街１３５巷１５弄２號,25.0848,121.507861,11609784.0,5554260.5,9785858.0,10784172.0,13762630.0,13799640.0
臺北市南港區經貿二路２３５巷２２號五樓,25.06115498,121.614887,23773980.0,15225738.0,19449776.0,24340176.0,34652548.0,35102976.0
臺北市南港區成福路７４巷８號二樓之５,25.0439800019581,121.586270007112,23356252.0,12440498.0,22404112.0,23228482.0,25396192.0,31617468.0
臺北市大安區復興南路二段２３６號五樓之４,25.02510702,121.543097,35507884.0,17135092.0,40283776.0,42155480.0,43748564.0,66298250.0
臺北市內湖區民權東路六段１８０巷４２弄１５號十四樓之３,25.06759199,121.591999,19319298.0,11553718.0,18733658.0,19283700.0,24054908.0,31031430.0
臺北市松山區八德路四段７７７號,25.05121602,121.578245,29367026.0,17613352.0,28714658.0,29252870.0,36035148.0,41403324.0
臺北市松山區民生東路五段１６５號,25.05921101,121.564127,27685760.0,14049581.0,27535198.0,30645636.0,32295044.0,47241350.0
臺北市信義區信義路五段１５０巷１８號,25.02801901,121.569029,20950312.0,10353545.0,17747026.0,19458496.0,26401920.0,32502924.0
臺北市士林區前港街１１０巷２０號二樓,25.08439209,121.5183366,15136844.0,7322554.5,14040954.0,14586143.0,19147578.0,27464232.0
臺北市大同區民權西路１６０巷２６弄１號十八樓,25.0616125506636,121.515490031576,50273004.0,24792848.0,48688736.0,55057400.0,72776060.0,86105820.0
臺北市北投區中和街４９３巷７弄１５號三樓,25.1440699841567,121.49535996909,12776244.0,5868449.0,9943850.0,12092452.0,15577058.0,18512120.0
臺北市萬華區康定路２４號八樓之６,25.0375999906275,121.501529971837,4557786.5,1995412.8,2819901.5,5130423.0,5666953.0,8209761.5
臺北市士林區華齡街４０巷１弄１號二樓,25.0833800179341,121.519769998975,9060422.0,4179784.2,6254717.0,7794424.5,9407055.0,12903346.0
臺北市信義區松山路１１９巷２０號三樓,25.0473299972002,121.57914999946,22664702.0,9154032.0,18039572.0,20745962.0,25984764.0,32154292.0
臺北市北投區大業路６５巷６０號,25.12312,121.496927,9734942.0,3566067.0,7384414.0,8458574.0,9282593.0,11085150.0
臺北市中山區中山北路一段６６號八樓,25.0486400048475,121.520780018308,27147216.0,15526394.0,25662936.0,28018044.0,33027808.0,40222350.0
臺北市北投區永興路二段３８號,25.14006201,121.502358,17963724.0,12618584.0,16004870.0,17598812.0,23720216.0,25877732.0
臺北市大安區信義路二段１９８巷４２號六樓之５,25.0302100018739,121.531410031734,13359390.0,5546077.5,9991646.0,10988316.0,14055531.0,17994794.0
臺北市士林區承德路四段１９５巷１２號二樓,25.088249987498,121.523050005326,52017350.0,21855588.0,40389024.0,58306810.0,68777464.0,72542680.0
臺北市北投區榮華一路８號九樓,25.1122799818927,121.524019959161,26911920.0,14018690.0,28245548.0,30865912.0,32921016.0,34330060.0
臺北市中山區新生北路二段６８巷８號十二樓,25.0566800101924,121.526850024949,26179724.0,13379228.0,22326558.0,24200052.0,31038000.0,31402730.0
臺北市北投區公館路２０９巷１６弄８號,25.127305,121.508814,13877849.0,6947959.5,13153150.0,15470495.0,19272632.0,21708142.0
臺北市松山區復興北路２３１巷１５號,25.05711801,121.545484,22858024.0,8273188.5,18218826.0,21178718.0,25874080.0,31266224.0
臺北市南港區重陽路２號三樓,25.0555399875415,121.596010030059,16282854.0,8227224.0,13064414.0,14138858.0,18312088.0,25479644.0
臺北市信義區虎林街１６４巷１號四樓,25.0387799949566,121.575979963679,16893328.0,8384236.5,13987842.0,14699786.0,18936308.0,24764208.0
臺北市大同區承德路二段１０９巷１號八樓之１,25.05663001214,121.519059967957,17326860.0,10673404.0,16118804.0,17088288.0,21086896.0,24483914.0
臺北市松山區復興北路１９１號九樓,25.055182,121.544327,39119884.0,15705879.0,38149880.0,38524336.0,50809464.0,77218480.0
臺北市信義區忠孝東路五段３７２巷２７弄３８號七樓,25.0395800057052,121.574849999312,27267504.0,13159649.0,26014320.0,26946128.0,33042428.0,46476490.0
臺北市萬華區青年路６２號七樓之３,25.024649992131,121.502279984533,15128012.0,10700841.0,14184371.0,15125328.0,17709492.0,26833448.0
臺北市士林區中山北路六段２３６巷９號,25.10826391,121.5261397,28800390.0,18572810.0,29853566.0,33841236.0,37056828.0,43827572.0
臺北市士林區華齡街１８５巷１號二樓之１,25.0879399828091,121.519219978489,17384890.0,10408272.0,14651948.0,18504990.0,20207100.0,20367528.0
臺北市內湖區康寧路三段７０巷１７５號五樓,25.06674399,121.60759,24944016.0,15401101.0,23122836.0,27589662.0,30329360.0,39964184.0
臺北市信義區中坡南路２０１巷８號,25.04150399,121.585783,35028068.0,16392699.0,32331530.0,37940310.0,43100628.0,60974844.0
臺北市內湖區成功路五段２２號六樓,25.0845300150498,121.601539990679,26371420.0,14136404.0,23266660.0,25768980.0,27404788.0,35157050.0
臺北市文山區光輝路３０巷３號三樓,24.9861900065961,121.553670019635,12390036.0,7666108.0,10858786.0,11391334.0,13848287.0,23843504.0
臺北市士林區德行東路３１號四樓,25.1077642,121.5286842,13782016.0,5807696.0,11357749.0,11808028.0,17638028.0,19356478.0
臺北市北投區翠嶺路１４號,25.1426699967788,121.506479988576,12974792.0,4817541.5,8903533.0,11937468.0,15058144.0,18009010.0
臺北市松山區八德路四段６４２號,25.04981498,121.57484,14502752.0,6750783.0,13074660.0,14174040.0,18848422.0,26321068.0
臺北市文山區木柵路四段３３巷９號,24.99418999,121.571,13677476.0,8534335.0,12678535.0,13458263.0,17061192.0,21846668.0
臺北市文山區興隆路二段３０１巷１８號五樓之１,25.0027300161322,121.554119960197,21212434.0,10661481.0,16772288.0,18672266.0,24492882.0,32034922.0
臺北市信義區松仁路２０２巷２弄１號,25.0275300140621,121.567790006086,24807890.0,9317147.0,18018080.0,20268244.0,25100462.0,36195372.0
臺北市士林區天母東路６９巷１１之９號八樓,25.1192199881744,121.533870036497,37053224.0,16797100.0,34340476.0,42555370.0,42638892.0,63797332.0
臺北市信義區信義路五段１５０巷３３０號二樓之２,25.02272014,121.5792499,10439129.0,7599097.5,9054704.0,10899208.0,14521962.0,23197356.0
臺北市北投區致遠一路一段７９號四樓,25.109005,121.515562,22467874.0,11945668.0,20847190.0,22435414.0,29458076.0,29979614.0
臺北市信義區和平東路三段３９１巷２０弄７２號,25.02144601,121.560605,18894962.0,8469519.0,14983768.0,16049930.0,20103994.0,24108280.0
臺北市大同區重慶北路一段２９號,25.05047602,121.513808,6423624.5,3926128.2,5915971.0,8252881.5,11001382.0,16981522.0
臺北市中山區民權東路二段１５２巷６號三樓,25.06153301,121.534991,32015070.0,9100447.0,20916772.0,26109960.0,26853212.0,31364718.0
臺北市文山區溪口街８１巷５號,24.99529699,121.538764,1976988.0,2108577.0,2410853.5,5236933.0,7441046.5,14765203.0
臺北市內湖區環山路二段５０巷１０弄６號,25.08711202,121.573568,63318730.0,20772094.0,51808624.0,76598424.0,98382660.0,111577020.0
臺北市信義區松德路２００巷５９號三樓,25.03457002,121.57217,38507584.0,15533800.0,33337806.0,35609550.0,41247100.0,42329916.0
臺北市中山區南京東路二段１０８號十七樓之１７,25.0517999823446,121.53207002279,13093451.0,7749915.0,12263872.0,12487259.0,15275333.0,21594082.0
臺北市文山區萬美街一段８５號二樓,25.0017500040129,121.56645996569,11917404.0,7742609.0,10793020.0,11391920.0,14115873.0,22203320.0
臺北市中山區新生北路三段３巷５０號,25.06306618,121.5294821,6455867.0,3087569.0,5035339.0,7890199.5,10899852.0,16744480.0
臺北市南港區中坡北路９６號五樓,25.0481499987879,121.580379959932,20961024.0,11614457.0,19109014.0,19360798.0,23275272.0,32782476.0
臺北市大安區嘉興街３２３巷３號十四樓之２,25.02237431,121.5534248,37371340.0,15891076.0,31019596.0,34731750.0,47380680.0,51190292.0
臺北市中山區新生北路二段７４號,25.05713498,121.527173,7336394.5,3371503.0,5624660.0,6755516.5,10230698.0,13567233.0
臺北市內湖區康寧路三段５６巷４３號四樓,25.0701599964267,121.609259974961,14509476.0,8452018.0,12361638.0,13279770.0,16190504.0,25067402.0
臺北市士林區德行東路３５３巷１號二樓,25.11065,121.538322,16675796.0,7442153.5,15088820.0,16144495.0,20614612.0,31266702.0
臺北市南港區忠孝東路六段１３０號三樓之５,25.047930015739,121.58535000942,12672757.0,8195415.0,12224334.0,12345545.0,14680509.0,20994512.0
臺北市南港區研究院路三段３之１號,25.0356200174594,121.616999991991,24311084.0,12602565.0,22640248.0,25834630.0,29590412.0,35807544.0
臺北市信義區忠孝東路五段３７２巷２７弄２號二樓,25.0395699893309,121.574540036532,25355536.0,12641759.0,22291708.0,22431520.0,26873398.0,36055292.0
臺北市大安區復興南路二段１５１巷３０弄５號,25.0279582,121.5455296,29700050.0,12781948.0,23465250.0,26993454.0,30718612.0,42470550.0
臺北市萬華區西園路二段３７２巷１０１弄１９號四樓,25.02736699,121.490121,3428753.2,1492953.5,2393137.0,4076108.5,5935954.0,7820828.0
臺北市大同區承德路三段１４３巷１７號,25.06776801,121.519282,11340367.0,4259541.5,9814550.0,11779236.0,13708190.0,15239161.0
臺北市文山區興德路２０巷２８號六樓,25.00104968,121.5561924,8462220.0,7090856.0,7987662.0,10972295.0,12652590.0,18609830.0
臺北市松山區興安街１５５號四樓,25.0562900002377,121.545400014867,25875314.0,12588487.0,23640136.0,23952398.0,28401836.0,36123230.0
臺北市中山區興安街７７號二樓之３,25.05640508,121.5432426,26537072.0,13371932.0,23424914.0,28957594.0,29007068.0,39522400.0
臺北市松山區南京東路五段２９１巷１９弄３１號五樓,25.0524999969883,121.567279967278,24470376.0,12435231.0,21783588.0,23150636.0,26273368.0,35505580.0
臺北市北投區東華街一段４３８巷９號二樓,25.112075,121.518152,11362624.0,6040782.0,9853001.0,10840700.0,13460984.0,14254942.0
臺北市文山區羅斯福路五段２３６巷３號,25.00137102,121.538599,19231724.0,6714903.0,14157802.0,16643257.0,22757706.0,31725056.0
臺北市松山區民生東路四段８０巷１弄６號三樓,25.05755399,121.553345,23117368.0,9253620.0,20279148.0,22913896.0,26874218.0,34837440.0
臺北市松山區延壽街３６６號,25.056362,121.558536,21574404.0,8275540.5,18782424.0,20299194.0,24947918.0,29843432.0
臺北市士林區重慶北路四段８１號四樓之８,25.0816400186539,121.512199966941,10415799.0,5882098.0,9255279.0,10629968.0,12175282.0,13427546.0
臺北市中正區羅斯福路一段９巷１３號,25.033604,121.518407,24497648.0,8411081.0,18839112.0,20981464.0,27052160.0,32509620.0
臺北市大安區臥龍街１９５巷１號,25.018072,121.552555,16250338.0,7075596.5,14678353.0,14976282.0,21087500.0,28715042.0
臺北市中正區羅斯福路二段１４０號十一樓之２,25.0258900108868,121.523050005326,39643200.0,16094841.0,33955676.0,38599504.0,41274096.0,43390976.0
臺北市內湖區文德路２０７巷５弄６號,25.0789799797717,121.587060001486,17763926.0,9168989.0,14829921.0,17050002.0,20905444.0,28865338.0
臺北市士林區福港街３７巷６號,25.0906500197438,121.518520005754,11187402.0,5686008.5,8737471.0,11430662.0,12986206.0,15019506.0
臺北市內湖區陽光街１６１巷１２之３９號四樓,25.0745200110015,121.585129984461,12685623.0,7746516.0,11717210.0,11808862.0,14351572.0,19413306.0
臺北市文山區政大二街２１５巷１２號八樓,24.9888600199431,121.587550007546,16767075.0,11053396.0,15622403.0,20869470.0,21217208.0,30417244.0
臺北市大安區信義路四段２６５巷２１弄２３號二樓,25.0339500070708,121.555589978376,37766600.0,11208910.0,23009020.0,29693932.0,36388360.0,44211016.0
臺北市中正區青島東路４號二樓之２,25.0438800058532,121.521479991042,30532974.0,15896654.0,27927396.0,29788042.0,36856780.0,44587012.0
臺北市中正區寧波西街４２號七樓之１,25.03087498,121.517978,30481536.0,12941352.0,28049536.0,28137040.0,37894096.0,42621980.0
臺北市中正區延平南路２４８巷４號五樓,25.0333199813186,121.507090023489,32372996.0,15077083.0,26583476.0,31061808.0,40316596.0,45116548.0
臺北市中正區廈門街８１巷２２弄２號,25.0241599860714,121.519570006765,22562738.0,9329452.0,16715952.0,21663182.0,28373032.0,32509868.0
臺北市文山區興隆路三段２５５巷３５號,24.9923499929683,121.560140010696,18533318.0,8441594.0,14062020.0,14303612.0,20723618.0,26408870.0
臺北市中山區新生北路三段１２號十一樓之１,25.06331999,121.527367,17153370.0,10872133.0,17499566.0,17618190.0,21805080.0,23690780.0
臺北市士林區德行東路１９０巷３１弄１３號,25.10764412,121.5322501,16194118.0,7416859.0,15077227.0,15790585.0,21676076.0,24600472.0
臺北市南港區重陽路１２５巷３６弄１６號七樓,25.0574000156752,121.59686003886,49747904.0,21389042.0,42381700.0,50570944.0,57981756.0,68626250.0
臺北市內湖區民權東路六段２９６巷６０號二樓,25.07081102,121.608313,20212496.0,10393711.0,17164040.0,20247262.0,25597672.0,31390034.0
臺北市大安區信義路二段６６號,25.03433208,121.5261752,58575440.0,21052416.0,64677650.0,69569620.0,105679310.0,166062620.0
臺北市文山區汀州路四段２８９號九樓,25.00148295,121.5355503,32516380.0,18070876.0,31837866.0,32604008.0,39767476.0,45401764.0
臺北市北投區公路２０９巷２５之１號四樓,25.1323027,121.5026806,18354610.0,12725026.0,15599714.0,16500106.0,22435414.0,25912998.0
臺北市萬華區東園街６６巷５３弄２７號五樓,25.025723,121.495124,10196859.0,5115448.5,9384940.0,9454615.0,12420369.0,16147329.0
臺北市士林區天玉街１０號三樓,25.1236558301448,121.531498430005,18195628.0,8852960.0,14831448.0,18158046.0,25080410.0,27765560.0
臺北市信義區忠孝東路五段７９０巷７０弄１號三樓,25.04025102,121.583542,14323897.0,8195993.0,12105190.0,12518977.0,18845654.0,22116588.0
臺北市大同區蘭州街３０號,25.0623799977183,121.514399965068,14808693.0,7113824.5,11700684.0,12434188.0,13889474.0,17281510.0
臺北市北投區中山路２８之１５號,25.1374,121.510205,5829648.0,2266440.0,4132956.2,5493432.0,7763511.5,9484543.0
臺北市大安區和平東路三段３０８巷１６號三樓,25.0201000017208,121.555919973904,37668760.0,15307620.0,30484326.0,38638468.0,41592256.0,50322124.0
臺北市北投區珠海路１２６號,25.14219801,121.506743,11599823.0,7634611.0,9928328.0,11257396.0,13524086.0,15191306.0
臺北市北投區大屯路２１巷１０號二樓,25.1433799858873,121.500190040795,11213872.0,5372239.5,7797302.0,10193962.0,11783550.0,12442776.0
臺北市松山區富錦街５６２巷９號三樓,25.06214899,121.567403,19813084.0,8818782.0,18272140.0,19053294.0,23451736.0,32676100.0
臺北市內湖區內湖路二段１０３巷１０３號,25.083772,121.581131,29390056.0,14829977.0,27661428.0,28191726.0,32237316.0,43729124.0
臺北市中山區中山北路二段１１５巷３８號二樓,25.0607800181307,121.525010029564,14918749.0,8263324.5,12573777.0,14721447.0,16772928.0,21094218.0
臺北市北投區光明路６８號十六樓之３,25.1327700052097,121.50021996419,19520576.0,10883461.0,17974520.0,23718496.0,24749570.0,27299664.0
臺北市信義區松信路８３號八樓,25.0460300059272,121.572259991231,24091318.0,12508546.0,22520516.0,22619184.0,26253732.0,36393148.0
臺北市中山區中山北路二段１６８之３號,25.06339098,121.522246,15392732.0,11134098.0,15310365.0,16651068.0,21121152.0,23855422.0
臺北市北投區大業路５５６號,25.13528701,121.496933,9964469.0,3525913.0,7126148.5,8144793.0,9557983.0,11296522.0
臺北市北投區崗山路８巷１６號六樓,25.140952,121.486647,21256904.0,13565060.0,20661692.0,21345476.0,27387492.0,28867706.0
臺北市文山區萬隆街６０號三樓,25.0008100154814,121.537160017312,19020252.0,10052836.0,15197508.0,16964816.0,22822040.0,32621052.0
臺北市松山區健康路１６８之１號八樓,25.05359099,121.558344,29653918.0,15334915.0,28894642.0,32114208.0,34983332.0,46048532.0
臺北市中山區撫順街４１巷３號,25.06421199,121.519352,9348334.0,4009911.2,8525533.0,8809292.0,11005789.0,12047008.0
臺北市中山區中山北路二段６５巷２弄１７號三樓,25.0567300082449,121.524569979647,15428062.0,7756880.5,13191766.0,15584042.0,18286574.0,23015340.0
臺北市士林區忠誠路一段１７１巷６號六樓,25.1071699965313,121.530679967967,22733758.0,13501534.0,20835026.0,24943540.0,27321022.0,32524568.0
臺北市大安區和平東路三段２９８號,25.020595,121.556248,12499770.0,5186396.0,10283403.0,11073696.0,17051432.0,21891800.0
臺北市大安區延吉街７０巷２弄１６之１號,25.04310799,121.553725,20128282.0,9020091.0,16722298.0,17596060.0,22582672.0,26632144.0
臺北市文山區新光路一段３２巷４弄３號,24.98943401,121.573129,10387389.0,6572696.0,8117923.0,9140527.0,10271915.0,17341176.0
臺北市北投區永興路二段４７號四樓,25.14032,121.50252,19744388.0,12629130.0,16741031.0,17424926.0,22717200.0,31346596.0
臺北市士林區天母東路８巷３０弄１５號三樓,25.11680389,121.5311831,16041239.0,7121760.0,14210232.0,14766358.0,19340240.0,28997554.0
臺北市信義區吳興街６００巷１００弄１８號,25.01756502,121.572149,9045986.0,6721765.0,8324998.0,12137535.0,17343260.0,20398086.0
臺北市中正區中華路二段８１巷４３號三樓,25.03328201,121.506376,13697030.0,6708534.0,11572972.0,12829454.0,17689474.0,18289680.0
臺北市文山區興隆路三段３０４巷３２之１８號五樓,24.99597701,121.555263,18986508.0,7689927.5,14480750.0,15275537.0,21162324.0,25497876.0
臺北市士林區通河街２１號六樓,25.08006502,121.523313,25564884.0,14939963.0,24787316.0,28637100.0,31376146.0,35639040.0
臺北市內湖區民權東路六段４７巷１０弄７號五樓,25.069737,121.587174,13432182.0,6569036.5,10301365.0,11830482.0,14757629.0,20827080.0
臺北市中山區林森北路４１３號,25.05976199,121.525709,11356840.0,5752507.0,10328299.0,12280749.0,14478983.0,16493435.0
臺北市北投區吉利街２５９巷２號四樓,25.118199994377,121.511179973144,15036991.0,7879980.0,12528746.0,16869082.0,18186608.0,24261056.0
臺北市信義區永吉路３５４號十三樓之５,25.0450199865946,121.576610031341,28430672.0,14089297.0,27852390.0,28027290.0,32196576.0,41313550.0
臺北市大安區新生南路一段１０３巷１２之１號二樓,25.04045499,121.533952,9992370.0,6326466.5,8055555.5,11026822.0,15153829.0,22148208.0
臺北市大安區復興南路二段１５１巷３０弄１號,25.02800141,121.5455334,28933302.0,12041748.0,21648890.0,25749818.0,28678862.0,40813390.0
臺北市士林區中正路４２６號七樓,25.093189987863,121.519310000129,28148688.0,14775993.0,23650282.0,30578548.0,32441980.0,35083764.0
臺北市北投區中央北路四段３９８號,25.12963601,121.470974,11055441.0,5256241.5,7707283.5,8223388.0,9299996.0,11066960.0
臺北市中山區中山北路二段７７巷１２號九樓之１,25.05738602,121.524161,13123654.0,5893126.0,12970784.0,13237639.0,18531374.0,21484228.0
臺北市中正區汀州路二段８５號十八樓之３,25.02549099,121.51766,48764384.0,20275048.0,44101190.0,47074500.0,57929468.0,59586456.0
臺北市大同區酒泉街１８９號,25.072225,121.512175,12978975.0,6707094.5,12616852.0,13441794.0,16292267.0,19561948.0
臺北市內湖區文德路２２巷３２號,25.07695298,121.580094,17235852.0,8609682.0,15941288.0,16219682.0,20653890.0,30002668.0
臺北市北投區稻香路１６１巷１６弄２之３號,25.14190094,121.4880264,18114218.0,11630462.0,16221879.0,16914156.0,22332308.0,24602256.0
臺北市大安區敦化南路二段１８２號十三樓之１,25.0235600094421,121.548309960192,38853004.0,15756468.0,32753912.0,43128916.0,54140580.0,63670784.0
臺北市士林區文林路６５３號,25.10035199,121.522789,14048777.0,6464424.5,13041211.0,13991043.0,17960984.0,19509520.0
臺北市大安區和平東路三段４１２號六樓之５,25.01809501,121.558444,13977227.0,8106287.5,12098150.0,13610388.0,18429190.0,20115578.0
臺北市北投區中山路４７號十樓之１２,25.1387600065855,121.511790008057,5314859.0,2303787.2,3277757.2,5613653.0,5692937.5,8408226.0
臺北市萬華區中華路一段１８６號十二樓之２,25.03897131,121.5066552,36087830.0,17563266.0,33931400.0,38826560.0,39626870.0,43458560.0
臺北市萬華區青年路１７６號,25.02076301,121.50286,7009722.5,2494482.8,5341587.0,6999588.5,9288455.0,12714836.0
臺北市松山區八德路四段３０２號三樓,25.049019998428,121.567200003922,14919631.0,8098576.0,13224213.0,13962598.0,17076558.0,23459612.0
臺北市文山區樟新街１５巷６號,24.97910801,121.555545,22562566.0,12370648.0,17693050.0,21399122.0,24107452.0,36971828.0
臺北市南港區福德街３３９巷７弄１６號二樓,25.038309979736,121.59018997177,10708007.0,6753642.0,7887468.5,9231178.0,12322091.0,18157042.0
臺北市松山區八德路四段２４５巷３２弄３９號,25.0498000183375,121.563420017047,32768346.0,18128736.0,36344936.0,37960000.0,39371850.0,41487908.0
臺北市內湖區康寧路三段７５巷２１７之１號三樓,25.0764400116524,121.61431996227,13864276.0,8214092.0,11706175.0,12722551.0,15406537.0,22830704.0
臺北市松山區民生東路五段２２０號,25.05888399,121.565311,28132370.0,14772104.0,25974358.0,27457736.0,31807942.0,38570212.0
臺北市文山區興隆路一段７０巷１之１號五樓,25.003309,121.540694,14375188.0,8957376.0,13193426.0,14186996.0,17706284.0,28617226.0
臺北市松山區南京東路五段２３９號十三樓之１２,25.05161642,121.5649724,16201903.0,7391960.5,13726452.0,14835834.0,19628400.0,24841888.0
臺北市士林區天母東路８巷３１弄２號四樓,25.1167899906248,121.531910012258,17220672.0,8313565.0,14364936.0,16409404.0,22374988.0,26299138.0
臺北市士林區至善路三段１８１巷５弄３０號,25.12033298,121.575374,10928309.0,7185033.5,10863096.0,11726869.0,15684146.0,24883240.0
臺北市中山區農安街６號,25.06485798,121.523225,13599930.0,7504952.0,13357682.0,15477903.0,17402076.0,20261596.0
臺北市大安區忠孝東路四段２３３號,25.04165511,121.5536086,14652200.0,5978758.0,9805083.0,10819362.0,14212482.0,25688890.0
臺北市文山區景後街９５號九樓之２,24.9919146,121.5430366,7914345.5,4357469.0,8352210.5,9222027.0,9974756.0,26833346.0
臺北市士林區中山北路六段２３６巷７號四樓之１,25.1084399805909,121.526179975609,27608140.0,13309870.0,27624732.0,29255938.0,31658262.0,33539732.0
臺北市信義區大道路４２巷２４號四樓,25.0414192,121.5810644,22919098.0,10692843.0,20608636.0,22852094.0,29404466.0,36956460.0
臺北市士林區中山北路七段１１４巷４１弄１７號三樓,25.12471801,121.534881,28582968.0,12181229.0,24620000.0,26524016.0,32641716.0,39347300.0
臺北市中正區仁愛路一段２３巷８號三樓之１,25.0398100051283,121.523270030284,23226356.0,11567544.0,18207536.0,21106130.0,24951200.0,26323378.0
臺北市中山區林森北路４０９號八樓之４,25.05960299,121.525702,12364468.0,5728533.5,10983686.0,11148464.0,13575853.0,15463090.0
臺北市中正區重慶南路三段８１號六樓,25.02549501,121.516639,26633822.0,12368289.0,25054592.0,26251878.0,33808268.0,40471844.0
臺北市松山區敦化北路１４５巷２３弄５號三樓之２,25.0530299847261,121.550350031606,25643070.0,11313944.0,20195156.0,22731894.0,27198888.0,28984780.0
臺北市大安區羅斯福路三段２８３巷１９弄１４號,25.019639,121.531018,17072098.0,6388453.5,15292708.0,16006031.0,21406388.0,25857948.0
臺北市大安區信義路三段１０５號十四樓之８,25.03370002,121.53888,21199814.0,10302171.0,18119748.0,20272032.0,25939998.0,27049116.0
臺北市南港區經貿二路２５５巷５８號二樓之１,25.0625999807672,121.615009960539,20646486.0,12532666.0,20362440.0,20663584.0,24506152.0,31807820.0
臺北市內湖區成功路五段８３號,25.07384502,121.6053,31886666.0,19653050.0,31991446.0,33084364.0,41508650.0,45710664.0
臺北市萬華區環河南路二段３１號,25.03899801,121.497603,18651264.0,11752171.0,15283231.0,17190020.0,22423436.0,25295012.0
臺北市信義區信義路五段１５０巷３３０號,25.02272014,121.5792499,12415064.0,7457969.0,10434292.0,12065405.0,14902339.0,24611172.0
臺北市松山區南京東路五段２５０巷３６弄３７之１號,25.04987998,121.568028,13061798.0,5405304.5,11178721.0,11662650.0,17119998.0,21320940.0
臺北市松山區南京東路四段１３３巷７弄３２號,25.05276399,121.556359,2834072.0,2903729.8,4005183.5,9152338.0,11111844.0,21241908.0
臺北市信義區松隆路７３巷５號四樓,25.04506102,121.569117,16008870.0,6482556.0,13099921.0,13809434.0,18325052.0,20119914.0
臺北市信義區和平東路三段１７９號,25.02397198,121.5534796,11020850.0,6322262.5,9353542.0,12361049.0,13889898.0,27304664.0
臺北市士林區福港街２５９巷３０號四樓,25.08399399,121.51917,15328715.0,7225651.0,13661312.0,14745249.0,19229816.0,24487464.0
臺北市文山區興隆路三段３００號七樓,24.993142,121.558781,13624907.0,9381879.0,12226153.0,12988237.0,15177230.0,26899090.0
臺北市文山區仙岩路２２巷３１號二十樓之１,24.9984000087708,121.549990028865,23455764.0,11345322.0,17638734.0,21615180.0,26232958.0,33110246.0
臺北市北投區天母北路１０５巷１５弄１號八樓之２,25.124068,121.527441,7205537.0,3032016.8,5438360.5,6338019.0,8647337.0,12388641.0
臺北市內湖區民權東路六段４１５號三樓之１,25.07067548,121.6035432,31007468.0,17629114.0,27651880.0,30004326.0,37366780.0,41688120.0
臺北市松山區復興北路３１３巷８號三樓,25.05885302,121.545093,40049116.0,15082548.0,35785556.0,36482944.0,47874130.0,66749320.0
臺北市中正區羅斯福路三段３１６巷３號五樓之３,25.015728,121.532324,14112265.0,8632934.0,11196859.0,14031236.0,19784612.0,20928864.0
臺北市文山區木柵路二段１０９巷２５弄６９號二樓,24.990260007321,121.561840028298,11744620.0,7482818.5,10221316.0,10293980.0,12891784.0,21316508.0
臺北市萬華區大理街３０號四樓之２,25.0345700164487,121.501629967942,16883664.0,10866494.0,13665924.0,16643924.0,19743710.0,26728018.0
臺北市信義區基隆路二段１７７號三樓,25.02507688,121.5537788,39058376.0,14280686.0,32505094.0,34673504.0,39732372.0,39923960.0
臺北市松山區健康路３２５巷２５弄２號十二樓,25.0564800179827,121.565690004065,47013750.0,16699763.0,51776224.0,64029680.0,69250290.0,91259700.0
臺北市南港區經貿二路１５７巷３６弄１０８號五樓,25.06248699,121.614033,61621156.0,22441576.0,53302330.0,67258600.0,78295340.0,83222170.0
臺北市信義區忠孝東路五段３１巷１８弄２９號,25.04171299,121.566655,23744794.0,9536678.0,18912522.0,20301672.0,25254468.0,31730744.0
臺北市中山區中山北路二段５９巷４４弄３號四樓之４,25.0555099803282,121.524090031872,5861150.0,2608975.2,4043693.8,5791186.5,7268092.5,11030860.0
臺北市中正區忠孝東路一段４９巷２９號,25.04488288,121.5261548,28644366.0,15675264.0,23225336.0,25926642.0,34674892.0,34748780.0
臺北市士林區明溪街３５巷１號,25.10571498,121.565076,14485308.0,7857527.5,12558773.0,13190256.0,19399612.0,23061744.0
臺北市北投區致遠一路二段４５巷２號四樓,25.11184002,121.513474,13998624.0,6907302.0,12557312.0,13155207.0,17402938.0,26204454.0
臺北市信義區嘉興街３０８巷７號,25.0235999911202,121.554560010114,11509311.0,6574269.5,10115346.0,10300462.0,14997750.0,22507848.0
臺北市中山區敬業三路１６２巷７６號,25.07798002,121.558388,29847132.0,14007572.0,27234760.0,28978258.0,36451852.0,42977656.0
臺北市內湖區港墘路５４號二樓,25.0817199820102,121.5780799657,16236242.0,8375230.0,13264910.0,14372583.0,17809522.0,24564040.0
臺北市士林區天母西路５０巷２５號,25.11755676,121.5248504,47229010.0,17730346.0,39553924.0,53536670.0,55502770.0,64058020.0
臺北市士林區中山北路六段２３６巷９號十四樓,25.10826391,121.5261397,28843654.0,15522012.0,31148012.0,33039718.0,36142530.0,40456100.0
臺北市松山區民族東路６８５號二樓,25.0636100000998,121.548120026266,31817226.0,14399830.0,29386524.0,31653612.0,36906730.0,44376430.0
臺北市文山區政大二街１０９號,24.98815502,121.583746,42516830.0,17308758.0,35366416.0,36131844.0,49490100.0,52591480.0
臺北市南港區忠孝東路六段７０巷２１弄２６號,25.046187,121.585361,21128728.0,12002857.0,17850808.0,20684916.0,23297834.0,33807816.0
臺北市大安區忠孝東路四段１１２號九樓,25.0413500121987,121.546840025832,30327624.0,14136242.0,27524644.0,27655150.0,34587108.0,41348476.0
臺北市內湖區民權東路六段１７９號,25.06804528,121.5969533,19616086.0,11321327.0,16343590.0,17944856.0,22829354.0,28450308.0
臺北市文山區汀州路四段２５５號四樓,25.00177469,121.5362812,11610204.0,6781601.0,8680006.0,9675908.0,18181024.0,19003354.0
臺北市大同區赤峰街４７巷２３號二樓,25.05531598,121.520294,18079874.0,11965827.0,16170413.0,17390096.0,20804290.0,27744756.0
臺北市中山區吉林路３４３巷３６號四樓,25.06421702,121.531999,22411334.0,8992262.0,17796992.0,20607064.0,27647398.0,28837438.0
臺北市中山區龍江路４１２巷６０號三樓,25.0675499975064,121.538549988316,21076442.0,9180416.0,15996386.0,19595780.0,23105728.0,28137790.0
臺北市中山區林森北路１１９巷１９號,25.05064802,121.525883,4323521.5,1811876.1,3254548.5,5226854.0,8409108.0,9936001.0
臺北市松山區長春路５００號五樓,25.0543599832125,121.54746003521,31322690.0,14125838.0,30107114.0,31262228.0,36694680.0,42894860.0
臺北市萬華區環河南路二段２３號二十二樓,25.0335099990636,121.492490005443,18329386.0,11604846.0,15940710.0,19684488.0,21306102.0,25344560.0
臺北市萬華區萬大路１２０號,25.02970499,121.500382,12523610.0,4665253.0,10407340.0,10833961.0,14041196.0,15633164.0
臺北市萬華區貴陽街二段９６巷１０號四樓,25.0393599807468,121.503169975012,10275246.0,5155500.5,9360716.0,9850483.0,13052309.0,15419707.0
臺北市大安區泰順街４０巷２１之１號,25.024385,121.530053,21957538.0,9913096.0,18448076.0,20719508.0,26556818.0,27714978.0
臺北市松山區南京東路五段２５０巷２弄１６之１號,25.0506100035508,121.56694997175,23627692.0,11613482.0,19574898.0,23768492.0,26254482.0,34825350.0
臺北市大同區太原路１７號,25.050185,121.51525,31807274.0,19467256.0,32415136.0,33819360.0,39600200.0,47905644.0
臺北市大同區民權西路１６０巷２６弄１號七樓之１,25.0615778708301,121.51570877816,44949572.0,23701582.0,43871480.0,48620430.0,59673916.0,69668140.0
臺北市松山區南京東路五段４１５號,25.05146124,121.5701055,18574156.0,8334490.5,15132254.0,17611740.0,23197268.0,27397784.0
臺北市信義區吳興街１１８巷３５弄１６號,25.0288900197618,121.560010007378,36135564.0,14974797.0,30957120.0,33008978.0,46195350.0,53854670.0
臺北市中山區南京東路二段１０８號九樓之１７,25.051839,121.532169,15620556.0,7034507.0,14032896.0,14045562.0,18554718.0,22076844.0
臺北市大安區浦城街２４巷５號五樓,25.02319301,121.526421,50859496.0,16473063.0,28984008.0,43868636.0,63837864.0,102121830.0
臺北市南港區重陽路４１號,25.05548999,121.59597,23245546.0,15138836.0,20246760.0,24574584.0,28687834.0,34931524.0
臺北市信義區林口街３８巷９號,25.038184,121.579911,14547468.0,6892838.0,12116510.0,12575120.0,18478184.0,22037550.0
臺北市北投區榮華一路１４之１號,25.11164799,121.523472,26429530.0,12584334.0,25492868.0,26865300.0,30449576.0,38436332.0
臺北市松山區敦化北路３４５號,25.06003998,121.550552,6077701.0,5699864.0,6297164.0,10193398.0,12595572.0,25949350.0
臺北市信義區莊敬路２５４號四樓,25.029182,121.562381,35800916.0,15172050.0,30433202.0,31800420.0,39706616.0,50929972.0
臺北市士林區天母東路１０５巷９弄８號三樓,25.11910422,121.5361452,29184210.0,17253154.0,31721788.0,33380118.0,37573610.0,43365324.0
臺北市大同區南京西路３６０之２號,25.053716,121.511042,6978959.0,2503388.5,5008719.5,5700250.0,8687849.0,9978162.0
臺北市士林區社子街１１５巷２０弄１３號,25.08808818,121.5064965,9210285.0,3173976.8,7206162.5,7764600.0,9834094.0,10229293.0
臺北市松山區撫遠街２１１巷１號二樓,25.060158,121.567778,18344846.0,8578325.0,15944328.0,17331818.0,21980794.0,31206646.0
臺北市萬華區寶興街５７號二樓,25.026660014422,121.494069994192,5522996.0,1582445.6,3497116.5,4515646.0,6034592.0,6798262.0
臺北市文山區指南路三段７１號,24.98306758,121.5801686,13218766.0,6282611.5,10476589.0,12508069.0,13847812.0,22707020.0
臺北市士林區忠誠路一段１７１巷１２弄１號,25.106402,121.531177,40080444.0,18061640.0,39562224.0,40037812.0,48447600.0,54026696.0
臺北市北投區長壽路２９巷８弄４號,25.1426300151007,121.503359992757,23152360.0,8408467.0,15715588.0,20387274.0,26661268.0,28383478.0
臺北市士林區通河街３２５巷３０號,25.0817299983845,121.518069981373,4870105.5,1849071.8,3452960.5,5763363.0,6801102.5,8748593.0
臺北市大安區安和路二段１７７號,25.02772502,121.55006,36527436.0,15402218.0,33364970.0,36286476.0,46495816.0,59503772.0
臺北市文山區興隆路二段１０號七樓,24.9999986464029,121.556568579963,44584460.0,16654245.0,34298840.0,57245290.0,58289790.0,59717068.0
臺北市北投區自強街１８０巷４號,25.11089701,121.517355,8963888.0,2977714.0,5960375.0,6912330.0,10078639.0,10850216.0
臺北市士林區美崙街１１２號五樓,25.0970900035915,121.519709984548,25525758.0,14646304.0,21669256.0,25868652.0,30026196.0,34103336.0
臺北市大同區太原路２２巷１０號四樓,25.04988199,121.51436,15464712.0,7546550.5,12432006.0,13634032.0,16624729.0,18549338.0
臺北市文山區政大二街２１５巷２號,24.98873601,121.58729,18237636.0,9170231.0,13820422.0,19011838.0,23124114.0,28416088.0
臺北市中山區長安東路一段６５巷２０號,25.04910499,121.527524,29113214.0,18772324.0,27571040.0,29429266.0,35766176.0,39535670.0
臺北市大安區忠孝東路三段２５１巷４弄６之２號,25.0422900007303,121.541330014142,26724604.0,9720043.0,19781894.0,23497316.0,28402596.0,33013890.0
臺北市北投區中和街５０２巷５弄２８號,25.1462999894965,121.493570013667,12941698.0,5745089.0,9773584.0,12767645.0,15448439.0,18275242.0
臺北市北投區大度路三段３０１巷１４號三樓,25.1194199803841,121.465530032974,12611318.0,5611506.5,9720247.0,10798045.0,12980164.0,17163548.0
臺北市文山區汀州路四段２２９號四樓,25.0020058422152,121.536413955969,28675252.0,12104106.0,20209528.0,27491380.0,32858346.0,38025944.0
臺北市大安區和平東路三段４１２號十三樓,25.0180899794298,121.558579970877,13110194.0,8828830.0,12733136.0,13127885.0,18132746.0,21589346.0
臺北市大安區復興南路一段２００號八樓,25.03968801,121.543496,35440560.0,17518100.0,30110732.0,31100580.0,43459388.0,52059932.0
臺北市南港區研究院路三段７號二樓,25.03557002,121.61736,22593528.0,14066795.0,22857848.0,23189528.0,36209870.0,37300556.0
臺北市信義區吳興街２８４巷２４弄６６號五樓,25.02310701,121.561532,12583374.0,5103072.0,8612803.0,9622811.0,15359152.0,21220204.0
臺北市士林區基河路１２８號五樓之７,25.0886700046662,121.523129968682,7618079.5,3987263.8,5485663.0,6672713.0,8109496.5,11051077.0
臺北市士林區中山北路七段１１４巷６０弄３號,25.12271499,121.535597,19171076.0,8068479.5,17956634.0,19148382.0,26659894.0,32829280.0
臺北市中山區錦州街４２６巷１弄５號,25.059922,121.542656,12847428.0,5598229.0,10286718.0,11135097.0,15618858.0,24273276.0
臺北市信義區松隆路２１５巷２號五樓,25.04856302,121.576574,21077408.0,9619801.0,18620412.0,20042660.0,26043710.0,32943252.0
臺北市文山區景華街１３巷２號,24.995379,121.54199,19927846.0,10811914.0,16797388.0,20628182.0,23059544.0,34302830.0
臺北市大安區仁愛路三段１２３巷３弄８號,25.03856299,121.542411,35080620.0,16041698.0,33502010.0,34030108.0,42727384.0,53268280.0
臺北市大安區辛亥路二段１７１巷６弄１０號十九樓,25.02198702,121.540709,43689940.0,17773754.0,39392956.0,40219132.0,58220570.0,79442810.0
臺北市文山區光輝路１３０之１號五樓,24.9851599964244,121.557979994248,13520759.0,7957872.0,12020934.0,12971650.0,15801672.0,22998534.0
臺北市信義區福德街２２０號,25.03846299,121.5845,15348199.0,7260783.5,12342578.0,13264582.0,18730050.0,22727602.0
臺北市松山區民權東路三段１６６號八樓,25.06160702,121.548505,14656700.0,6686797.5,10660668.0,12585126.0,14465209.0,22323536.0
臺北市中山區長春路４１０號十一樓之５,25.05441602,121.54375,9620737.0,4124998.2,6297560.5,7986984.0,11198525.0,15333745.0
臺北市文山區政大一街２６３號五樓,24.9869100120789,121.585010039427,16984372.0,9493955.0,16450958.0,16599159.0,21401326.0,22362614.0
臺北市信義區基隆路二段１４９號四樓之２,25.02688301,121.555634,31447324.0,14073826.0,24582414.0,27901892.0,34696064.0,37743124.0
臺北市信義區大道路４２巷１７號,25.0412167,121.5811663,20986066.0,10217671.0,17322134.0,18617216.0,24160112.0,31399496.0
臺北市信義區基隆路一段８３巷１９號六樓,25.04672,121.570729,45945620.0,22048020.0,41816892.0,48573530.0,60572850.0,61931870.0
臺北市文山區景華街３０號,24.99486301,121.542712,14501757.0,5685195.0,12803249.0,12998894.0,18064396.0,26674188.0
臺北市萬華區武昌街二段１２４之２號,25.04536628,121.5037647,3750459.5,1869213.0,2921849.5,4450804.5,6253101.0,8040412.0
臺北市內湖區行善路２９７號,25.06202678,121.5844959,38027612.0,23278112.0,39685036.0,41465130.0,43207136.0,48452684.0
臺北市士林區德行東路３６５巷２１號五樓,25.1115399855708,121.538640009956,18663612.0,8982714.0,15103304.0,18078116.0,24355640.0,27552272.0
臺北市中山區長安東路二段１８９號,25.04838079,121.5427736,12318049.0,5462385.0,9497813.0,9572707.0,13618593.0,18247238.0
臺北市內湖區麗山街８０號,25.08279601,121.5787,16030350.0,7613678.0,14650104.0,15202610.0,18799700.0,24941160.0
臺北市北投區中和街４９號,25.13838802,121.502265,10599275.0,6472863.5,8627230.0,9971408.0,11046294.0,13888653.0
臺北市文山區景興路９６巷２４號三樓,24.9947499833045,121.543430016163,14067842.0,7779134.5,11666254.0,11826917.0,15426914.0,23717680.0
臺北市中山區農安街３３號五樓之１,25.065020003852,121.525059985707,13913788.0,8209534.5,11283257.0,11865554.0,12483378.0,21067118.0
臺北市松山區寧安街６８巷１２之１號四樓,25.0510599860228,121.554130018481,15371402.0,8351032.0,13912329.0,14808834.0,17857074.0,25190868.0
臺北市信義區忠孝東路五段７１巷３弄９號二樓,25.0419100071499,121.567409970596,19709094.0,8672047.0,15749196.0,17436862.0,21007252.0,27096156.0
臺北市內湖區麗山街１０５巷１１號六樓,25.0823599822271,121.579470020523,27387230.0,14146761.0,24257356.0,27554900.0,28928280.0,34926860.0
臺北市文山區指南路二段４５巷２１弄７號,24.988677,121.573898,13654408.0,6431648.5,12393392.0,12936071.0,16104545.0,25073808.0
臺北市大安區安東街４０巷４５號,25.04420698,121.540541,25509356.0,9618847.0,19446400.0,22036710.0,26437546.0,33399224.0
臺北市中正區廈門街１２９號十三樓,25.022829987585,121.517490037492,13646728.0,6330691.0,11109089.0,12777804.0,15079585.0,17254502.0
臺北市文山區興隆路四段１２２巷１７號,24.98233198,121.561411,12929066.0,6573780.5,10272640.0,11605732.0,13646624.0,22251226.0
臺北市萬華區桂林路１０９號十四樓,25.0385499955334,121.500820024638,12491952.0,6249059.0,10551872.0,13072989.0,13734885.0,16315309.0
臺北市松山區延壽街１８巷７號二樓,25.056966,121.5685,50178068.0,25227604.0,46907344.0,51606840.0,58478436.0,62748136.0
臺北市信義區紫雲街６６號二樓,25.01624001,121.577357,52222040.0,19607408.0,40650324.0,44310890.0,73952580.0,90314060.0
臺北市內湖區民權東路六段１４６號十一樓之２,25.0688199815661,121.589589995141,11466234.0,7441663.5,10786168.0,10888839.0,12217900.0,17748820.0
臺北市萬華區德昌街２３３號,25.02310999,121.4931,10849636.0,3346692.0,8330104.5,8654870.0,12052410.0,14800194.0
臺北市中正區信義路二段１號,25.03561201,121.524587,33299232.0,15221673.0,31678678.0,32350900.0,41761736.0,53831056.0
臺北市北投區大興街９巷２６號四樓,25.1305799815481,121.497719977748,13277162.0,6252451.0,11236010.0,13006682.0,16205705.0,20300974.0
臺北市中山區龍江路２９２巷１９號四樓,25.0614900072392,121.539669978218,19898942.0,8367765.5,15199015.0,18187544.0,22303404.0,27578772.0
臺北市南港區重陽路４９０號三樓,25.06033301,121.611804,47840356.0,23261070.0,47679210.0,49134104.0,57149176.0,63802440.0
臺北市萬華區康定路２４號十樓之１３,25.04489501,121.502876,9925166.0,5719652.0,9261866.0,9774814.0,13001026.0,13544454.0
臺北市中山區合江街１２７巷１９號四樓,25.0607899925955,121.54001003203,14424570.0,7812218.0,11665253.0,12585078.0,16176213.0,23693716.0
臺北市中山區中山北路二段１１８號十二樓之１,25.061069990071,121.522729984262,19920132.0,11539425.0,18310902.0,18694680.0,22970432.0,25172378.0
臺北市信義區忠孝東路五段７９０巷２４弄１６號,25.04222198,121.582159,11765090.0,5083274.0,9963290.0,10408332.0,15869328.0,19344852.0
臺北市文山區景華街１２８巷１８號三樓,24.9947499833045,121.547830012416,13509108.0,7841380.5,11672998.0,12186458.0,15271284.0,23599048.0
臺北市萬華區德昌街１８５巷６０弄１０號,25.02276398,121.493736,10919641.0,4500543.0,8743864.0,9908578.0,12082930.0,15393466.0
臺北市北投區東華街二段３４０巷２弄１７號,25.121494,121.506222,11536586.0,4628788.5,9300244.0,10720187.0,13580074.0,14076189.0
臺北市北投區行義路１８６巷５２號四樓,25.13336998,121.530513,10977884.0,6956088.0,10313200.0,10371828.0,13665977.0,18032932.0
臺北市大安區信義路四段４００巷６弄１２號二樓,25.03254901,121.556127,19996342.0,8194195.5,15179518.0,18798696.0,24250324.0,28419232.0
臺北市南港區昆陽街１７２巷１８號三樓,25.048570015956,121.593139982593,18105376.0,8449777.0,14364060.0,15789380.0,21272886.0,27310342.0
臺北市士林區承德路四段８０巷４１號,25.08262502,121.521972,15874959.0,8635404.0,13737767.0,15396050.0,17400282.0,20666066.0
臺北市文山區福興路３９號四樓,25.00297799,121.55082,13863986.0,5920684.0,12131402.0,12808354.0,16764293.0,25192118.0
臺北市北投區新民路６２巷１５弄１號四樓之２,25.13935002,121.5110127,14267700.0,8483108.0,12396228.0,13721505.0,17499132.0,17891984.0
臺北市信義區永吉路２１６號,25.04537701,121.57313,48312324.0,25588056.0,47424440.0,51586664.0,54573536.0,71337280.0
臺北市大同區民權西路１６０巷２６弄１號十六樓,25.0616125506636,121.515490031576,47012588.0,23872536.0,46841544.0,49151630.0,63458252.0,77692264.0
臺北市松山區敦化北路２２２巷１８弄６號,25.05924001,121.547576,19236860.0,10174226.0,18174124.0,21693656.0,23302678.0,34829070.0
臺北市大安區信義路四段６１號十樓,25.0337700057001,121.545370007653,61171244.0,18677394.0,41710150.0,53554544.0,63078010.0,83355770.0
臺北市中山區新生北路三段４６號,25.06433298,121.527321,6399496.5,3027907.8,4626520.0,6061788.0,9144189.0,12842160.0
臺北市中山區建國北路三段８７號四樓,25.0655799988031,121.536860028997,25767948.0,13296650.0,23361332.0,24343704.0,28927784.0,35663250.0
臺北市文山區景興路５５號五樓,24.99672602,121.544844,12952835.0,5538572.0,12250944.0,12474928.0,16043136.0,28643000.0
臺北市信義區忠孝東路四段５５３巷２２弄４１號四樓,25.04358899,121.563468,21132798.0,9740606.0,18112112.0,20544782.0,25124842.0,32525312.0
臺北市中山區林森北路３０６號十三樓之２,25.0560900080279,121.525359974022,10545675.0,6353845.0,9169759.0,9562889.0,11135309.0,16325395.0
臺北市內湖區內湖路一段２８５巷６８弄２１號,25.08588298,121.56731,15236952.0,8830497.0,13353632.0,14230357.0,18274754.0,22434044.0
臺北市信義區松山路２７５之１號,25.043419,121.578018,18172390.0,9105517.0,16612177.0,16866476.0,21396876.0,26987688.0
臺北市大同區承德路二段７５巷１１號,25.0559665,121.5188272,30321608.0,14927943.0,28403408.0,31987602.0,39226504.0,53101508.0
臺北市文山區興隆路一段２５１巷２弄６號,24.99943002,121.544496,11387901.0,4791813.0,10055846.0,10125538.0,14100319.0,22432248.0
臺北市內湖區文德路２２巷２７弄８號五樓,25.076529991383,121.579870004943,12440213.0,8108035.0,9928461.0,10873419.0,13352002.0,18791418.0
臺北市中山區林森北路８５巷９０號四樓之４,25.049019998428,121.528019970994,6407203.0,2849473.5,4504566.5,7131234.0,7481691.0,13616386.0
臺北市士林區士東路９１巷７號,25.112665,121.52911,16946804.0,7292240.0,16298545.0,16848888.0,22068214.0,27893112.0
臺北市南港區重陽路１６６巷１０弄２０號,25.056326,121.600405,11715892.0,4857702.0,9648578.0,10696678.0,14612346.0,20286692.0
臺北市文山區福興路８２巷１弄１５號,25.00664701,121.550349,12830604.0,6899099.0,10823634.0,11612950.0,15300702.0,22053696.0
臺北市北投區知行路２０２巷２４號,25.1191100176047,121.467359970076,12778120.0,6208233.0,10618093.0,12469004.0,14989370.0,19137792.0
臺北市北投區奇岩路７９號,25.13215402,121.506852,35865436.0,10083734.0,24373858.0,29941498.0,40652260.0,40998224.0
臺北市中山區錦州街５０號,25.06016298,121.526107,8139311.0,3487454.5,5973172.5,7033957.0,9958427.0,13194634.0
臺北市中山區伊通街８７巷１０號,25.05278201,121.535706,16323963.0,8468283.0,16690337.0,16714995.0,20614220.0,25024598.0
臺北市中山區民生東路一段２５號八樓之１６,25.058196,121.524317,7703565.5,3600815.2,5804656.0,7251746.0,9195856.0,12552379.0
臺北市文山區新光路一段９５巷１７號四樓,24.99119501,121.574352,12687413.0,5443819.5,10378517.0,11415890.0,13992778.0,23554620.0
臺北市松山區敦化南路一段２５號十一樓、十一樓之１,25.04631801,121.549324,77589496.0,15129454.0,40354140.0,42938900.0,64230530.0,88065420.0
臺北市中山區民生東路二段１２７巷１３號四樓,25.0594700104834,121.532269679723,31920560.0,14732486.0,30370808.0,31034686.0,37247732.0,47107284.0
臺北市松山區南京東路四段９３號,25.05184298,121.554157,16083333.0,6903851.0,12772686.0,13255603.0,14797428.0,25053492.0
臺北市松山區南京東路三段３０３巷８弄６號,25.05274299,121.547229,16651005.0,6845122.5,15385452.0,17451868.0,21659712.0,28677548.0
臺北市內湖區金湖路３４７巷６６號,25.07427798,121.599753,24244912.0,16534382.0,22041712.0,24019284.0,30917054.0,38912260.0
臺北市內湖區康寧路三段９９巷３９弄４６號,25.07337529,121.6099199,20625782.0,13587432.0,18962874.0,19041668.0,24647204.0,33255056.0
臺北市大安區敦化南路二段１２８號十五樓,25.02610798,121.548315,30469270.0,15067481.0,28534052.0,30649728.0,33861188.0,46129760.0
臺北市北投區溫泉路６５巷１６號三樓之９,25.1359126321673,121.504417956576,4976765.5,2129704.2,3114213.5,4433968.5,6127986.5,6335946.0
臺北市北投區中央北路四段３２４號,25.130662,121.472282,11927113.0,5876491.5,8739487.0,10472853.0,11901366.0,12622388.0
臺北市內湖區金湖路３２６巷４８號六樓之１,25.0741300010468,121.604020028191,14149217.0,8918643.0,12800099.0,13298933.0,14889241.0,20731406.0
臺北市中山區長春路２２０號十一樓之８,25.054619989849,121.537680030585,8719058.0,5621008.0,7427129.0,8392140.0,10682671.0,17181990.0
臺北市文山區興隆路一段１８１巷４號四樓,25.0011200201703,121.543260031167,13069174.0,7713725.0,11070803.0,11558170.0,14861663.0,22240322.0
臺北市中山區新生北路一段１０８號十樓,25.04957999,121.528256,12528436.0,4983063.0,10331609.0,10464606.0,13892706.0,15128848.0
臺北市士林區劍潭路１６號七樓之３,25.08391001,121.52388,13605430.0,6700382.0,11836305.0,12750610.0,15725603.0,17402904.0
臺北市大安區四維路１７０巷３６號,25.02817802,121.546319,15439631.0,8169390.5,12635419.0,12648657.0,17974898.0,22820472.0
臺北市內湖區內湖路一段３２３巷２１弄２９號,25.08407429,121.5694417,10597496.0,5330752.5,9081010.0,9250126.0,12558940.0,16822846.0
臺北市大安區溫州街７４巷３弄２號,25.01962802,121.532395,10529877.0,5743396.0,6664108.5,9122605.0,13583779.0,18431932.0
臺北市大同區大龍街９１巷１２號,25.06723199,121.517021,11167170.0,5563745.0,9963119.0,10706741.0,14210801.0,18613096.0
臺北市中山區復興北路４６０號八樓,25.06440599,121.544057,12839074.0,6428932.0,10859242.0,11895443.0,14668921.0,18445156.0
臺北市內湖區康樂街８５巷９２號五樓,25.0711299921717,121.620939989398,18121234.0,8937000.0,14753436.0,15942139.0,21495008.0,28477780.0
臺北市信義區福德街２６８巷５弄１７號,25.03898401,121.585292,24808648.0,13698911.0,23210458.0,25141140.0,28370272.0,32189636.0
臺北市大安區建國南路二段１０７號八樓,25.0299300043983,121.53827003275,31105148.0,13470230.0,26664268.0,27283840.0,32086166.0,40825384.0
臺北市萬華區民和街９６號九樓之１,25.0255,121.497594,42257880.0,20943958.0,43932440.0,47269024.0,48336104.0,55157256.0
臺北市士林區光華路２６巷１之２號三樓,25.13738299,121.542211,21469972.0,8212706.0,19174952.0,21227976.0,24418296.0,32362872.0
臺北市大安區永康街４７巷１３號四樓,25.0301900110348,121.530089965803,27957508.0,9906556.0,20815920.0,22814728.0,29690252.0,34751170.0
臺北市大安區和平東路二段２６５巷３７弄８號二樓之２,25.0280499854256,121.54446995889,10426652.0,4963484.5,6756122.0,9719728.0,11475007.0,21514408.0
臺北市內湖區康樂街４８巷１９號二樓,25.0692899967866,121.617380027481,15707467.0,8369138.0,13519315.0,13918062.0,17743946.0,26549374.0
臺北市北投區永興路一段３２巷５號,25.138435,121.500213,13153802.0,6259007.0,11494086.0,13448461.0,17716926.0,20054552.0
臺北市中山區松江路３７巷８號,25.04750698,121.533592,12866727.0,5927424.0,11773598.0,12379429.0,16504827.0,20998838.0
臺北市中山區民權東路二段９號,25.06281699,121.528581,8252346.0,3643587.0,5934109.0,7211965.0,10353762.0,13756725.0
臺北市內湖區文湖街２１巷１１８弄２６號,25.086727,121.56056,24525324.0,14219586.0,23394462.0,24528272.0,30240864.0,38679320.0
臺北市內湖區文湖街２１巷７號,25.08706399,121.560148,22520130.0,8351764.5,19583338.0,19910406.0,25644340.0,32484270.0
臺北市北投區尊賢街２３９巷７號,25.1160233,121.5073728,12739986.0,7273528.5,11681774.0,11986340.0,14519581.0,14589426.0
臺北市文山區汀州路四段２８３號四樓,25.00148295,121.5355503,38504060.0,18967974.0,33814136.0,34975860.0,44463450.0,48775548.0
臺北市文山區興隆路三段３０４巷１３３號,24.9957199790495,121.555680000016,24853072.0,7343870.5,19547216.0,21801338.0,31718400.0,41431212.0
臺北市大同區迪化街二段１９１巷２５號七樓,25.06933651,121.5122015,17766162.0,10979078.0,16232092.0,16982138.0,23814234.0,28449982.0
臺北市北投區致遠二路９５巷２０號,25.1166899945199,121.511179973144,11965302.0,6090350.0,9464502.0,12247206.0,13849555.0,14450400.0
臺北市中山區德惠街３４號七樓之２４、３４號七樓之２５,25.0665699853872,121.526349960606,10051647.0,6674718.0,9364538.0,10558858.0,11165765.0,15862187.0
臺北市萬華區長泰街２９７巷２號六樓,25.0209399941475,121.492940029825,10027347.0,5704453.5,9158520.0,10174614.0,12885515.0,17489222.0
臺北市大安區和平東路三段４５２號,25.01731115,121.5598521,21677194.0,11386728.0,18240244.0,22085142.0,28926570.0,34463244.0
臺北市大安區樂業街７９巷２７號二樓,25.02240599,121.551963,4157243.8,3728690.5,4585655.0,7809842.0,12257628.0,23655380.0
臺北市士林區中山北路七段１４巷５弄８號,25.11924899,121.531608,20996036.0,8520363.0,17983300.0,20379420.0,28210122.0,30753376.0
臺北市信義區基隆路一段３７８之２號,25.0348426,121.5604238,7407697.5,4936049.0,5964082.0,9990312.0,12711878.0,21876440.0
臺北市信義區信義路五段９１巷１２弄１號二樓之７,25.03372659,121.5714009,21736564.0,12602806.0,17288566.0,18027568.0,22245200.0,28560352.0
臺北市中山區林森北路４１３號十三樓之１１,25.05976199,121.525709,11680081.0,4707770.0,9970933.0,10348452.0,12693658.0,14740188.0
臺北市萬華區開封街二段５９號七樓,25.0470300088856,121.505390005887,7392165.0,2597807.5,5161069.5,5780129.0,7208774.0,8722252.0
臺北市松山區敦化北路１６５巷４８號,25.05456798,121.552538,20407388.0,8567468.0,17796278.0,20585340.0,23369666.0,32271584.0
臺北市中山區復興北路２２２號七樓,25.0566699938181,121.543609975625,28038840.0,13663318.0,27435750.0,27551536.0,31687984.0,38787404.0
臺北市大安區仁愛路四段４０８巷９號三樓,25.0371800153689,121.557020014877,31082256.0,12788239.0,26027918.0,27898646.0,29155502.0,33809690.0
臺北市萬華區開封街二段５９號,25.04706299,121.505353,7670839.5,2362976.8,5643498.0,5752775.5,8321021.0,8518958.0
臺北市文山區指南路三段３２巷５號九樓之９,24.982731,121.580205,7060181.0,4986295.5,5546680.5,7526533.5,8187314.0,15469285.0
臺北市中正區信義路一段５之３號五樓,25.0368400034666,121.521930015423,33884056.0,16409716.0,27417964.0,32337574.0,41391796.0,43947864.0
臺北市北投區東華街二段１７４巷１４號,25.120466,121.511352,13935514.0,6441961.5,12911372.0,14074310.0,17597436.0,21404142.0
臺北市士林區忠誠路一段５６號七樓,25.1046900009293,121.527010035481,35055204.0,16140955.0,32705094.0,37531280.0,45210270.0,49022336.0
臺北市中山區吉林路４９０號,25.06815039,121.5302836,27975750.0,11499788.0,23506282.0,24813144.0,33350972.0,38732548.0
臺北市內湖區康寧路三段１８９巷２１弄２３號二樓之１,25.0710600032802,121.612290032959,29347932.0,15889621.0,28782542.0,29604468.0,35773544.0,38345388.0
臺北市萬華區和平西路三段８５號六樓之１,25.0353699852877,121.50165000069,16420142.0,11127156.0,15436039.0,17063340.0,19827300.0,23509152.0
臺北市大同區南京西路２５０巷９號,25.05332,121.515552,6949583.0,1916663.2,5352831.5,5758660.0,8848503.0,9408760.0
臺北市萬華區青年路１６８巷２弄４３號三樓,25.01985701,121.501439,6712834.5,3029155.5,4180992.2,6304068.0,8947165.0,10970872.0
臺北市文山區羅斯福路六段４０７號九樓之８,24.99167999,121.54064,10562867.0,7113417.5,8108761.5,9849356.0,12054019.0,17210296.0
臺北市信義區信安街４號六樓,25.0272899982647,121.558109997566,31346178.0,13468689.0,27011120.0,28686520.0,34497376.0,44945456.0
臺北市北投區大屯路光華１巷１６號四樓,25.1430600067336,121.499570031417,14031210.0,6913688.0,12189620.0,14439518.0,18311042.0,22498234.0
臺北市萬華區漢口街二段５５號,25.04591501,121.506177,6596414.0,2152212.5,4700260.5,5352744.5,8155876.5,9120378.0
臺北市中正區忠孝東路一段３９號,25.044475,121.525681,22648886.0,13830865.0,19824804.0,20485344.0,30196944.0,35009230.0
臺北市大同區安西街４３之２號五樓之５,25.06029802,121.510012,22083584.0,12258423.0,21286198.0,21526106.0,27047310.0,37072876.0
臺北市信義區忠孝東路五段７９０巷２２弄１７號六樓,25.0423899968352,121.582070003069,20533264.0,11205683.0,16611385.0,19220686.0,22723354.0,28909802.0
臺北市士林區天母東路８５號,25.11827501,121.535605,30786888.0,14557626.0,31921290.0,33099260.0,38061716.0,55425970.0
臺北市士林區延平北路九段２１３號,25.107847,121.471165,9959984.0,4065451.8,6746290.5,8675943.0,9842708.0,10113744.0
臺北市北投區育仁路１２巷１６號,25.13302,121.498395,8771057.0,3002654.5,6053654.0,7398837.0,10048216.0,11881090.0
臺北市大同區昌吉街６５號三樓,25.065989999597,121.514670029988,13751504.0,7578464.0,11497594.0,13483108.0,15260656.0,19822912.0
臺北市士林區士東路５４巷２４號,25.110938,121.527728,16523947.0,7557015.0,15276033.0,16781696.0,22490254.0,25702416.0
臺北市大安區新生南路一段１６５巷２０號五樓,25.03408399,121.534903,50157016.0,19639560.0,41914150.0,51982736.0,63525100.0,74575256.0
臺北市北投區光明路１８５號十三樓,25.13594398,121.50331,33342768.0,15237533.0,31512170.0,32330296.0,35861948.0,41921668.0
臺北市內湖區江南街１２６號,25.076294,121.575608,9874844.0,4466567.0,6853058.5,8409670.0,11126095.0,16674428.0
臺北市北投區建民路１６２巷９號,25.11094399,121.520242,19636038.0,8231658.0,16871400.0,19582480.0,25596110.0,29781338.0
臺北市松山區八德路四段１８１巷２７號三樓,25.0496599986449,121.56317995934,14049152.0,8112583.0,11876241.0,12390555.0,15990438.0,22765998.0
臺北市大同區民權西路１５３號十五樓之３,25.06314501,121.516434,10129034.0,4942521.5,9371721.0,9942560.0,16150193.0,21092810.0
臺北市北投區清江路１７７巷２３號三樓,25.1281700167471,121.502579972848,8952354.0,3326296.0,5828403.0,7235360.0,9201769.0,10461473.0
臺北市內湖區康寧路三段７５巷１７９之１號五樓,25.07722762,121.6123863,22470016.0,14481800.0,18844360.0,22368160.0,26807052.0,37681120.0
臺北市大安區師大路８０巷１８號七樓之１,25.0233100191799,121.527340031009,18146274.0,9531913.0,15553308.0,17969002.0,22229296.0,22792720.0
臺北市中正區汀州路一段１９８巷８號,25.027959,121.508905,15295129.0,7428376.0,14251924.0,15772374.0,19803110.0,24678862.0
臺北市信義區忠孝東路五段７９０巷５７弄２６號三樓,25.04099299,121.584436,18334632.0,9142602.0,15459374.0,17197498.0,22044740.0,29727084.0
臺北市大安區復興南路一段１２８號九樓之４,25.04282369,121.5436157,15163891.0,7698850.0,12770202.0,12795461.0,17955504.0,20348774.0
臺北市士林區福壽街５８號,25.096838,121.525512,14591931.0,6214784.5,12828598.0,13881396.0,17562128.0,18024680.0
臺北市內湖區康樂街４８巷１８之１號五樓,25.069129986255,121.617399976411,14920029.0,8263427.0,12749564.0,13428494.0,16516416.0,25504734.0
臺北市內湖區內湖路三段３６號七樓,25.0895700115196,121.583419992394,24116558.0,12900245.0,24554578.0,25908154.0,27977404.0,32949786.0
臺北市中山區吉林路６號七樓,25.04907402,121.529903,235060260.0,20637744.0,67437020.0,128237610.0,134233020.0,138996850.0
臺北市中正區中華路二段７５巷７號四樓之８,25.0337799801649,121.506660031856,14428780.0,8944503.0,12200249.0,13729202.0,18434956.0,21961140.0
臺北市中山區農安街９號,25.06510101,121.523358,7637509.5,3072626.5,5365322.0,6367924.5,9180539.0,12033459.0
臺北市北投區崗山路９巷１５號,25.1403300208693,121.486039963312,12224148.0,6222268.5,10123896.0,11629575.0,15450737.0,18331310.0
臺北市文山區久康街５８號,24.98967801,121.566025,21100092.0,10336261.0,15173005.0,20126400.0,24846626.0,27677788.0
臺北市中正區衡陽路２６號九樓之２,25.04218699,121.512827,38153736.0,20454032.0,34939988.0,42150172.0,43486504.0,45587110.0
臺北市士林區忠誠路一段１７３巷２４號二樓,25.108206,121.531888,17613520.0,7481527.0,16337107.0,16641289.0,21375094.0,31139102.0
臺北市內湖區江南街７１巷６５弄７號,25.0758800167012,121.578740040576,18031728.0,12136516.0,17830798.0,19710974.0,21291152.0,33861188.0
臺北市大安區新生南路一段１３９巷６弄９號四樓之１,25.0358500168826,121.53361002986,16172264.0,6955902.0,13127434.0,15568682.0,19716464.0,21341812.0
臺北市士林區福國路９８號,25.10210858,121.5219716,53052004.0,18557300.0,50567570.0,57397260.0,61325680.0,107839940.0
臺北市大安區市民大道三段３０６號三樓,25.0445700041226,121.543270005632,12538644.0,6962207.0,10055041.0,10533694.0,13793956.0,24759390.0
臺北市萬華區西藏路５０８號三樓,25.0287699909083,121.493570013667,7720268.0,2808144.5,6746271.0,7480928.0,9725606.0,10975414.0
臺北市文山區景興路２３巷３號,24.9978199810711,121.544979997699,9449369.0,6231568.0,8976240.0,9594843.0,12881460.0,19398500.0
臺北市大同區民權西路１２２號三樓之５,25.06271699,121.516736,10152554.0,4505305.5,8057476.0,8415109.0,10727796.0,14329581.0
臺北市信義區忠孝東路五段３６４號六樓,25.0407600100342,121.573679969448,11582490.0,8570181.0,10149069.0,11910768.0,14147814.0,28984450.0
臺北市大安區基隆路二段２２９號三樓,25.0226400117495,121.550829979382,24428592.0,8781905.0,16399203.0,19696580.0,25666214.0,34210508.0
臺北市北投區中央北路二段９５巷８號三樓,25.1364499959799,121.494980017419,11871100.0,5841903.0,8770380.0,10909191.0,13471515.0,14553184.0
臺北市信義區基隆路一段３８０巷２４號,25.03469499,121.558892,29005244.0,13851774.0,25636418.0,31022140.0,34170924.0,51675690.0
臺北市松山區富錦街５１０號,25.06090851,121.5644378,18952606.0,8080369.0,16706995.0,16801168.0,21498452.0,28954832.0
臺北市內湖區康樂街１８６巷２弄２號四樓,25.0759699964318,121.62031998002,14899525.0,8161658.0,12711320.0,13190885.0,16498532.0,25896446.0
臺北市內湖區民權東路六段１２３巷３４弄２８號七樓之２,25.070289999745,121.591829974946,48648450.0,21326430.0,45257896.0,57448736.0,67508190.0,68219330.0
臺北市內湖區行善路２５巷２４號五樓,25.05569128,121.5765844,26007026.0,15018847.0,23562752.0,26323578.0,31098384.0,38067670.0
臺北市北投區中央北路三段２２０巷１９號三樓,25.13676,121.47993,33423186.0,14171878.0,27626892.0,28643710.0,34122856.0,34973590.0
臺北市中正區思源街１２之９號,25.01471798,121.531564,27128426.0,12688212.0,20671626.0,28510334.0,39354656.0,45210960.0
臺北市內湖區內湖路一段２８５巷６５弄９號四樓,25.0844300189449,121.567430003345,16534887.0,8236354.0,13447384.0,14264543.0,17986318.0,23895086.0
臺北市大安區辛亥路一段８９號八樓之２,25.0217099976827,121.53099998903,37473484.0,15457900.0,31398896.0,38103920.0,52727070.0,58436400.0
臺北市萬華區西昌街１４２號,25.03902102,121.500532,14709631.0,8092893.5,11706064.0,13864541.0,16182292.0,19196468.0
臺北市大安區復興南路一段１０７巷５弄１５之１號六樓,25.0443499791642,121.544889976059,29154890.0,14044168.0,27012562.0,28871504.0,32767284.0,41783644.0
臺北市中正區羅斯福路一段８３巷２號三樓之１１,25.031409997042,121.519849962331,12113320.0,5502125.0,9451063.0,11234252.0,11371752.0,16924998.0
臺北市文山區福興路６２號八樓之３,25.00376401,121.55025,17720678.0,7034111.5,13298350.0,18396318.0,19759758.0,26352514.0
臺北市文山區福興路８２巷６弄９號七樓,25.0060300133219,121.551619973756,25454046.0,11285194.0,19383078.0,25377792.0,30069638.0,38947456.0
臺北市大安區敦化南路一段１９１號十一樓之１,25.042470002101,121.549259965098,39237880.0,17486320.0,39860730.0,46365104.0,50244536.0,70527160.0
臺北市萬華區青年路１５２巷２９號五樓之１,25.0203600083573,121.501599960728,7921126.5,2628800.8,7335387.0,8143332.5,10645388.0,11185076.0
臺北市文山區景華街１９４號二樓,24.998413,121.54784,13564258.0,6263384.0,11292170.0,11750333.0,16190844.0,24795876.0
臺北市大安區仁愛路四段３４５巷４弄９號五樓,25.0390400015931,121.553429961928,34412468.0,15081512.0,31376984.0,33416238.0,36815330.0,47399120.0
臺北市士林區德行東路１９４號三樓,25.1086100074968,121.531250021202,19850722.0,8917997.0,15842050.0,19431088.0,25386748.0,27622360.0
臺北市松山區南京東路五段３８９巷５弄５號五樓,25.05204901,121.56952,14882030.0,7180471.5,11551845.0,12130823.0,17115688.0,20261672.0
臺北市信義區忠孝東路五段４２３巷６弄３號二樓,25.0416800077267,121.576659987483,22460932.0,9224631.0,18108070.0,18703204.0,23988836.0,29043552.0
臺北市萬華區內江街１５８號四樓,25.0416899821915,121.501289997949,8169936.0,2762895.0,7128636.5,7833996.0,10005720.0,11404073.0
臺北市松山區民權東路三段１６０巷３２號五樓之１,25.05981698,121.546696,32674792.0,14817396.0,29067882.0,32683644.0,37437976.0,46438296.0
臺北市信義區吳興街１１８巷１６弄４號七樓,25.03009001,121.560693,39526624.0,20496522.0,44330496.0,45141170.0,49624984.0,78172380.0
臺北市內湖區星雲街１５０巷３２號二十三樓之１,25.0794199877788,121.596470028905,36525344.0,16933458.0,35745856.0,36964350.0,42526400.0,47768870.0
臺北市萬華區武昌街二段１２４之２號五樓之２１,25.04536628,121.5037647,4769950.5,1979155.6,3786376.0,4441501.5,6984792.0,9917276.0
臺北市士林區忠誠路一段１７３巷３８號六樓,25.10838001,121.5325,41934544.0,17189856.0,38864864.0,42889216.0,46818496.0,47643850.0
臺北市中山區松江路８號十二樓之２１,25.04645698,121.532689,6621530.5,3393936.5,5093295.0,8005133.0,10174653.0,15254079.0
臺北市內湖區成功路四段１６７巷６弄４號四樓,25.083477,121.5949128,20773324.0,9722843.0,17867056.0,19912040.0,24650540.0,32169260.0
臺北市萬華區環河南路二段１５５巷１４號五樓,25.0333900121196,121.493210010926,12798000.0,10413832.0,12151224.0,13356740.0,15282940.0,24270870.0
臺北市北投區中山路４７號十二樓之１１,25.13876298,121.511686,5101515.0,2548504.2,3856577.0,5055220.0,7150513.0,10401584.0
臺北市大同區民權西路２６８號十一樓之３,25.0627400004597,121.512010033015,10380041.0,6060557.0,9052838.0,10146069.0,11357273.0,18634304.0
臺北市松山區光復北路９號四樓之１,25.04904598,121.558051,25044224.0,15539608.0,22042636.0,23307346.0,24346956.0,32036876.0
臺北市中山區中原街２２號四樓之６,25.0567399827096,121.528779958155,6062118.0,4054974.0,4170900.8,5944701.0,8247130.0,13650997.0
臺北市大安區信義路三段１０５號七樓之１０,25.03370002,121.53888,17484586.0,9474671.0,14731025.0,15239481.0,21807534.0,22803676.0
臺北市北投區中央北路一段７０號,25.13434002,121.500362,15388035.0,9036415.0,14221159.0,15780167.0,18853204.0,23020522.0
臺北市中山區天祥路８０號四樓之１１,25.0640200008936,121.52036000114,11121618.0,6559252.0,9055567.0,9466506.0,10482285.0,14567126.0
臺北市中山區明水路３９７巷７弄２５號十四樓之１,25.07810001,121.549479,19211890.0,11290318.0,17760334.0,19072746.0,20667250.0,31614152.0
臺北市內湖區安康路３４８號四樓之１,25.0659099943312,121.612049975252,13078924.0,9435465.0,12441708.0,14028694.0,15784652.0,21749876.0
臺北市萬華區昆明街１３２號,25.04324101,121.504788,10201411.0,3831980.8,8614380.0,9292141.0,12363053.0,15604952.0
臺北市文山區福興路４巷６弄２７號二樓,25.0041900179368,121.552439975344,14943155.0,8035521.5,12475594.0,12809746.0,17078578.0,24330568.0
臺北市大安區師大路５９巷９號二樓之３,25.0240000174493,121.529150019181,12804054.0,5784149.0,10059472.0,11765067.0,14085804.0,17482852.0
臺北市大安區安居街３５巷１０號,25.0196099956611,121.554990001747,16520701.0,7658880.5,13964969.0,14246217.0,19385592.0,24194514.0
臺北市信義區莊敬路４２３巷２弄１９號,25.0274899904744,121.567399996131,16432361.0,8215056.0,14394586.0,14877375.0,19031612.0,25870084.0
臺北市內湖區星雲街３３巷２５弄１號三樓,25.0792699936215,121.59126000553,18196704.0,8718318.0,14988942.0,16552179.0,20400966.0,27695110.0
臺北市大同區重慶北路三段９巷１６號,25.06418998589,121.51454002667,12629660.0,5654914.0,9228943.0,10647337.0,12187248.0,13033602.0
臺北市萬華區和平西路三段３８２巷２弄２２號,25.03505499,121.490798,11111801.0,5676386.0,8863300.0,10392522.0,12095912.0,16511723.0
臺北市內湖區金龍路５９之１號三樓,25.0849600066827,121.593260011446,14970656.0,8234618.5,12583518.0,13188746.0,16325115.0,22815250.0
臺北市士林區中山北路七段２２０巷８號三樓,25.1262399997219,121.53372000043,26714156.0,9837678.0,19364676.0,25729738.0,31878152.0,36099604.0
臺北市中正區杭州南路一段２１巷２２號二樓,25.0422700098913,121.527359979938,24972768.0,10326644.0,19045010.0,21962314.0,27859402.0,33985870.0
臺北市內湖區文湖街２１巷８２弄１４號三樓之１,25.08952198,121.560597,25958014.0,14008640.0,24516906.0,27327850.0,31851046.0,39217004.0
臺北市中山區新生北路二段２８巷５號,25.05399101,121.526363,35026864.0,17464988.0,36477656.0,37771710.0,49076030.0,66063716.0
臺北市信義區福德街２１７號,25.03839501,121.584769,13873350.0,6802218.0,11384665.0,12057100.0,18582130.0,21677028.0
臺北市松山區八德路四段６３６號,25.049832,121.574493,17731766.0,9194944.0,16985408.0,17523380.0,21544672.0,30298252.0
臺北市內湖區康寧路一段１９５巷１弄５號,25.07874902,121.597124,17191364.0,10705210.0,13689691.0,15354465.0,19191564.0,25623220.0
臺北市中山區林森北路６５７號,25.067774,121.52592,9444161.0,4176210.2,7657405.5,7861208.0,10505844.0,15495626.0
臺北市信義區忠孝東路五段３７０號,25.040722,121.573945,29538026.0,14579968.0,26221752.0,28143050.0,34395210.0,43617750.0
臺北市萬華區西藏路１０７號九樓之１,25.02968999,121.50347,36172870.0,15926882.0,34173400.0,37836250.0,38898310.0,43178550.0
臺北市中山區合江街１８８巷２２號,25.06134001,121.538221,26443900.0,14543694.0,24660888.0,25511838.0,30447950.0,37649436.0
臺北市松山區三民路７４巷８號,25.05568399,121.565245,25950984.0,13471926.0,23635356.0,28365944.0,29966180.0,40185624.0
臺北市大安區和平東路二段９６巷２０弄５號,25.02227699,121.539932,32350158.0,13298324.0,27082360.0,27743328.0,39035510.0,50321548.0
臺北市大同區民權西路１２２號七樓之６,25.06271699,121.516736,11517480.0,5409616.0,9879234.0,10640170.0,13150415.0,16207065.0
臺北市中山區錦州街３０巷１２號十樓之１,25.05953899,121.524662,8753117.0,3070760.5,6942574.5,7377635.5,9765366.0,11879912.0
臺北市文山區和興路２６巷１５弄７號,24.985088,121.545634,17007420.0,10408610.0,15190060.0,17048896.0,20384824.0,32039626.0
臺北市士林區華岡路２７號,25.137979986676,121.542770025107,3468697.2,2372139.2,2902652.8,5344084.0,8103651.5,12836895.0
臺北市內湖區成功路四段２２４號,25.084656,121.596279,13392352.0,7063043.0,11209253.0,11488606.0,15695338.0,21131266.0
臺北市中正區汀州路一段１９８巷４號四樓,25.02799001,121.508983,3201602.0,1988818.4,2903898.5,6283336.5,8362133.0,14393899.0
臺北市信義區松山路６５６巷１９號,25.03114999,121.577951,18721550.0,7590428.0,14450676.0,16129629.0,20523906.0,27101376.0
臺北市內湖區民權東路六段１８０巷４２弄１５號九樓之２,25.0675899791846,121.591999959942,29008950.0,17187070.0,28210390.0,32008842.0,34421132.0,41187744.0
臺北市中山區林森北路１１９巷２０號五樓之７,25.0504600093935,121.52596003447,8967598.0,5601144.5,8458864.0,9698431.0,10785838.0,15671497.0
臺北市內湖區康寧路三段１９０巷３５號十二樓之２,25.0686699874088,121.610799982031,22904502.0,12628890.0,21315410.0,22660250.0,27608772.0,37516820.0
臺北市士林區社中街１５２巷１６號,25.09065098,121.510427,12205602.0,6892089.0,10962798.0,12621473.0,15392350.0,15526750.0
臺北市內湖區麗山街３３０號,25.08296901,121.573222,25050768.0,12471336.0,19493936.0,23153772.0,24099592.0,24796064.0
臺北市內湖區成功路四段２３０號,25.08469099,121.596466,13914319.0,7196403.5,11226969.0,12106137.0,16000811.0,21977986.0
臺北市中山區中原街２２號七樓之１５,25.0567399827096,121.528779958155,7740600.5,6047520.0,6487993.0,8913575.0,10556724.0,18176688.0
臺北市大安區和平東路一段５９號十七樓之２,25.027109996894,121.524460009078,35942000.0,15228701.0,30176792.0,32897728.0,43646296.0,49750656.0
臺北市文山區秀明路一段１９７號六樓之７,24.992009981066,121.56946999094,12435682.0,7858262.0,10975770.0,11675248.0,13698023.0,17294338.0
臺北市文山區景後街９９號二樓,24.99145992,121.5426944,34741424.0,12646004.0,28461218.0,29532506.0,38616736.0,42666960.0
臺北市中山區民權東路三段６０巷３弄１號四樓,25.06148598,121.542522,4687811.0,4823508.5,5148391.0,9072960.0,11749706.0,23015166.0
臺北市大同區民權西路２６８號十二樓之６,25.0627400004597,121.512010033015,19235136.0,12613146.0,19295546.0,22802852.0,24005772.0,28071374.0
臺北市信義區松勤街１４６號七樓,25.0315695,121.5695748,48303200.0,21173912.0,39640400.0,46837790.0,66303056.0,79739740.0
臺北市松山區南京東路五段２３９號,25.05161642,121.5649724,16809534.0,6399649.0,13085961.0,14795226.0,16686390.0,33068214.0
臺北市萬華區青年路３０巷７之２號,25.0265699927819,121.505009970397,18498990.0,11779730.0,16756844.0,19748230.0,21476976.0,29194676.0
臺北市大同區南京西路３４４巷３５號九樓之４,25.052870016104,121.512259981368,4927949.5,2839325.5,2918744.2,4965127.0,5534121.0,9363252.0
臺北市中山區敬業三路１８８號八樓,25.07836001,121.556515,29639724.0,14476829.0,27152444.0,30537748.0,37015224.0,42660612.0
臺北市南港區舊莊街一段１９９巷１１弄６號,25.04017784,121.6214927,16512447.0,8808763.0,16111826.0,17058198.0,24070008.0,31545786.0
臺北市中正區齊東街８２巷３８號,25.04237998,121.528491,19804508.0,9762610.0,18088842.0,18969748.0,25246860.0,26726234.0
臺北市大同區重慶北路二段８８號八樓之１,25.0567100174058,121.513630003442,62879204.0,25003128.0,48857390.0,82976180.0,86700750.0,98353200.0
臺北市內湖區民權東路六段２０６巷７６弄３號,25.0651800143836,121.595479958502,38868572.0,12098428.0,31999136.0,32891202.0,62748972.0,65882764.0
臺北市中山區中山北路二段７７巷２０號十三樓,25.0573400012485,121.524790004606,41296696.0,22650872.0,41936304.0,44019760.0,47845284.0,59375436.0
臺北市北投區自強街３１巷１５號四樓,25.1108799945148,121.512649991323,13639207.0,4383034.0,10823737.0,11938926.0,11945281.0,14952906.0
臺北市大安區和平東路三段３４６巷５弄４號三樓,25.01906798,121.557575,9558220.0,4441116.0,5660255.5,8570973.0,12959829.0,18158358.0
臺北市士林區延平北路五段１６３巷１８弄１號,25.082888,121.509418,11140875.0,4500603.0,9249014.0,10769393.0,13340827.0,13758509.0
臺北市北投區行義路１３０巷１０號三樓之１,25.1292400085969,121.529190000859,28581768.0,14126431.0,25603972.0,32602268.0,34410500.0,36387250.0
臺北市北投區中山北路七段２１９巷３弄１２１號二樓,25.12765298,121.530047,19612644.0,10507928.0,18139976.0,19292934.0,22724568.0,38365800.0
臺北市內湖區大湖山莊街１６８巷１４號二樓,25.08854635,121.5988047,11776719.0,6252009.5,9514294.0,9723585.0,12236418.0,17577006.0
臺北市內湖區內湖路二段２２９號,25.08187899,121.589098,15753613.0,7700465.5,13199014.0,13770875.0,17751664.0,24976628.0
臺北市中正區牯嶺街１４６號十一樓,25.0214900146339,121.518910015709,66547960.0,24084104.0,50806460.0,89951496.0,93753380.0,119709016.0
臺北市內湖區內湖路三段６０巷１２弄７３號,25.089446,121.591669,31979732.0,15789320.0,30342032.0,31725540.0,37017480.0,56383050.0
臺北市文山區興隆路一段７０巷１１弄２０號,25.001806,121.540492,14082634.0,6309216.5,12463868.0,13126433.0,17932880.0,25411940.0
臺北市文山區秀明路二段８號二樓,24.99155501,121.574147,17585726.0,6700145.0,13795982.0,14242250.0,20667250.0,28889462.0
臺北市松山區富錦街４２９巷７號二樓之１,25.0613100058685,121.56123996785,13454747.0,9335166.0,11279728.0,11777640.0,14544277.0,23068916.0
臺北市士林區中山北路六段４２７巷６弄１２號,25.11458899,121.527029,21712988.0,8446208.0,19651512.0,20704298.0,23515072.0,29355266.0
臺北市信義區忠孝東路五段７１巷１２弄８號二樓之１,25.0419299979889,121.566919964537,10336596.0,6600875.5,8424464.0,10377230.0,13163866.0,23388484.0
臺北市北投區中央北路四段１８巷４６弄１８號四樓,25.1362699946092,121.478869999516,14726727.0,7495717.5,10355896.0,11172603.0,16358404.0,17794548.0
臺北市大安區信義路三段１６６巷６弄１１之２號,25.032885,121.541289,42977330.0,16626092.0,37612044.0,39028440.0,50896080.0,75229000.0
臺北市信義區信安街１５９號十一樓,25.0225699809485,121.555040041709,17708074.0,10149030.0,14645075.0,14800392.0,19807720.0,32224960.0
臺北市南港區三重路４１巷３７號十樓之３,25.0600699871127,121.612709966308,42436624.0,19793972.0,42249012.0,45349404.0,58381364.0,58863504.0
臺北市北投區三合街一段８２巷７６號三樓,25.128721,121.5046084,44244930.0,18313136.0,42312240.0,43808100.0,44303616.0,46391108.0
臺北市萬華區萬大路３４４巷３８號二十一樓之３,25.023990001075,121.498430008766,19853410.0,13573186.0,17043174.0,22935192.0,23008318.0,33585760.0
臺北市文山區羅斯福路五段２１１巷３５號,25.00290348,121.5399751,16231411.0,6514057.0,13363646.0,15535163.0,20099776.0,28017990.0
臺北市內湖區民權東路六段２０６巷５８號四樓之１,25.0667299959188,121.595560005678,38371508.0,18260818.0,39298696.0,45504412.0,53152176.0,55586252.0
臺北市南港區福德街３３９巷９弄６號,25.03796498,121.589974,11402833.0,4854733.0,9471039.0,9975879.0,15209571.0,18812218.0
臺北市萬華區環河南路二段１４８巷１４號五樓,25.03622201,121.494462,7942677.5,2897936.8,6626350.5,6904806.0,9137059.0,9278274.0
臺北市松山區民生東路五段１３７巷４弄１８號,25.05971899,121.56236,36483012.0,16347456.0,36003410.0,37627110.0,44938000.0,68903780.0
臺北市中正區辛亥路一段３３號五樓,25.01944802,121.528361,24689644.0,12802394.0,24150944.0,27211030.0,32484704.0,39746850.0
臺北市文山區木柵路四段１３９號八樓之１,24.9985699937672,121.573749958339,15429122.0,10446857.0,12097943.0,12457760.0,16604384.0,26535604.0
臺北市信義區林口街３８巷１４號四樓,25.0380200077957,121.580090029901,13502178.0,7864304.5,11223094.0,12484782.0,15463975.0,22524168.0
臺北市士林區承德路四段１８３號,25.08770701,121.522516,35753900.0,18044768.0,33279358.0,41020204.0,44432504.0,53055344.0
臺北市內湖區民權東路六段２９６巷３１弄４號五樓,25.0717399851753,121.606280040744,17312786.0,8772262.0,15213285.0,16303271.0,19139180.0,29056462.0
臺北市內湖區文德路２７１號,25.07955699,121.588921,37018540.0,18810030.0,36477100.0,37294508.0,45189496.0,55234320.0
臺北市中山區龍江路８號二樓,25.0514699868166,121.540319994809,19800428.0,11231981.0,17366000.0,18208440.0,22256320.0,35844372.0
臺北市中山區民生東路二段９３巷１９號,25.05873701,121.531054,40201720.0,22177840.0,40544084.0,41242380.0,51710100.0,52747496.0
臺北市北投區民族街５５號三樓,25.1337799826329,121.506419974149,12481449.0,5768801.0,9613528.0,12077055.0,14860104.0,16039005.0
臺北市北投區泉源路３６之２２號四樓之３,25.14027001,121.506538,11387293.0,7720216.0,9730301.0,10820290.0,13340547.0,15215780.0
臺北市北投區中央北路三段３６號,25.1383199985783,121.485730000532,10944204.0,3692983.0,7516943.0,8261338.5,10213190.0,10655829.0
臺北市內湖區陽光街１０１號三樓之１,25.07526399,121.58597,22064678.0,13332204.0,18734730.0,21497796.0,25490826.0,33862220.0
臺北市北投區泉源路３４之１號九樓之１,25.1403700025475,121.506830016853,11187957.0,7114917.0,8618949.0,9826838.0,13078550.0,14034636.0
臺北市萬華區康定路１０５號十四樓之１,25.0392682,121.5020232,17346932.0,10539261.0,15550519.0,16699349.0,20833040.0,25265116.0
臺北市中山區雙城街４３巷２１號五樓,25.067593,121.525133,7743642.5,3673649.2,5065002.0,6621328.5,7667592.0,12472382.0
臺北市士林區中山北路六段１７２巷１６弄２號五樓之４,25.10714401,121.525958,6581220.0,2921782.8,4538671.0,5913726.0,8146921.5,12056157.0
臺北市中山區民權東路三段３９巷２號七樓,25.063006,121.542418,26783798.0,13258865.0,24155182.0,29993798.0,30988194.0,41573300.0
臺北市士林區德行東路１８８號,25.10854702,121.531018,11138580.0,4508047.5,8592006.0,9310520.0,13013754.0,17002588.0
臺北市內湖區康寧路三段１６５巷１４弄１７號四樓,25.070549,121.612232,18465712.0,9399325.0,15743970.0,17829132.0,22807852.0,31151696.0
臺北市信義區永吉路３０巷１０２弄１９號,25.04354012,121.5679357,22754668.0,11825970.0,18288528.0,20955546.0,25009664.0,34257456.0
臺北市松山區南京東路五段２３０號十樓之６,25.0511399912886,121.565729985743,29245896.0,14069854.0,28525672.0,29570438.0,33707824.0,40894510.0
臺北市士林區天母東路１０５巷３號一樓,25.11865394,121.5364391,20976820.0,8550057.0,19410122.0,20290096.0,26606962.0,34782600.0
臺北市信義區忠孝東路五段７９０巷７０弄１７之５號,25.039853,121.583265,33025352.0,16915220.0,30532216.0,31973328.0,39077004.0,52591180.0
臺北市南港區玉成街１４０巷１弄１號三樓,25.04475902,121.583501,14993116.0,8862937.0,12883868.0,13174566.0,19150390.0,24971436.0
臺北市大安區四維路７６巷７號,25.03434098,121.547575,39190384.0,17072260.0,33436576.0,34907680.0,47389900.0,61105940.0
臺北市北投區泉源路３９之４５號,25.14144133,121.5071504,23884240.0,12120716.0,19877016.0,24426868.0,27118700.0,35249844.0
臺北市士林區福華路１４１巷６號二樓,25.1029399852748,121.522030011528,8853585.0,3576475.2,6444192.0,8185206.0,9810358.0,11598739.0
臺北市北投區稻香路２３７號三樓,25.14398145,121.4881325,20778514.0,12774295.0,19067654.0,19600080.0,26911408.0,27405048.0
臺北市中山區長春路３６６號十五樓之２,25.0544599793174,121.542600040111,31526056.0,14298184.0,30079906.0,30331500.0,36051440.0,41431212.0
臺北市大安區敦化南路二段４６號七樓之５,25.0313700153638,121.548420014581,15061476.0,7463675.5,11205448.0,11832942.0,15785044.0,20734648.0
臺北市文山區樟新街３６號,24.97844898,121.555374,23027768.0,12157646.0,17676118.0,20569484.0,25039972.0,36419816.0
臺北市南港區大坑街４５０號四樓,25.0464404,121.6172631,23323934.0,14738557.0,20530092.0,27593714.0,32584860.0,35581104.0
臺北市中山區林森北路１１９巷６１號,25.05033998054,121.527069966089,15078003.0,7230552.0,13536732.0,16378572.0,16929648.0,18760548.0
臺北市文山區辛亥路四段１３０巷３號六樓之２,25.00467101,121.556539,7917954.0,4700838.5,5365557.5,7776353.0,9456202.0,16414036.0
臺北市內湖區康樂街１９６號五樓,25.07616601,121.620819,18288598.0,9617049.0,15715438.0,17778400.0,22224420.0,31748664.0
臺北市南港區向陽路１２０巷２弄１０號二樓,25.0547300023282,121.596199963985,15558886.0,8323418.0,12639878.0,13518361.0,17535350.0,24978342.0
臺北市北投區中央北路四段１１８號四樓,25.133984,121.476439,12859563.0,7526871.0,10304116.0,11545633.0,14209988.0,20227268.0
臺北市信義區林口街１０巷１７號,25.03724099,121.57998,14030701.0,5871315.0,11947104.0,12447642.0,18234852.0,21604752.0
臺北市內湖區民權東路六段１８０巷４２弄１１號四樓之５,25.0675800047198,121.592229959365,13842108.0,8726869.0,12418379.0,13123604.0,15017501.0,21051652.0
臺北市中山區民權東路二段１３５巷３０弄１６號六樓,25.06415101,121.534376,16834208.0,11347312.0,17375044.0,19131552.0,21189222.0,36131084.0
臺北市士林區文昌路１６９巷２９號四樓,25.09782602,121.519231,12410707.0,6563958.0,10587313.0,11951616.0,14902908.0,16632690.0
臺北市文山區興隆路四段１２１號,24.98574501,121.561434,13590284.0,7828723.0,11305574.0,12346770.0,14189458.0,23441808.0
臺北市北投區大興街２５號,25.130152,121.498546,14914908.0,6915930.0,13222725.0,15646737.0,19827450.0,22105328.0
臺北市萬華區萬大路１８７巷７號三樓,25.0281599979048,121.501139961882,5667353.0,1749302.4,3824222.8,4719376.5,6539895.0,7346126.0
臺北市文山區試院路１５２號三樓,24.990115,121.546928,13433643.0,8947745.0,10142973.0,13440716.0,15594002.0,25403460.0
臺北市中山區新生北路二段１４７號,25.06182201,121.527964,20911148.0,13447332.0,19702368.0,20453798.0,24447328.0,30692140.0
臺北市文山區溪口街４９號四樓,24.9948200141056,121.539890003176,7166037.0,4795401.5,4994862.5,8048214.5,9477129.0,15935420.0
臺北市文山區保儀路１０９巷３弄３０號,24.98616398,121.56907,12426222.0,5571380.0,10189316.0,10501957.0,12831901.0,21643646.0
臺北市士林區中山北路六段４４１巷３０號二樓之１,25.11660999,121.526995,117878504.0,18518196.0,80442290.0,91667390.0,146303700.0,198544820.0
臺北市文山區木柵路一段３３５巷１１弄７號二樓,24.9889899813519,121.556929993237,11588169.0,7315016.0,9943736.0,9982141.0,12478950.0,20868076.0
臺北市信義區基隆路二段７７號,25.03033741,121.5581396,22453522.0,10910460.0,17452266.0,19137464.0,24924470.0,33227920.0
臺北市士林區中社路一段１１巷８０號四樓,25.1099700131966,121.562509993819,11573877.0,6925401.0,8398241.0,9803848.0,13488793.0,19362276.0
臺北市文山區久康街２６號五樓之１,24.9888099799812,121.565039987473,10841899.0,6950418.0,8189297.5,9630578.0,10447096.0,15194378.0
臺北市內湖區星雲街１６８巷１１號四樓,25.08063599,121.59692,16075635.0,11298159.0,14204595.0,15193972.0,19026240.0,29514598.0
臺北市萬華區成都路１０２號,25.04350701,121.502233,17883796.0,13766726.0,17239140.0,18691614.0,22456692.0,26977446.0
臺北市內湖區成功路二段４９８巷１號四樓,25.0735099916689,121.589069981868,17466620.0,8408579.0,14062878.0,15524914.0,19289916.0,27006482.0
臺北市北投區溫泉路７１號七樓之２５,25.1356400107665,121.504809978187,4666009.5,2096690.1,3018134.5,4280109.0,5973070.0,6370791.5
臺北市中正區牯嶺街８３號十樓,25.02755202,121.518357,284253730.0,22726476.0,73317896.0,130599370.0,145283150.0,151858100.0
臺北市大安區信義路二段６６號,25.03433208,121.5261752,34705332.0,15060556.0,27223074.0,30435118.0,39987516.0,40498330.0
臺北市內湖區內湖路二段１０３巷１１９弄２號五樓,25.08447901,121.581102,23463236.0,12761485.0,22198534.0,25218464.0,25583664.0,40785224.0
臺北市信義區信義路五段１５０巷４２６弄１１號二樓,25.02231687,121.578447,15906238.0,7350029.5,13189728.0,14302194.0,19351826.0,27473976.0
臺北市士林區前街４３巷５號,25.09774798,121.525522,3684550.8,1863424.9,2935574.5,5884876.0,7415656.5,10625893.0
臺北市中山區長安東路二段１６６號,25.04821802,121.539741,23213644.0,11641626.0,19054602.0,22987614.0,28225892.0,34126696.0
臺北市內湖區金湖路３２６巷５１號三樓,25.07394199,121.604453,9723010.0,5077470.0,8239701.0,8514775.0,10913457.0,16559694.0
臺北市內湖區康樂街１１０巷１０號六樓,25.0706300116473,121.618449977421,19610400.0,12243842.0,19389106.0,19986618.0,22650960.0,31797570.0
臺北市萬華區和平西路三段２９８巷５號三樓之６,25.0351000041864,121.49370999145,12120508.0,7642406.0,10069262.0,11292386.0,13464554.0,20978182.0
臺北市大安區杭州南路二段６１巷２５號,25.03024101,121.523911,31574198.0,13192420.0,26843788.0,29838708.0,35570110.0,43382780.0
臺北市內湖區成功路五段４５０巷３號七樓,25.0742155,121.6074401,37991944.0,19240310.0,36275470.0,42886930.0,48640744.0,55553820.0
臺北市大安區金山南路二段１８５巷３號,25.028477,121.52668,29361482.0,9067839.0,24994880.0,26103338.0,34543924.0,40710690.0
臺北市大同區長安西路１３８巷５弄１號,25.05012498,121.517647,2331793.0,1770023.9,3105375.8,6355463.0,8646537.0,14197174.0
臺北市士林區通河西街一段９６號,25.085102,121.51235,12457618.0,7181772.5,11233716.0,12671718.0,14345223.0,19075766.0
臺北市北投區珠海路１１４號六樓,25.14181802,121.506084,21303094.0,10333343.0,18375732.0,20784738.0,24547976.0,34520544.0
臺北市中正區連雲街１８之１號二樓,25.03679101,121.531763,31609328.0,10834395.0,28721834.0,29483708.0,38910332.0,43990130.0
臺北市內湖區成功路五段３９８號十七樓之１,25.07622158,121.6074267,34981796.0,18731980.0,30697996.0,32977262.0,43441320.0,45742670.0
臺北市內湖區成功路二段３６９號十二樓,25.0798051407545,121.59124288601,33380246.0,15769997.0,31630558.0,34566468.0,36922216.0,42702376.0
臺北市中山區長安東路二段１０５號七樓,25.0485200179035,121.535250033036,12906054.0,7702669.0,11881090.0,12007002.0,14897280.0,21092972.0
臺北市中山區龍江路３９４巷５７號三樓,25.0673000072442,121.538600028278,21352356.0,8658940.0,16208301.0,19109014.0,24015390.0,27566360.0
臺北市中正區中華路一段９５巷９號,25.03765598,121.507932,51143056.0,24097614.0,39592420.0,54328020.0,79328640.0,112716910.0
臺北市萬華區康定路１０５號十三樓,25.0392682,121.5020232,14236276.0,7457805.5,12117942.0,15670780.0,19925564.0,22596760.0
臺北市大安區安東街３５巷３１號三樓,25.0442499830594,121.543360027272,12459138.0,6979358.0,11280502.0,11759414.0,15597780.0,20607930.0
臺北市中正區仁愛路二段３８巷７弄３號,25.036738,121.527324,15706029.0,5286419.0,12404956.0,16733050.0,18472406.0,22671836.0
臺北市松山區健康路１７７之１號,25.05424679,121.5609479,21274832.0,11410296.0,18644258.0,19294994.0,22405650.0,31325798.0
臺北市內湖區康寧路三段２６５巷１９號,25.06651701,121.612183,14268407.0,7766073.5,12624627.0,13641627.0,17125094.0,26056180.0
臺北市中正區和平西路一段５９號十樓之１２,25.026780001366,121.519709984548,14022568.0,6166914.5,11147486.0,12470027.0,14627683.0,16642718.0
臺北市士林區小南街１４號,25.08873601,121.525742,5512062.0,1799156.8,3598419.0,4946921.0,7657296.0,9770192.0
臺北市士林區忠誠路一段１７７號二樓,25.10797902,121.530499,26953940.0,12271056.0,25583908.0,27121182.0,30729044.0,41126280.0
臺北市中正區羅斯福路三段１３８號,25.02031299,121.528308,82938040.0,25723310.0,60641628.0,96185960.0,124697250.0,125838370.0
臺北市士林區忠誠路一段１６巷２９號五樓,25.10585198,121.525954,19478140.0,10644170.0,18455184.0,19425492.0,22839458.0,33580508.0
臺北市北投區光明路６８號十四樓之８,25.1327677,121.5002257,9472250.0,4601759.5,7350352.0,8222321.5,9671351.0,11680816.0
臺北市大同區民權西路１６０巷２６弄１號十八樓之２,25.0616125506636,121.515490031576,39906904.0,21337496.0,38853600.0,40962584.0,44620870.0,55256550.0
臺北市北投區溫泉路３７巷２６號三樓之７,25.13372701,121.503238,10621415.0,4781190.5,7220058.0,8319355.0,10157357.0,11642136.0
臺北市萬華區國興路１巷１１號,25.02352099,121.509121,10718204.0,5629012.0,9538733.0,10165168.0,13330296.0,16718120.0
臺北市信義區光復南路４５５號十二樓,25.0345100020219,121.557729962076,27596820.0,13229108.0,24262724.0,25161288.0,28151372.0,39161770.0
臺北市北投區大屯路２１巷４弄４號三樓,25.1439100155346,121.499989964766,11787259.0,5758380.0,8444332.0,11215198.0,13340725.0,13350830.0
臺北市內湖區東湖路１０６巷７弄３８號,25.06811301,121.613115,14030728.0,7782651.5,12392092.0,13444306.0,16815660.0,25526878.0
臺北市中山區民族東路４１０巷６號三樓,25.0667100050797,121.538240025536,14417309.0,8035307.0,12262726.0,13335026.0,16235034.0,21608668.0
臺北市松山區民生東路四段９７巷４弄１號三樓,25.0589999952628,121.552850018047,29081468.0,10289367.0,23144236.0,28376658.0,33072756.0,36410436.0
臺北市信義區信義路六段７６巷２弄４３號五樓,25.0337700057001,121.576559991379,20574076.0,8703813.0,15592367.0,16215259.0,22470444.0,27778538.0
臺北市內湖區東湖路１１３巷９５弄１４８號四樓,25.06988599,121.613974,17679794.0,8962127.0,15318778.0,16472591.0,21807700.0,30848844.0
臺北市中山區中山北路一段５３巷２０號三樓之１１,25.0489200023231,121.522880020329,11341643.0,6143645.5,9288119.0,10114651.0,10414766.0,14294066.0
臺北市松山區八德路四段５７９號,25.050142,121.573796,24599064.0,14428698.0,19637762.0,26658268.0,26729956.0,34281576.0
臺北市萬華區和平西路三段３８２巷１２弄５０號四樓,25.03471699,121.490429,8348635.0,3160384.8,6332376.0,7319377.5,9992789.0,10739650.0
臺北市內湖區東湖路１１３巷４９弄２９之１號,25.06984199,121.615149,29096338.0,17550642.0,25965194.0,31092394.0,36785636.0,45179930.0
臺北市文山區景興路２６２號,24.9899987,121.5426351,9432136.0,6540806.0,8730391.0,10594727.0,12493144.0,26432856.0
臺北市文山區興德路２０巷８號,25.00075438,121.5561528,11662138.0,6228146.0,10115616.0,10424206.0,13515036.0,21263840.0
臺北市士林區至誠路二段９號,25.10198671,121.5303473,19703532.0,7886145.0,17643916.0,19063546.0,23902470.0,29361426.0
臺北市松山區民生東路五段１７０號十三樓之３,25.05830602,121.562775,28850476.0,14843334.0,28193284.0,31143498.0,33831104.0,46703444.0
臺北市信義區吳興街６００巷７６弄８２號,25.01837299,121.57001,14394146.0,7362636.0,12871956.0,13262304.0,17878612.0,25451764.0
臺北市北投區幽雅路７號,25.13729598,121.513111,11324264.0,5139281.5,9124067.0,9946202.0,11878280.0,13225878.0
臺北市中山區農安街１６６巷３號五樓,25.0644300016875,121.533929967104,30187156.0,14620068.0,28583296.0,29105440.0,34774508.0,42992744.0
臺北市大安區青田街６巷１３號,25.02826402,121.531069,22190956.0,7504666.0,18446668.0,19560156.0,25257166.0,28296452.0
臺北市中山區中山北路二段１１５巷３弄１０號四樓之２,25.06136901,121.523758,12952464.0,3681080.8,7523957.0,8813359.0,12242067.0,14399885.0
臺北市北投區溫泉路６５巷１６號四樓之１８,25.13604402,121.504374,7507787.0,3317463.5,5294421.0,6770389.5,9071368.0,10116465.0
臺北市信義區信義路五段１２７號,25.033964,121.573943,13343626.0,7552850.5,11001256.0,11183520.0,16366986.0,18970652.0
臺北市松山區南京東路三段３０３巷６弄８號八樓之１,25.0523300119919,121.547430027997,18191290.0,10180943.0,17037064.0,18640596.0,22247492.0,26779456.0
臺北市內湖區康樂街２０１巷２號三樓,25.0760600180719,121.621439969922,29467854.0,15882107.0,29242270.0,29794406.0,35669440.0,38463100.0
臺北市松山區富錦街５１０之１號,25.0609000050746,121.564440010844,16470989.0,8314524.5,13567854.0,15168114.0,18551144.0,26423732.0
臺北市信義區光復南路４３１號十一樓,25.0358400005083,121.557700038682,29484946.0,13678964.0,26130088.0,27075080.0,30710938.0,40655130.0
臺北市大安區和平東路二段１６號十一樓,25.02567799,121.535814,36954908.0,15857589.0,32298432.0,34954652.0,46148770.0,54319212.0
臺北市南港區重陽路４８９號,25.06096098,121.611939,23202356.0,15295771.0,19937806.0,23856832.0,29812482.0,35116436.0
臺北市大安區師大路１０５巷１８號三樓之３,25.02240201,121.529096,17236806.0,8963084.0,15803631.0,17149772.0,21674672.0,23208776.0
臺北市南港區福德街３７３巷３號一樓,25.0390700088064,121.591729978841,33079190.0,15726383.0,29551268.0,30637338.0,41884824.0,43449444.0
臺北市松山區撫遠街３８０巷２１號二樓,25.0641199969985,121.56480998805,13901666.0,8007095.0,11052131.0,12826591.0,15366624.0,23500948.0
臺北市中山區伊通街１９巷３６號三樓,25.0487899990048,121.535789995238,17799130.0,8448254.0,14680621.0,17892360.0,19903952.0,24905936.0
臺北市文山區試院路８２號五樓之２,24.989859980992,121.548810024536,13636190.0,8901886.0,11673399.0,12920511.0,15335997.0,22200186.0
臺北市大安區復興南路二段１５１巷３０弄３號十五樓,25.0279756,121.5455311,28503428.0,14067976.0,24199914.0,24263186.0,32275830.0,44752896.0
臺北市內湖區內湖路三段１３４號,25.087009,121.590173,13929216.0,8042130.0,11525831.0,11920722.0,15895077.0,20719468.0
臺北市大安區大安路一段１６９巷８號,25.03671,121.546718,38422772.0,15792633.0,34117850.0,35447188.0,45358310.0,61123892.0
臺北市士林區中山北路六段４４１巷３０號三樓之３,25.11660999,121.526995,44747264.0,15479379.0,47585544.0,60920790.0,61484732.0,90356110.0
臺北市信義區吳興街１７９號,25.02862,121.562442,12831240.0,7845569.5,8360163.5,9232182.0,14002470.0,22602236.0
臺北市信義區信義路五段１５０巷３４２弄３４號三樓,25.0264300149989,121.571070012437,24846626.0,9071229.0,17887208.0,20260048.0,27553272.0,36038104.0
臺北市文山區三福街７７號二樓之３,24.9978100066063,121.542979991782,26408970.0,9911697.0,18643582.0,20703034.0,26912382.0,28863852.0
臺北市文山區下崙路２８巷１號五樓,24.986167,121.556753,17090114.0,9490262.0,12967791.0,14734819.0,22887994.0,24520272.0
臺北市士林區中山北路六段７５４巷２６之２號,25.1143500186104,121.529240040821,11882540.0,7220188.5,9236850.0,11420921.0,14686194.0,17279994.0
臺北市內湖區康寧路三段７５巷２４弄５１之１號,25.074188,121.610099,6350488.5,2920754.8,4633788.5,6945965.0,9120083.0,14325591.0
臺北市松山區光復北路１１９號二樓,25.052069,121.557411,23956236.0,13397461.0,21796056.0,25789828.0,26834472.0,39201972.0
臺北市內湖區民權東路六段２８０巷４５弄３９號六樓之１,25.0702700089059,121.605930012467,10703903.0,7774447.0,9633333.0,10341072.0,11572663.0,17381110.0
臺北市文山區興隆路二段１５３巷３弄１號,25.000807,121.548076,14184804.0,5954534.0,11335436.0,12353012.0,16352664.0,24539644.0
臺北市中山區錦州街１５９號七樓之１,25.0604299898541,121.52985996638,15387037.0,10445801.0,14904585.0,16760648.0,18290552.0,25475904.0
臺北市文山區木柵路三段１０２巷１４號三樓之３,24.9867199943339,121.567810038835,9307804.0,5690744.5,5813220.5,7872761.5,8868399.0,15794711.0
臺北市大安區和平東路三段１巷７２弄８號十六樓,25.0276999990585,121.546459990342,28161146.0,12365270.0,22945780.0,24003712.0,28850642.0,38655496.0
臺北市北投區溫泉路８９號,25.13570602,121.507004,22875904.0,10993201.0,20648770.0,22652256.0,28739424.0,31521848.0
臺北市萬華區梧州街６０巷６號二樓,25.0357299880291,121.497110026654,4175346.2,1338217.2,2848356.8,3702515.0,5527064.0,6031180.0
臺北市大安區信義路四段２１０號,25.03302498,121.551895,51921896.0,27367180.0,50169650.0,51687028.0,52457436.0,84593210.0
臺北市信義區信義路五段１１７號三樓之１,25.0338200037525,121.573700002196,14749131.0,7676438.0,12107730.0,12823118.0,15142330.0,20883486.0
臺北市松山區健康路３５巷１３號七樓,25.05424599,121.554459,33917490.0,16594886.0,31839870.0,32981288.0,41023336.0,44733356.0
臺北市中山區民生東路二段８３號,25.058123,121.530731,9892942.0,4442560.5,7845345.0,8764861.0,11933826.0,15714749.0
臺北市士林區天母東路８１巷２０弄１４號四樓,25.11923987,121.5355219,16836714.0,7245724.5,15381198.0,15580921.0,20799768.0,30230080.0
臺北市信義區永吉路１２０巷４３弄７號五樓之１,25.04437701,121.570654,18251242.0,9148865.0,15216535.0,16103715.0,22529324.0,26087858.0
臺北市內湖區成功路五段４２０巷１７號十一樓之１,25.07526902,121.608359,29959092.0,17621450.0,27858606.0,31887518.0,36403216.0,45314816.0
臺北市信義區忠孝東路五段４６９號二十一樓之９,25.0409700186183,121.5771000374,45731856.0,20090196.0,46072428.0,46131784.0,52153056.0,57348344.0
臺北市萬華區德昌街１８５巷１２弄８號三樓,25.02316501,121.494035,12455693.0,5778723.5,12153635.0,12201576.0,14919517.0,20523672.0
臺北市中山區民權東路二段９２巷１弄６號三樓之３,25.0614799908649,121.531829965083,9924693.0,6133570.0,8675248.0,8992623.0,10997479.0,16240702.0
臺北市文山區辛亥路四段１２８之６號十樓,25.0050699920417,121.556920018772,18275312.0,7985803.5,13938757.0,15772283.0,21404672.0,24853356.0
臺北市信義區松山路６５６巷１９號四樓,25.03114999,121.577951,18458704.0,8508606.0,15334944.0,18481074.0,23590632.0,31841084.0
臺北市大安區信義路三段１３４巷４３號,25.03004098,121.539508,5520005.0,5793374.0,6001065.0,9983245.0,13689665.0,28726108.0
臺北市北投區知行路２９３巷１６號六樓之８,25.12216912,121.4665235,15232419.0,12209095.0,12935504.0,13929854.0,16450675.0,21301754.0
臺北市文山區萬美街二段２巷１號五樓之１,25.0025099911739,121.562770000455,13247161.0,9578168.0,12461278.0,12492071.0,15306336.0,26396784.0
臺北市信義區基隆路一段３８０巷３２號十二樓之１,25.03461809,121.5585991,29176084.0,15013892.0,26944996.0,28204796.0,32456214.0,42376284.0
臺北市士林區延平北路六段２２８號六樓之１,25.089468,121.504431,14875077.0,10092932.0,13579815.0,13962386.0,17406192.0,17535050.0
臺北市內湖區文德路１００號,25.07830398,121.582872,9110764.0,4622542.0,7341875.0,8152704.0,10222486.0,15136439.0
臺北市中山區德惠街３２號,25.06658201,121.526014,13703615.0,7800976.0,13312739.0,16425812.0,18086254.0,22224080.0
臺北市內湖區民權東路六段２８０巷４５弄３９號二樓,25.0702099944792,121.605869998041,8899764.0,5946811.0,7024029.5,8070103.5,9757304.0,14613294.0
臺北市北投區中山路４７號十一樓之９,25.1387299993721,121.511780033592,9923198.0,4574137.5,7537502.0,9455300.0,10872402.0,12940760.0
臺北市中山區松江路５６２號三樓之６,25.0677341602254,121.533097870364,8638196.0,5859110.0,5956357.5,8343270.5,8435051.0,16124400.0
臺北市信義區和平東路三段１６９號,25.0240698,121.5532162,13892124.0,6924542.5,11503320.0,12914450.0,15738986.0,20862704.0
臺北市中山區吉林路３９７號四樓,25.06580698,121.530533,20216584.0,11832377.0,18593014.0,21813940.0,23487190.0,36252230.0
臺北市中山區雙城街４３巷７號六樓之３,25.06755301,121.524802,6080797.0,2662712.0,4465298.0,5796060.0,8253180.5,11622678.0
臺北市松山區南京東路五段２９１巷５弄５號四樓,25.0520299817678,121.566519980117,17692038.0,8331105.5,14233234.0,15869298.0,19405088.0,25046324.0
臺北市內湖區康樂街１５１巷７之１號,25.0717300107105,121.619769959533,10731132.0,7910746.0,9721545.0,11152824.0,12180904.0,18356186.0
臺北市中山區敬業三路１６２巷９８號四樓,25.0777500192997,121.559350016322,30131356.0,14106022.0,25838768.0,29374756.0,33118204.0,36915668.0
臺北市萬華區青年路１２４號五樓,25.0224600103788,121.502439995065,5822353.0,2015015.8,4096235.8,4972405.5,6788531.0,8135818.5
臺北市信義區忠孝東路五段７４３巷２１弄２１號,25.04376551,121.5802544,31954856.0,17548868.0,30152800.0,34004156.0,36597660.0,41113496.0
臺北市中正區和平西路一段１３６號,25.02696901,121.516499,23263732.0,10812286.0,20580394.0,21196336.0,25901138.0,35489604.0
臺北市士林區華齡街１７巷２８弄８號三樓,25.083003,121.518257,15801732.0,8020171.5,14383223.0,15194928.0,19662460.0,27841342.0
臺北市松山區南京東路三段３０３巷１４弄６號六樓之１,25.0532700005236,121.547330031892,15149986.0,10264493.0,14064595.0,14536678.0,17194512.0,27535460.0
臺北市北投區立農街一段２５７巷７弄５之１號三樓,25.1203300036119,121.505350024209,12212612.0,6327444.0,9401064.0,11778044.0,14299111.0,15388416.0
臺北市北投區幽雅路５巷２號二樓之５,25.1372699975675,121.512719980214,12895965.0,7866277.5,10087870.0,12735613.0,15049558.0,15896472.0
臺北市中山區龍江路３４５巷１２號三樓,25.06327301,121.541631,22346880.0,8478271.0,18092776.0,21163172.0,26221702.0,32166068.0
臺北市松山區復興北路４２７巷２５號十樓之２,25.063394,121.546364,16221136.0,8429495.0,15808002.0,16315403.0,20001492.0,24632728.0
臺北市士林區德行東路３５８巷３０弄１４號,25.1091599860737,121.539379964368,26513648.0,8612409.0,23881280.0,28198502.0,32384978.0,39015564.0
臺北市中山區建國北路三段７４號,25.06556701,121.535877,13126133.0,6813210.0,11563242.0,13994833.0,15952176.0,21666280.0
臺北市中山區農安街２２７巷３４號四樓之１,25.066386,121.533805,25685264.0,12605114.0,23628008.0,27618672.0,29935902.0,40062332.0
臺北市北投區榮華一路１之６號二樓,25.1133899973302,121.524710041249,8472872.0,4015261.0,6412234.0,7262473.0,8978586.0,11884716.0
臺北市松山區撫遠街３８０巷９號三樓,25.06418998589,121.56529999411,24766522.0,9857099.0,19002376.0,23946232.0,27943380.0,32618190.0
臺北市文山區興隆路三段２２１巷２弄８號,24.99373401,121.559704,12817298.0,6153344.0,11409186.0,11836102.0,14532824.0,24046328.0
臺北市中山區民權東路二段７１巷２１弄１８號四樓,25.06341000789,121.53236003664,10682080.0,6666003.0,8371341.0,9385692.0,11364727.0,17934488.0
臺北市北投區永興路二段４５號三樓,25.13289,121.50253,32193504.0,15274372.0,25106112.0,31948456.0,32923528.0,34513104.0
臺北市大安區溫州街７４巷３弄６號六樓之３,25.019222,121.532354,11083966.0,6443743.0,6735625.5,12055238.0,15680258.0,23190368.0
臺北市中正區羅斯福路二段８巷５號,25.02870201,121.520639,19237080.0,9129237.0,17203698.0,17881750.0,24920286.0,27575616.0
臺北市士林區承德路四段２９７巷２６號,25.090488,121.519268,10471974.0,3405014.5,7885009.5,9144329.0,11822226.0,15411004.0
臺北市信義區逸仙路４２巷３號,25.04029381,121.562165,46111108.0,18244106.0,36846588.0,39239750.0,61242224.0,78244584.0
臺北市南港區經貿二路１５７巷３６弄１０１號,25.06206002,121.615061,16627678.0,11152100.0,15422148.0,16125938.0,19789404.0,28713508.0
臺北市文山區萬美街二段２巷５號二樓之４,25.00352258,121.5629436,16180872.0,9995306.0,14779601.0,15327896.0,19261606.0,31934872.0
臺北市信義區忠孝東路五段７１巷１２弄７號四樓,25.0420600013072,121.566819968432,22325068.0,8765446.0,16695909.0,18264406.0,23590452.0,28775900.0
臺北市中山區松江路１６４巷１１號四樓,25.0556699908598,121.532309996678,17026180.0,8603699.0,13863113.0,17121436.0,19123744.0,24301674.0
臺北市大安區信義路四段９９巷３２號十一樓,25.0345600000744,121.546870033046,37966732.0,16614744.0,34441756.0,35920204.0,46850656.0,50786500.0
臺北市萬華區青年路１０６巷３０弄２８號,25.02304201,121.502326,6238359.0,1988511.1,4104702.0,5206029.5,7885836.5,9662832.0
臺北市北投區義理街２７號,25.11650751,121.5151888,25527512.0,14675750.0,26163500.0,26510208.0,32178342.0,33375918.0
臺北市大安區敦化南路一段１３８號,25.04442902,121.548503,49631424.0,23872536.0,45100716.0,45322252.0,56617980.0,69245540.0
臺北市內湖區民權東路六段１７５號四樓之１,25.0681799813491,121.596689970045,21605864.0,11682710.0,20290638.0,21529844.0,23400308.0,31300772.0
臺北市中山區中山北路二段２７巷５號四樓,25.0533000077369,121.523740003595,41064748.0,21083840.0,40206628.0,42880544.0,50592652.0,58603156.0
臺北市南港區東新街１０８巷１６號,25.04555999,121.587774,16218599.0,8023713.5,13389108.0,14056469.0,19359654.0,24714332.0
臺北市中正區濟南路二段１５號六樓之５,25.04131502,121.527671,15042671.0,7016424.0,12571739.0,12754672.0,18455430.0,18666212.0
臺北市北投區中央北路四段５０１號,25.12824998,121.468797,8825008.0,3163327.8,5861513.5,7350989.5,8050502.0,9155166.0
臺北市文山區辛亥路五段９４號三樓,24.998439990449,121.553129973613,20646840.0,10177526.0,15735264.0,17317410.0,22994544.0,32075396.0
臺北市萬華區武成街１１巷２０號,25.0180199905383,121.495660041224,9686803.0,5996242.0,9705352.0,10415004.0,13422527.0,19450332.0
臺北市內湖區成功路二段４２６巷７弄６號,25.07140002,121.589044,17187300.0,8954130.0,15892167.0,16439195.0,20565796.0,28281720.0
臺北市文山區木柵路四段１３９號,24.99848999,121.57382,14517670.0,9222080.0,12576871.0,13274731.0,17561324.0,23357056.0
臺北市信義區忠孝東路五段４７３號,25.04101201,121.577173,49116020.0,25515926.0,46121930.0,51882892.0,57715732.0,69300900.0
臺北市士林區雨農路３２巷１６號二樓,25.097845,121.533113,46672720.0,19980062.0,44454204.0,45286564.0,51600736.0,55369436.0
臺北市中山區林森北路８５巷３３號七樓之７,25.04959801,121.526134,11062803.0,4828170.5,10113281.0,10502919.0,14329799.0,16115668.0
臺北市文山區仙岩路１６巷７２弄４２號三樓,24.99600002,121.549908,14366334.0,5456044.0,11797223.0,11886054.0,17164466.0,22240194.0
臺北市士林區雨聲街５３巷４號,25.10257101,121.528402,21987294.0,12855934.0,21697670.0,21973250.0,27056546.0,33751504.0
臺北市萬華區萬大路４８６巷１１弄７號四樓,25.0195099995562,121.496780031126,12213660.0,7382970.5,11245250.0,12185202.0,14854380.0,22125280.0
臺北市大安區光復南路６４０號,25.03149419,121.557255,23751226.0,10754696.0,19260064.0,21322566.0,25001412.0,30781956.0
臺北市大安區敦化南路二段１０６號,25.02759242,121.5483835,36545556.0,15035901.0,31887640.0,35423124.0,43910660.0,55904170.0
臺北市內湖區星雲街１３１號,25.08096699,121.595857,22585558.0,14524926.0,19568964.0,22235740.0,26119124.0,36285092.0
臺北市北投區大業路６３５號四樓,25.13718199,121.498571,19368812.0,8745399.0,16492900.0,17614024.0,24662204.0,30485488.0
臺北市士林區德行東路９０巷２１弄２號四樓,25.10662002,121.528227,20316624.0,7713931.0,18070392.0,18445578.0,24345980.0,31091150.0
臺北市中山區吉林路４４７巷２６號四樓,25.0672399928175,121.53207002279,12002972.0,6841650.5,10185468.0,11147911.0,12807865.0,19787668.0
臺北市北投區義方街９號二樓,25.1407600125022,121.502279984533,10767010.0,5043066.5,7516405.0,9277230.0,11348178.0,12292256.0
臺北市士林區德行東路８１巷１４號,25.10800802,121.527545,21811278.0,9644898.0,18984806.0,21187888.0,29176752.0,32161346.0
臺北市士林區中正路２０１巷２６號,25.09429099,121.527054,17098330.0,7429446.0,16989946.0,18330156.0,23384024.0,36195372.0
臺北市士林區倫等街４８巷１３號三樓,25.0928400014959,121.502409987851,12261322.0,3799782.0,8826818.0,9167241.0,10523131.0,11875290.0
臺北市信義區忠孝東路五段５２４巷５弄１７號,25.04077602,121.580439,15524292.0,7028036.5,14778389.0,14798387.0,21254594.0,26166994.0
臺北市大安區敦化南路二段６３巷５４弄４號七樓,25.03069301,121.551449,31423280.0,14808496.0,27826318.0,32527360.0,36639916.0,47835790.0
臺北市中山區新生北路三段５８號,25.06565598,121.52738,6896500.5,3447514.8,4647291.0,6788661.0,8546104.0,13617996.0
臺北市士林區福國路１５巷２２號,25.10075101,121.524436,23300234.0,11393898.0,22271268.0,23120586.0,31407880.0,36651730.0
臺北市中山區吉林路３６９號二樓之１８,25.065069,121.53051,8283981.5,3596326.2,6232864.0,7344368.0,10042066.0,12409547.0
臺北市中山區北安路５９５巷２３號五樓,25.082200013605,121.547319973608,22169846.0,12454126.0,19991652.0,20667446.0,23811146.0,32237500.0
臺北市大同區赤峰街７７巷１５號三樓,25.0570900109862,121.520220023357,10465704.0,5188835.0,9569859.0,10654447.0,12673869.0,14906205.0
臺北市萬華區漢中街１６０號,25.04116301,121.506566,21861758.0,13446204.0,19154116.0,19671238.0,26248674.0,28347500.0
臺北市北投區石牌路一段３９巷１３１弄２０號五樓,25.11813034,121.5089896,36625176.0,16560421.0,34439190.0,35098690.0,38748950.0,40552130.0
臺北市內湖區內湖路三段２３８號十樓,25.0886599882919,121.588270013029,44332270.0,19603408.0,43980310.0,51016596.0,58863950.0,65725500.0
臺北市士林區德行東路２９號六樓,25.110020011249,121.536340015724,12898695.0,6639862.5,11172966.0,11449602.0,12416840.0,21288390.0
臺北市內湖區民權東路六段２９６巷２８號十六樓之１,25.0720799970776,121.606880017373,28972732.0,13564335.0,18374576.0,28886046.0,29546140.0,35320576.0
臺北市北投區知行路３１６巷２１弄４號,25.12257501,121.468408,10918433.0,4913543.0,7917169.0,9332727.0,11083839.0,11426848.0
臺北市士林區重慶北路四段２０８號四樓,25.0854200055289,121.51162002306,34561060.0,17135942.0,30604922.0,34757264.0,38045604.0,40906760.0
臺北市萬華區萬大路５３４巷２８號,25.01916601,121.495871,10215411.0,4407828.5,9265417.0,9807009.0,12916790.0,18341732.0
臺北市北投區石牌路二段３１５巷３４弄３２號,25.12297902,121.523318,12006658.0,5493400.5,10474011.0,11141428.0,15349722.0,18113666.0
臺北市內湖區成功路四段６１巷３５弄２號,25.08022201,121.593403,16117943.0,8962657.0,13562240.0,14901145.0,17871146.0,26943764.0
臺北市內湖區民權東路六段１９０巷１１７弄４３號四樓,25.0686100148915,121.594229965282,25464292.0,12765843.0,23467622.0,25833004.0,27077764.0,33069854.0
臺北市中山區民生東路一段７７號九樓之２,25.0582700153153,121.526850024949,9034881.0,5574128.0,7845599.5,8790158.0,9829650.0,14972284.0
臺北市文山區木柵路二段１０９巷２５弄８４號,24.990900007538,121.561680017766,11862590.0,7755519.5,10829458.0,11248489.0,14085105.0,22934184.0
臺北市內湖區瑞光路７巷８號,25.06947511,121.5833814,28470392.0,17304434.0,28814676.0,31057544.0,33308696.0,36821508.0
臺北市大同區重慶北路二段８８號,25.05671702,121.513621,52428130.0,21172740.0,49104124.0,66977860.0,75285840.0,84499840.0
臺北市文山區興隆路二段２２巷７弄２號,24.99787098,121.545964,18249396.0,7083698.5,14168418.0,16794696.0,22963950.0,29751588.0
臺北市北投區義理街２５號,25.11668702,121.515304,52157536.0,24923138.0,49408140.0,60618384.0,67764530.0,68290150.0
臺北市大同區重慶北路三段２５２巷２號,25.07121,121.513371,23355764.0,13773791.0,21574486.0,22223064.0,27821806.0,32307366.0
臺北市內湖區成功路二段１９３巷８號三樓之１,25.0664899801214,121.591050038855,20189686.0,10813482.0,16460499.0,18401336.0,21855420.0,27087940.0
臺北市信義區中坡南路２０１巷６之１號六樓,25.04152079,121.5857515,47503744.0,17647752.0,34130148.0,37425980.0,55303680.0,78293250.0
臺北市松山區南京東路五段２５０巷３６弄８號,25.049495,121.566486,21375380.0,9125233.0,18929412.0,19545090.0,25297954.0,31023914.0
臺北市大安區羅斯福路二段８５號九樓之６,25.0257699820333,121.523600025812,23439126.0,10364254.0,20251896.0,22625096.0,25138072.0,27060314.0
臺北市士林區雨農路８０號,25.09995013,121.5327606,34009930.0,17515394.0,33468734.0,38126530.0,46493510.0,51161400.0
臺北市中正區南昌路二段４３號五樓,25.0324700000001,121.51856,10442474.0,4491496.0,9141853.0,10029987.0,11874610.0,17236214.0
臺北市信義區吳興街１５６巷２９弄１號,25.0284399953803,121.560790027287,8052106.5,3631954.8,6198252.5,8462979.0,11310578.0,16714167.0
臺北市松山區健康路１５巷４８號九樓,25.0553599861708,121.553180013575,26737248.0,13006930.0,24188146.0,29271958.0,29958922.0,35031676.0
臺北市內湖區金龍路１０９號三樓,25.0856399885778,121.590909977253,14754168.0,8180742.0,12125526.0,12901722.0,16410468.0,22400778.0
臺北市松山區民權東路三段１６６號三樓,25.06160702,121.548505,34206590.0,14830996.0,28749128.0,32932886.0,37747150.0,46233784.0
臺北市萬華區萬大路１８６巷２弄９號,25.02817701,121.500093,11669170.0,5059155.5,9847816.0,10375113.0,13368566.0,16250431.0
臺北市中正區羅斯福路三段１２８巷２０號,25.02009799,121.527554,15017415.0,8224227.5,12904478.0,13399787.0,20811514.0,21712864.0
臺北市士林區天母東路６１巷３號,25.11842352,121.5338319,9081322.0,3941160.2,7231931.5,7726145.5,10393572.0,15650557.0
臺北市內湖區內湖路一段９１巷２９號,25.087059,121.562799,15970047.0,7989361.0,14458561.0,15516181.0,20199624.0,25510378.0
臺北市北投區中央北路一段１５９號四樓,25.135422,121.498394,20996036.0,13784303.0,18333442.0,21000840.0,25537104.0,32263890.0
臺北市中山區新生北路三段２６號十二樓之１０,25.06370798,121.527389,7048811.0,2832758.5,5107644.0,6023041.0,8995968.0,11491434.0
臺北市南港區研究院路二段１２巷７號二樓,25.0478700013123,121.615369963281,31572090.0,16097850.0,28432406.0,30914696.0,38982684.0,39651896.0
臺北市內湖區成功路五段４５０巷４號八樓,25.0747200032113,121.607189980153,24824220.0,11999332.0,18268934.0,21985700.0,24205408.0,29498896.0
臺北市萬華區環河南路二段１７５巷１號八樓之１,25.03277901,121.49243,9218475.0,5067132.5,7918996.5,8664202.0,11029367.0,11920632.0
臺北市萬華區西藏路２６３號,25.0284708,121.4936068,11553586.0,4648412.0,9441316.0,9787034.0,12547783.0,17770670.0
臺北市士林區大南路４００號,25.08954101,121.515861,14576520.0,7388042.0,13828122.0,15664355.0,19574824.0,21918290.0
臺北市松山區光復北路１９０巷１４號七樓,25.0544599793174,121.555270041132,36392384.0,16518590.0,36385860.0,41153270.0,47614412.0,51541916.0
臺北市大安區杭州南路二段６５巷８號三樓,25.0297300121885,121.522710035333,30217744.0,14048026.0,21640304.0,27453180.0,30976434.0,36529388.0
臺北市內湖區康寧路三段１８９巷１４１弄１４號,25.07369699,121.612115,20999400.0,13997583.0,19963568.0,19981168.0,25400940.0,34993944.0
臺北市大安區信義路四段１５５號十六樓,25.0336400023818,121.55009002497,48421456.0,18843352.0,44046464.0,54849344.0,63821428.0,92039160.0
臺北市萬華區桂林路１０９號,25.03856701,121.500843,18536818.0,11607946.0,15102756.0,16040107.0,23020434.0,24330150.0
臺北市中山區復興北路２８８號二樓,25.05911101,121.543924,27583138.0,14327558.0,24616572.0,27958468.0,30710060.0,39234212.0
臺北市松山區民生東路五段１５３號,25.05904149,121.5623624,17277160.0,9271445.0,16097143.0,17168886.0,19651924.0,28415708.0
臺北市松山區三民路４３巷１２號五樓之２,25.0562500185595,121.56054996958,26054540.0,13067853.0,23004062.0,25937574.0,28076300.0,36350210.0
臺北市文山區木新路二段１１１巷１２弄２號,24.98363298,121.570227,12701990.0,5476223.0,10114458.0,10964554.0,13342176.0,22495918.0
臺北市內湖區民權東路六段１５０之５號七樓之３,25.068799990727,121.589620002354,32855400.0,16080358.0,31078520.0,34122012.0,37815108.0,39430390.0
臺北市萬華區西寧南路２８７號六樓,25.0388200185442,121.506419974149,14155722.0,8343023.5,12451845.0,15442341.0,17926554.0,18685234.0
臺北市內湖區康寧路三段１２號,25.07284698,121.606532,56152736.0,29311346.0,57470984.0,61570988.0,76483240.0,85833464.0
臺北市南港區松河街７７０號,25.06154998,121.61176,11108135.0,5588504.5,10494728.0,11222131.0,13323891.0,19004732.0
臺北市松山區南京東路四段２３號二樓之３,25.0518599967714,121.550460002176,8631419.0,6799319.0,7818322.0,9672734.0,11436092.0,22440806.0
臺北市士林區重慶北路四段２４４號,25.086541,121.511329,12352070.0,6350149.5,11578050.0,12323219.0,16320383.0,19762134.0
臺北市南港區重陽路４７０號,25.05971912,121.6112869,40327290.0,21639724.0,42680388.0,45491220.0,56617332.0,61035236.0
臺北市內湖區內湖路三段７２巷６３號,25.08837002,121.591062,29560006.0,14537288.0,26304004.0,27070536.0,32842808.0,41575050.0
臺北市北投區知行路２１４巷２９號,25.1205372,121.4684029,44361790.0,17406722.0,36770976.0,37839930.0,40181330.0,50635420.0
臺北市北投區永興路二段１８號二樓,25.13289,121.50253,12087010.0,5776167.0,9084458.0,11599469.0,13865916.0,14028962.0
臺北市文山區興德路２０巷３０號,25.00104968,121.5561924,14689332.0,8687990.0,12722672.0,14004766.0,18051756.0,21959340.0
臺北市信義區基隆路一段１９號十二樓之１,25.04844768,121.5692789,22636836.0,14259946.0,21232188.0,22731720.0,28559372.0,36680190.0
臺北市松山區富錦街５８１巷２０號,25.0628200057255,121.56645996569,16501365.0,8619475.0,13707510.0,16112072.0,19478846.0,27705518.0
臺北市北投區天母西路１２０巷３９號十六樓,25.117892,121.522967,55200720.0,19537188.0,50793090.0,66015092.0,71275260.0,83432910.0
臺北市文山區興隆路四段５８巷２４號二樓,24.985433,121.560236,14814513.0,6771093.0,12439691.0,13016336.0,19268368.0,27098432.0
臺北市信義區松山路２８０號十四樓,25.0437399861606,121.577319978539,20006680.0,11627845.0,19137610.0,19638810.0,22394884.0,33276628.0
臺北市大同區重慶北路三段９巷１６號三樓,25.06418998589,121.51454002667,10795470.0,4866869.0,9617471.0,10440443.0,12295280.0,14412030.0
臺北市文山區政大一街２１０巷４３號,24.98493599,121.585099,15804174.0,9068427.0,14452936.0,15865636.0,17434832.0,28840188.0
臺北市內湖區康樂街２０巷１４弄５號三樓,25.06846002,121.617157,17466054.0,9153473.0,15282677.0,16603909.0,21584158.0,31291640.0
臺北市松山區八德路二段３４８號二樓之９,25.04773199,121.545319,14851434.0,7196362.0,12833076.0,13174014.0,18183242.0,20885478.0
臺北市內湖區康寧路三段７５巷２１７之３號三樓,25.076482,121.614404,14845288.0,8925756.0,12007506.0,13210927.0,17179662.0,27065630.0
臺北市信義區吳興街５８３巷２０弄１８號,25.02122401,121.569836,6376025.0,4050985.0,5023223.5,8420343.0,12166786.0,19786876.0
臺北市中山區松江路１１８號十樓之６,25.05169089,121.5327718,32525064.0,16065520.0,29837114.0,37513600.0,39530544.0,41907676.0
臺北市內湖區陽光街９２巷７弄３號四樓,25.075559995638,121.584030027308,14465181.0,8061081.0,11784831.0,12663841.0,15469846.0,22086236.0
臺北市中山區林森北路１０７巷３０號,25.05000399,121.526051,5856524.0,2910144.8,4681382.0,6328283.0,9384994.0,12551278.0
臺北市文山區興隆路三段３０４巷３２之１８號,24.99597701,121.555263,17032320.0,9740588.0,14069935.0,15809239.0,24893208.0,26688132.0
臺北市文山區興隆路二段７８巷４弄１９號二樓,24.9990299926135,121.548539959615,13026842.0,7733111.5,11459609.0,11837140.0,14828563.0,23260892.0
臺北市松山區長春路３５３號七樓,25.0548299984331,121.545590032612,31504718.0,14397798.0,31459622.0,32571750.0,37689670.0,44671110.0
臺北市士林區天母北路２８巷３９號二樓之５,25.11939666,121.5255461,9895320.0,4582804.5,8391468.0,9305336.0,11638296.0,15333598.0
臺北市松山區八德路三段１５５巷４弄１６號五樓,25.0485299923683,121.555810003335,23718044.0,9244852.0,18235026.0,20584790.0,25662250.0,30023104.0
臺北市中山區龍江路１００巷１之２號,25.05266101,121.540151,21815106.0,11102692.0,17351862.0,20683892.0,23971136.0,24932790.0
臺北市文山區汀州路四段１９７號十三樓,25.00360999,121.53585,41088176.0,16500924.0,34980730.0,42071376.0,53453920.0,57277290.0
臺北市中山區龍江路１７９巷１３之１號三樓,25.05512601,121.541329,13634006.0,5026793.5,11784539.0,12215291.0,16196033.0,21906420.0
臺北市信義區吳興街２８４巷４３號五樓,25.0224800012179,121.56355999483,33883150.0,14026741.0,26457976.0,35012636.0,42336376.0,50659664.0
臺北市信義區永吉路３０巷１５７弄１８號三樓,25.0422200118388,121.569460016475,19105770.0,8764853.0,15527994.0,17071772.0,20524220.0,27500768.0
臺北市中山區新生北路三段１號八樓之１５,25.06288702,121.527991,7731791.5,3128087.5,5851069.5,6677691.0,9557746.0,11863246.0
臺北市北投區石牌路二段３２４巷９弄２號,25.12152401,121.524384,29826076.0,10354533.0,25149630.0,25968412.0,35204290.0,42031436.0
臺北市信義區吳興街２２０巷１１弄５號,25.02749401,121.562365,29978700.0,13092202.0,24036056.0,26017594.0,33440530.0,43316140.0
臺北市南港區中坡北路６０巷１５號四樓,25.0468599819797,121.5813800048,16809438.0,8326347.5,13903363.0,14967629.0,19676230.0,26378010.0
臺北市內湖區東湖路１１３巷９５弄６０號四樓,25.07296701,121.614961,14970370.0,8084269.5,12499054.0,12667803.0,17798926.0,28603692.0
臺北市大安區復興南路二段１５１巷５６號,25.02799999,121.5459672,27673724.0,12851226.0,21280392.0,22752412.0,28789240.0,41418176.0
臺北市大安區永康街４巷１８號三樓之３,25.032899,121.529344,13787459.0,7306482.5,10803154.0,11585009.0,17362820.0,17825460.0
臺北市士林區社子街１０７巷４號,25.08796966,121.5053743,11410361.0,6838030.0,10659692.0,11925202.0,14405297.0,18648490.0
臺北市內湖區瑞光路１１２巷５６弄２號,25.07118799,121.579843,36969996.0,13121902.0,29971096.0,30200286.0,46871930.0,58694212.0
臺北市文山區和平東路四段３７７號三樓,24.9995699967256,121.574029997724,16124400.0,10294942.0,15178388.0,17460524.0,19476542.0,31330936.0
臺北市士林區中山北路七段２２６之２號,25.12721,121.533214,31579438.0,14506045.0,31310684.0,32823894.0,41836120.0,57490720.0
臺北市內湖區康樂街１２１號五樓,25.0709400163363,121.619229997331,12441186.0,8276092.5,10067380.0,11500774.0,13604807.0,21056994.0
臺北市中正區牯嶺街１０３號,25.02568499,121.51913,15902537.0,7951249.0,14349766.0,16361025.0,22094580.0,25448220.0
臺北市北投區光明路２４６號四樓之１,25.13649601,121.508296,20570896.0,10844505.0,19365820.0,20909312.0,24231922.0,39796536.0
臺北市大安區和平東路二段２６５巷２９之１號,25.02753601,121.544184,36246080.0,14680985.0,31832218.0,33970316.0,44807732.0,55068536.0
臺北市萬華區環河南路二段１８１號五樓,25.0325200124795,121.49196999217,10219055.0,5001793.5,8851643.0,10548009.0,12116926.0,15589898.0
臺北市文山區萬利街３０巷３１號,25.00127701,121.564245,13473314.0,6328186.0,12462537.0,12557528.0,15735684.0,26268408.0
臺北市信義區吳興街２８４巷２２弄１１２號,25.023206,121.5609,14696338.0,6017971.5,12086019.0,13604574.0,17848424.0,23202490.0
臺北市中山區龍江路３０９號六樓,25.0612100097636,121.540860040831,26308168.0,13468381.0,24207808.0,25461912.0,29616950.0,37399010.0
臺北市中正區中華路二段７５巷７號七樓之３,25.0337799801649,121.506660031856,23875314.0,13091054.0,18860504.0,23973696.0,27322794.0,32964936.0
臺北市內湖區民權東路六段３９號,25.06903502,121.584562,25003032.0,8382206.0,16266588.0,21511044.0,25836946.0,31095716.0
臺北市中山區合江街１８０巷２號四樓之１,25.06101798,121.539083,21943722.0,12408648.0,19521358.0,21065108.0,23376442.0,33086258.0
臺北市中山區林森北路１０７巷３０號二樓之４,25.0499899941729,121.526030023362,7373640.0,4267527.0,5412010.0,6971023.0,8798822.0,13667124.0
臺北市大安區永康街８１號,25.028735,121.529765,27489808.0,11834048.0,22716810.0,23198108.0,27552798.0,32435298.0
臺北市中山區林森北路４８３號五樓之３,25.0611900189245,121.525740009512,19987724.0,13210046.0,19743672.0,19952528.0,23683416.0,25254854.0
臺北市內湖區大湖山莊街２１９巷３４弄３號,25.08946599,121.599536,9122988.0,5083613.5,6637267.0,8226525.5,10235539.0,15156142.0
臺北市松山區光復南路２２巷２８號,25.04683798,121.555899,4362841.5,3584913.2,4431081.0,8287410.5,12133184.0,21786746.0
臺北市中正區連雲街２６巷３號,25.0365900132044,121.531459987877,6820640.5,2853993.5,5107132.5,7007403.0,9680154.0,14666711.0
臺北市大安區潮州街５９巷５之３號,25.0295000127654,121.524509965221,36035764.0,13278200.0,34999684.0,36533984.0,45699770.0,62711764.0
臺北市松山區撫遠街３９９巷１３號,25.0656328,121.5664063,17217716.0,8933557.0,15717087.0,16447695.0,20509272.0,26910740.0
臺北市松山區南京東路五段３２８號八樓之３,25.051056,121.568634,19200864.0,13054102.0,18161268.0,19077368.0,26169840.0,32105450.0
臺北市大安區忠孝東路四段３１１號十一樓之３,25.041614,121.555809,6957016.5,3848310.5,5418791.0,12941994.0,12950118.0,21189628.0
臺北市大安區安和路一段２１巷１５號,25.03953701,121.551054,38348750.0,16382821.0,33920204.0,35224840.0,45136604.0,61001600.0
臺北市文山區木柵路一段５７之４號五樓,24.98695498,121.545432,13202111.0,5923767.5,11179105.0,11922519.0,15307328.0,24293100.0
臺北市大安區安居街８４巷１４號,25.01977202,121.552462,17441218.0,7280295.0,14587339.0,15134447.0,21260028.0,27883644.0
臺北市大安區延吉街６８之１５號,25.0431900075838,121.553940000736,15096132.0,8106859.5,14084837.0,14560126.0,18013612.0,24043624.0
臺北市南港區重陽路１２５巷３６弄４６號六樓之１,25.057145,121.5964026,36568356.0,20796276.0,36122680.0,38525216.0,45800292.0,46328680.0
臺北市中山區德惠街３４號十一樓之３,25.0665800017615,121.526249964501,5178952.0,3326273.8,3523546.5,6102530.0,6494201.5,13554662.0
臺北市大安區和平東路三段３７２號二樓,25.0190699915491,121.557919979821,10741022.0,6961051.5,10018859.0,10175818.0,15544025.0,20316468.0
臺北市士林區社子街６３巷１１號五樓,25.08795054,121.5069524,15533978.0,8258440.0,13034844.0,15244510.0,19600266.0,25811578.0
臺北市大安區市民大道四段６４號二樓之１,25.04484401,121.546833,22056558.0,11765045.0,18719872.0,24467388.0,26007672.0,33705056.0
臺北市北投區三合街一段８２巷７１號三樓之１,25.1284799795265,121.504389961019,18995744.0,10759538.0,16537789.0,17561256.0,22403086.0,23174448.0
臺北市松山區民生東路五段２６０巷５號,25.05854498,121.567122,29297036.0,11156377.0,25798832.0,26307968.0,36417800.0,44338024.0
臺北市內湖區港墘路２６巷１０之１號,25.0827600085562,121.577579985176,16774080.0,9197312.0,14182207.0,16706071.0,19512610.0,28047612.0
臺北市中山區龍江路４５５號,25.06751601,121.541121,15719036.0,7423560.0,14614269.0,14676842.0,19737912.0,25105298.0
臺北市萬華區大理街１６０巷２２弄９號三樓,25.032618,121.494373,8831600.0,3560691.0,7083664.5,7764925.5,10704638.0,14798726.0
臺北市中山區龍江路４２９巷１８號,25.06671801,121.541885,17181072.0,9394091.0,15488239.0,16956082.0,21338718.0,27760530.0
臺北市士林區忠誠路二段９８巷７弄６號十二樓,25.10855498,121.530083,56858876.0,24638648.0,56073536.0,61075644.0,64987410.0,70095864.0
臺北市北投區大業路５２９號四樓之５,25.135199,121.496266,7815996.0,3060139.5,5035406.0,5706276.0,7616380.0,8674520.0
臺北市士林區重慶北路四段２２２號七樓之３,25.0858689,121.511468,29135878.0,17102082.0,29167794.0,32270414.0,36625036.0,39153550.0
臺北市士林區福志路１１８號,25.09859992,121.5278051,52227816.0,22433488.0,44802520.0,59322572.0,73774080.0,75025240.0
臺北市信義區吳興街２８４巷５９弄２號五樓,25.02215998,121.563374,26889600.0,13286763.0,24472428.0,25713352.0,31890194.0,43596210.0
臺北市松山區敦化北路１４５巷２３弄５號七樓之１,25.0530299847261,121.550350031606,18888404.0,10882091.0,16197485.0,18186780.0,20815642.0,29042334.0
臺北市松山區延壽街３３０巷８弄８號,25.05589999,121.55935,37809916.0,19180512.0,38512730.0,38844708.0,48667380.0,55018036.0
臺北市文山區景福街１９７號,24.99467501,121.53783,15498641.0,5694680.5,13448589.0,14390578.0,20456256.0,27862538.0
臺北市北投區致遠三路１４７巷４弄２６號,25.1209200057764,121.508860029983,11478903.0,5483942.0,9550111.0,12873724.0,14318980.0,15134852.0
臺北市北投區大業路２８０巷９弄９之１號,25.12775201,121.498559,11742200.0,6165926.5,9937233.0,12293944.0,14779376.0,15405126.0
臺北市北投區中和街５０２巷２弄１１號五樓,25.1455700095489,121.494899970244,10840493.0,4894330.5,8267305.0,10147385.0,12940760.0,14213430.0
臺北市文山區景華街１０４巷５號,24.9950800207421,121.546320012559,12329190.0,7604527.5,10435247.0,10804040.0,15343048.0,21819684.0
臺北市北投區中央北路三段４０巷３８弄１６號,25.14017299,121.485454,16960966.0,11035680.0,14196280.0,14572712.0,19580276.0,22074612.0
臺北市中山區復興南路一段３０巷４號,25.04649549,121.5433845,12831975.0,4410465.0,10639684.0,10763150.0,13424857.0,19998478.0
臺北市文山區福興路８２巷４號,25.00573698,121.55095,15640560.0,7146872.5,13746941.0,15712112.0,20053136.0,28551364.0
臺北市信義區吳興街４３２巷１２６之３號二樓,25.0227299914801,121.567699984446,20188800.0,8627518.0,15034840.0,16945768.0,23186872.0,29756752.0
臺北市北投區中山北路七段２１９巷３弄１４７號六樓,25.1283200109044,121.530439994079,18213372.0,12492476.0,17688866.0,18257370.0,23206076.0,30904320.0
臺北市大同區昌吉街６１巷３５弄１號,25.06677999,121.515062,4011820.0,1546469.5,3079858.0,4114037.2,6840254.0,7832688.5
臺北市士林區中山北路七段２１６巷５之２號四樓,25.1257800008756,121.533459993793,22797980.0,9111094.0,17505074.0,21665536.0,28762950.0,31499010.0
臺北市中山區德惠街１２號四樓之１,25.06656198,121.523756,18853922.0,12162563.0,18748422.0,20280696.0,23683280.0,24709808.0
臺北市文山區興隆路四段６２巷１８號二樓,24.9850499839452,121.560319970157,11757126.0,7411669.0,10101926.0,10134754.0,12556354.0,21056192.0
臺北市士林區中山北路六段２１２號三樓,25.10835499,121.525346,49620730.0,18201494.0,42474600.0,52217856.0,52233990.0,55442670.0
臺北市北投區文化三路１３０號,25.139693,121.498597,15752050.0,8367909.0,13850744.0,14429331.0,18151468.0,24734184.0
臺北市士林區雙溪街１０４號三樓之２,25.1008399832532,121.525940001721,6320918.0,3287844.5,4221990.0,6100330.5,7761749.5,11646201.0
臺北市信義區富陽街２１巷６弄２０號四樓,25.02234602,121.556716,18213162.0,7498620.5,14647170.0,15638979.0,21508172.0,27344796.0
臺北市文山區興隆路四段７２號二樓之５,24.98426301,121.561598,12743607.0,7746811.5,8948121.0,12917283.0,13805563.0,25009712.0
臺北市大安區永康街７５巷７號二樓之１,25.0289400178143,121.53024000187,16206292.0,7361527.0,12718984.0,13864092.0,17541238.0,19602548.0
臺北市南港區八德路四段８７１號,25.050846,121.580138,10150521.0,4938771.0,8729075.0,9803961.0,13354702.0,18147556.0
臺北市松山區光復南路２２巷３８號四樓,25.04675701,121.555421,31664300.0,15330118.0,27813636.0,30626762.0,37118230.0,42404096.0
臺北市松山區富錦街３４６之１號三樓,25.0603999826407,121.557419999296,26027868.0,13187892.0,23218870.0,25303744.0,28909802.0,36859876.0
臺北市中正區同安街６６號四樓,25.02312599,121.520884,22413942.0,10239190.0,19787064.0,20482844.0,27168038.0,27389790.0
臺北市大同區民權西路３００號十樓之２,25.06283899,121.5104931,19333490.0,12625614.0,19760400.0,19808476.0,24918100.0,30556452.0
臺北市內湖區行善路２５巷５２號,25.05694702,121.577282,25449144.0,15368353.0,23952308.0,26786658.0,31763260.0,40588884.0
臺北市北投區吉利街１５８號三樓,25.1185499807441,121.508649979489,12800196.0,6145186.5,10276305.0,12468743.0,15282677.0,17268034.0
臺北市松山區南京東路五段２５０巷１８弄１號六樓之１,25.0501199974912,121.566939997285,26890986.0,13075333.0,26349800.0,27995074.0,33786736.0,48495400.0
臺北市文山區一壽街２０巷１５號四樓,24.97970401,121.5556306,15198841.0,7510315.0,11826827.0,14597470.0,15703753.0,26086564.0
臺北市內湖區民權東路六段１８０巷９２號八樓,25.0655999896422,121.592440009859,32097856.0,17214956.0,32223730.0,34429410.0,38734764.0,41169052.0
臺北市內湖區五分街９１號八樓之１,25.067327,121.6156697,7509212.0,2884360.2,6180550.5,9036191.0,10164315.0,13824984.0
臺北市北投區中心街２７巷２３弄２號二樓,25.13843898,121.510244,13224163.0,6587330.0,11280050.0,12270751.0,16397170.0,20610288.0
臺北市松山區南京東路五段２５０巷１８弄１６號,25.05009699,121.566953,13330169.0,7453418.5,11776809.0,12304218.0,17837806.0,30143600.0
臺北市內湖區金龍路２２２巷２號五樓之４,25.0878000050261,121.586569995427,23192358.0,13030122.0,20511618.0,22818644.0,24160896.0,33823104.0
臺北市士林區社中街３４６巷１弄２８號四樓,25.0927700126044,121.503529977754,9575628.0,3238344.0,6692041.5,8203383.0,10381546.0,12161612.0
臺北市中山區八德路二段８８巷２號三樓,25.04541901,121.535794,21965036.0,9628208.0,19185708.0,19479588.0,23716414.0,26455958.0
臺北市內湖區成功路四段３２３巷２弄６號二樓,25.08429201,121.599017,15882955.0,8199730.0,12941944.0,13934185.0,17756642.0,29429548.0
臺北市中正區延平南路２３０巷４號,25.03420901,121.507037,29785144.0,13356281.0,28810500.0,34096444.0,36561030.0,48338224.0
臺北市文山區忠順街一段１０巷１６號五樓,24.9833699990918,121.558339996989,18110902.0,10460774.0,15363254.0,17814686.0,19834220.0,30332484.0
臺北市南港區三重路４１巷３７號七樓之１,25.06040111,121.6128097,41838750.0,22607668.0,44256910.0,46760668.0,55194300.0,57735440.0
臺北市北投區大屯路２１巷１０弄１號,25.144677,121.499991,6448138.5,2590109.2,4252183.0,6255272.0,9402409.0,11427284.0
臺北市士林區忠誠路一段１７３巷３８號七樓,25.1084499969652,121.532530021636,39899140.0,19145058.0,39000012.0,50888704.0,56438460.0,61840036.0
臺北市士林區仰德大道一段９１巷３６弄３號,25.1053499919853,121.540180017026,17264280.0,7818151.0,14757292.0,16148222.0,24722912.0,25213894.0
臺北市萬華區西園路二段３７２巷４１號,25.02678771,121.4903899,7783401.5,3374365.8,5782709.5,7364483.0,9377121.0,10288425.0
臺北市信義區信義路六段７１號三樓,25.03556901,121.576977,12181322.0,5543016.0,8165761.0,9731154.0,15353762.0,24424956.0
臺北市中山區林森北路１３８巷３８號六樓之１,25.051645,121.524081,7117204.0,3488286.0,5827130.0,7622774.5,9233221.0,14653401.0
臺北市北投區中山路４７號七樓之１,25.13876298,121.511686,5231686.5,2371596.5,3819557.5,4914475.5,7425713.0,9963556.0
臺北市北投區榮華三路１４巷１０號,25.11399244,121.522982,33780744.0,17445478.0,33332974.0,37490710.0,43515460.0,46985964.0
臺北市內湖區五分街７２巷７號十一樓之６,25.0667999848103,121.616430022575,21420520.0,12346181.0,20957426.0,23358302.0,23571832.0,34043290.0
臺北市中山區民生東路三段８８巷４號,25.05747918,121.542567,26475090.0,11246130.0,21072302.0,28351988.0,29792700.0,38998972.0
臺北市南港區玉成街２３１巷１１號三樓,25.04367301,121.58581,13807644.0,6009558.0,10794606.0,10836276.0,16711298.0,21278040.0
臺北市北投區中央北路三段４０巷３８弄２２號五樓之１,25.14029327,121.4855612,15772825.0,11411797.0,12176630.0,13215640.0,14997921.0,18954304.0
臺北市士林區福華路１２４號五樓,25.10262399,121.522943,18895792.0,9286436.0,18412396.0,18939704.0,21337008.0,25761362.0
臺北市士林區仰德大道三段１２５巷５弄１１之６號三樓,25.1208299841363,121.550789997704,18421458.0,9220726.0,15097745.0,17238582.0,25508772.0,29731506.0
臺北市中山區林森北路１０７巷４１號三樓,25.0500899902778,121.526309978928,9262396.0,5771773.0,8534709.0,9231372.0,10588303.0,15384543.0
臺北市文山區興隆路三段２２１巷４弄１６號二樓,24.99362899,121.560099,2444975.5,2301404.8,4322656.0,7331785.0,8648121.0,24381576.0
臺北市松山區南京東路五段４０號,25.05129501,121.559708,10026295.0,4762832.0,7806595.0,9284859.0,12803615.0,23191120.0
臺北市大安區信義路三段１３４巷１６號,25.031828,121.53932,30838194.0,13688203.0,26000032.0,31269386.0,34858050.0,44307844.0
臺北市文山區興隆路二段２７５巷１弄４號,25.002835,121.5527,12117642.0,6213155.0,9459611.0,12110964.0,14319144.0,23281932.0
臺北市中正區中華路二段７５巷１弄８號四樓之５,25.0340300123366,121.506430032433,7694072.0,2952276.5,5798608.5,6772210.5,8510310.0,9468691.0
臺北市松山區復興北路３１３巷２２號,25.058843,121.545765,29994200.0,13364385.0,25648206.0,31146646.0,35821476.0,41291260.0
臺北市北投區復興四路２８號,25.142491,121.500743,13125507.0,8439879.0,10992425.0,11266440.0,14379822.0,15726473.0
臺北市中山區明水路５６３號六樓,25.0793899805655,121.551779984288,34788172.0,15762539.0,32865994.0,37420844.0,41728216.0,51143056.0
臺北市大安區復興南路一段１２８號,25.04282369,121.5436157,16414412.0,8529526.0,14190974.0,15255767.0,21673060.0,23792986.0
臺北市大安區敦化南路一段２３３巷３１號五樓之７,25.040514,121.551043,14417556.0,6100115.0,8911705.0,9557072.0,14307760.0,17356462.0
臺北市大安區泰順街４５號,25.02279399,121.531336,11422947.0,6316796.0,8248671.5,9754402.0,12797682.0,16925580.0
臺北市文山區萬隆街４７之９號五樓,25.0006699957888,121.537030013994,8843163.0,6997099.0,8012434.5,9587782.0,12438244.0,21251960.0
臺北市大安區信義路四段９６號,25.03304602,121.547873,16025734.0,6751156.0,10356212.0,10573873.0,15732984.0,20033334.0
臺北市士林區士東路３２２號三樓之３,25.1136300131276,121.538479999424,8212471.0,4403123.0,5789016.5,7132839.0,9507836.0,14428726.0
臺北市士林區重慶北路四段１９０巷５弄７號三樓,25.08511398,121.511998,14520356.0,7691453.0,13049098.0,14333271.0,17900314.0,25083568.0
臺北市中山區建國北路二段１５１巷１２號,25.06172499,121.538294,29548844.0,13030818.0,24772096.0,31253346.0,34962720.0,40845944.0
臺北市內湖區金湖路３６３巷２５弄１５號二樓之２,25.07372599,121.601492,20935692.0,13497956.0,17807246.0,19155468.0,21923724.0,34541160.0
臺北市士林區天母東路８巷４１弄１３號,25.11644654,121.5320197,15459610.0,7382731.0,13608882.0,15430240.0,19961094.0,27369058.0
臺北市松山區民生東路五段１３８巷３號八樓之４,25.0584599911508,121.561680017766,9320808.0,6119483.5,7192890.5,9327566.0,11547748.0,16192234.0
臺北市北投區溫泉路３７巷２８號五樓,25.13384301,121.503422,10263788.0,5163560.5,7222468.0,8148475.5,10135991.0,11954466.0
臺北市內湖區民權東路六段１９０巷１１７弄３７號四樓,25.06446998,121.59461,22043394.0,14405434.0,19675666.0,20980262.0,23951348.0,35038492.0
臺北市萬華區西藏路１２５巷９號七樓之３,25.0286500039644,121.502360031708,18190770.0,11532956.0,15921901.0,17968864.0,19800392.0,28964996.0
臺北市中山區林森北路４０９號八樓之２１,25.0595700065883,121.525679995085,7266366.5,4400084.0,5281476.0,6851751.5,8391060.0,13387167.0
臺北市中山區龍江路２９２巷６號三樓之２,25.0613700202952,121.540289987596,18878572.0,10095204.0,14840617.0,16671280.0,19556912.0,25272684.0
臺北市萬華區環河南路一段１２１號,25.04293101,121.500708,15626337.0,9906480.0,14496198.0,16565128.0,18206008.0,25144594.0
臺北市內湖區民權東路六段１８０巷７０弄２５號三樓,25.066853,121.591567,43375830.0,22507936.0,42582896.0,43034010.0,50637256.0,52067680.0
臺北市文山區辛亥路五段１５號三樓,25.0002400041559,121.554399999582,13205586.0,7751630.0,11067320.0,11874905.0,14862202.0,22907036.0
臺北市士林區大南路４１７號四樓,25.0901999953623,121.516159997096,15938521.0,10684403.0,14013611.0,16584602.0,18006262.0,22447828.0
臺北市大同區寧夏路２０號,25.05483201,121.514826,16914092.0,12520576.0,17231514.0,18313102.0,21824760.0,25965788.0
臺北市中正區仁愛路二段１５巷２３號,25.03897999,121.525896,24237284.0,9064518.0,20108366.0,20482140.0,24493628.0,31661100.0
臺北市士林區忠誠路二段５號,25.108874,121.530642,41476670.0,16850078.0,36907990.0,41478176.0,47974130.0,76151640.0
臺北市南港區成福路１９４巷２弄６號四樓,25.04064899,121.588186,17280390.0,8599720.0,14436186.0,16523978.0,21626108.0,29674060.0
臺北市文山區汀州路四段２８５號十三樓,25.00148295,121.5355503,51677268.0,22679188.0,48321450.0,50763064.0,70501736.0,75632130.0
臺北市信義區和平東路三段３９１巷２９之１號,25.02029702,121.558714,13828966.0,6793006.0,11623654.0,12372938.0,17908816.0,26626964.0
臺北市士林區劍潭路６號四樓之１,25.08390762,121.5243572,18680138.0,11072746.0,16546876.0,17315066.0,20896436.0,29667948.0
臺北市士林區忠誠路二段２１巷８號二樓,25.1091000135565,121.531060003457,43734964.0,19227984.0,40735230.0,50972344.0,59022920.0,61056310.0
臺北市萬華區中華路二段４９８巷９號十樓,25.02590602,121.50717,9825845.0,4996830.0,7166132.5,8464868.0,11724655.0,13493888.0
臺北市中正區羅斯福路三段１３８號十五樓,25.02031299,121.528308,81940990.0,18729622.0,56596170.0,86698440.0,107929240.0,123382780.0
臺北市文山區景美街１５５號,24.98929198,121.54161,4596014.0,3724085.0,4004923.8,8651008.0,9525043.0,24021116.0
臺北市內湖區文德路２２巷９弄４８號九樓,25.0767299835927,121.579029970606,35558920.0,15393642.0,26941144.0,33724348.0,35728540.0,46680110.0
臺北市北投區公路２５７巷５弄３號二樓,25.13289,121.50253,14793082.0,7083293.0,12283982.0,14605519.0,18880408.0,22930642.0
臺北市萬華區西藏路２５０號,25.02978299,121.501794,15550934.0,8341241.5,14207901.0,15816628.0,17559984.0,24872704.0
臺北市內湖區內湖路二段４８０號九樓,25.0841799867731,121.593179964271,11335847.0,8062803.0,9468980.0,10527809.0,11934805.0,18782280.0
臺北市文山區興隆路二段３０１巷２２號,25.0029078,121.5540851,15825258.0,8270767.0,14329881.0,15729893.0,17599012.0,27384254.0
臺北市內湖區東湖路１１９巷４９弄１６號,25.069901,121.616994,16026468.0,8937255.0,14983282.0,14985054.0,20193846.0,28927894.0
臺北市松山區三民路８０巷６號六樓,25.0561799877585,121.564509999735,20407816.0,11195578.0,18896800.0,20603016.0,21643276.0,31137024.0
臺北市大同區延平北路二段２７２巷４０號四樓,25.06204669,121.5099828,12664686.0,5893963.5,11421988.0,11795873.0,15003386.0,20540512.0
臺北市內湖區麗山街３２８巷５號三樓,25.0827999902343,121.573339999455,17410508.0,8979425.0,14164689.0,16179144.0,19330468.0,27331708.0
臺北市信義區和平東路三段３９１巷４３號四樓,25.020567,121.55919,17047790.0,7367904.5,14275185.0,14981796.0,20927268.0,27458364.0
臺北市北投區三合街二段４１７號,25.126527,121.502885,9427262.0,2808439.0,6811494.5,7436470.5,8829983.0,10936045.0
臺北市內湖區文德路２２巷５９弄２０號三樓,25.07529999,121.580053,24389948.0,14468272.0,24462908.0,24669260.0,26832424.0,39671564.0
臺北市萬華區西昌街８１之１號,25.04141501,121.500983,8920582.0,3279467.5,7100485.5,7679938.0,9666593.0,9917200.0
臺北市南港區昆陽街５９巷２弄１６號四樓,25.0521899922994,121.593629988652,14003725.0,8144894.0,12321668.0,15097716.0,17009302.0,29223034.0
臺北市松山區八德路三段１２巷５１弄２４號,25.046058,121.551602,33613380.0,15740127.0,31303280.0,32907266.0,41039850.0,50950084.0
臺北市松山區延壽街３５６巷４弄２０號五樓,25.05581299,121.558464,36279830.0,16136091.0,33694004.0,34880390.0,41522188.0,54345850.0
臺北市中正區羅斯福路一段１３１號十二樓,25.0301400129824,121.520420015566,31261454.0,14520356.0,25861794.0,29183876.0,36030680.0,44523190.0
臺北市中山區明水路５２６巷５２號二樓,25.078861,121.553957,34331304.0,16191276.0,31923666.0,32613960.0,43070468.0,47801136.0
臺北市中山區林森北路１３３巷２６號四樓之３,25.050859993813,121.526079979505,9377729.0,5769913.0,8950937.0,10035383.0,11308960.0,16436186.0
臺北市文山區辛亥路四段２０９巷３８號十六樓,25.0025700056006,121.555500040555,26714156.0,12562774.0,23893946.0,25682374.0,31538748.0,37215564.0
臺北市北投區中和街３６８號,25.14199601,121.499116,10382259.0,7689047.5,9477689.0,10661745.0,11305273.0,13315685.0
臺北市北投區中和街３９８巷５弄２號二樓之３,25.14386069,121.4986761,7870697.0,3511845.0,4907469.0,5697652.0,7389232.5,9357771.0
臺北市大安區潮州街１４６號四樓,25.0284399953803,121.528609973159,9074309.0,3287051.2,7743369.5,8447481.0,10742149.0,14324662.0
臺北市大安區市民大道四段１２６號六樓,25.0443200138604,121.551349992655,9699689.0,5677642.0,7411131.5,8594940.0,11757328.0,18183346.0
臺北市中山區龍江路３８４巷２５號,25.066904,121.539985,21263880.0,7660707.0,17231974.0,18872956.0,23947784.0,29376270.0
臺北市內湖區內湖路三段７２巷６１號,25.08830602,121.591077,17238944.0,10033546.0,14326192.0,14331576.0,18570472.0,25067688.0
臺北市中正區衡陽路７７號八樓之２,25.04234201,121.511059,5123250.5,2131919.2,3567342.5,4933343.0,7344697.0,10926016.0
臺北市文山區指南路三段３２巷５號,24.982731,121.580205,10836813.0,7212260.5,9222643.0,9677588.0,11473475.0,17658124.0
臺北市內湖區康寧路三段９９巷２號五樓之１,25.07172699,121.609927,21904664.0,14086341.0,18902352.0,22354852.0,26110708.0,38419108.0
臺北市文山區興隆路三段２５５巷２９之１號二樓,24.992703,121.56052,19447440.0,10651400.0,16365488.0,18375206.0,22222682.0,35210332.0
臺北市北投區清江路２４５巷５號二樓,25.12611402,121.501932,8395734.0,3932288.8,5994298.0,7708144.0,9339743.0,10343814.0
臺北市內湖區康樂街４８巷１６之１號,25.0691000209512,121.617480023586,13616100.0,8580829.0,11728032.0,12825197.0,15713190.0,23628864.0
臺北市文山區景興路２５８號,24.99014899,121.542729,12347123.0,7812493.5,11160336.0,12056663.0,15490839.0,18608518.0
臺北市中山區中山北路三段５３號九樓,25.0677100080381,121.522910027543,44533130.0,23259650.0,44667960.0,46244104.0,55078616.0,67705360.0
臺北市文山區景興路９６巷１９號二樓,24.9946199799863,121.543469997842,14075330.0,7836319.5,11763115.0,11849180.0,15396343.0,23776926.0
臺北市信義區莊敬路４７８號,25.02648102,121.568168,17762706.0,9005238.0,14967829.0,15805229.0,20708484.0,31064356.0
臺北市大同區延平北路二段２４７巷１８之３號,25.06221701,121.512003,11627867.0,6341822.0,10670534.0,11402268.0,15046114.0,17154124.0
臺北市松山區南京東路四段１２０巷１９弄１４號,25.050487,121.555656,21948326.0,9733549.0,19276932.0,20168210.0,25517240.0,30490896.0
臺北市松山區新東街１６巷１５號四樓,25.05816801,121.567108,21772374.0,9992332.0,19438576.0,19569150.0,25076008.0,31641540.0
臺北市萬華區環河南路一段７１號,25.04504601,121.501972,3195568.5,1640843.1,2577370.0,3896704.5,5666283.0,7548825.0
臺北市中山區長安東路一段５３巷１６號,25.04967701,121.526585,9490189.0,3910348.2,7883633.5,8512177.0,11515459.0,13811173.0
臺北市松山區南京東路三段３３５巷２３號,25.05327684,121.5475401,18070944.0,8924735.0,17677736.0,18039916.0,20810402.0,30226218.0
臺北市北投區豐年路一段１６號,25.13395801,121.498138,12495336.0,6166573.5,8760106.0,10461932.0,13102495.0,15141406.0
臺北市士林區中山北路六段４０５巷８９號四樓,25.1173421281906,121.526021122086,47166624.0,19874172.0,44220544.0,51794400.0,63089436.0,64993110.0
臺北市大安區光復南路４１２號十樓之４,25.0366200204178,121.557389992083,21647900.0,10654691.0,18674046.0,19103912.0,22053488.0,30836430.0
臺北市內湖區民權東路六段１９０巷１１７弄３３號五樓,25.06436232,121.5944484,22819340.0,16262741.0,20724368.0,21927448.0,27664014.0,39190760.0
臺北市萬華區大理街１７０巷１弄１１號三樓,25.0338300201268,121.493990030835,10163714.0,6998033.5,9714186.0,9914628.0,13432951.0,17168394.0
臺北市士林區延平北路八段１８７巷１弄１５號,25.105668,121.481656,9310005.0,3478247.5,6626129.0,8492578.0,8563195.0,9955122.0
臺北市內湖區文湖街２１巷７９號三樓,25.09064839,121.5595515,70135850.0,20112548.0,59152188.0,80545620.0,93708504.0,94105240.0
臺北市信義區永吉路２３６號,25.045368,121.573864,14440702.0,7278323.5,12205835.0,13368081.0,18225116.0,25038684.0
臺北市士林區前街７９之１號四樓,25.0981799862805,121.526009990613,10886596.0,5668515.0,9308762.0,11056369.0,13006607.0,14585252.0
臺北市南港區經貿二路２３５巷３０號二樓,25.0613299967075,121.614980037145,17962458.0,10471954.0,15498818.0,15717387.0,19657548.0,26673678.0
臺北市內湖區內湖路一段２８５巷６５弄３６號五樓,25.0845213,121.5688527,15493114.0,7448814.0,12620004.0,13619217.0,17801438.0,24217922.0
臺北市大同區延平北路一段５１號,25.05092202,121.512123,15340590.0,11899278.0,14490504.0,17632376.0,19242732.0,24766240.0
臺北市內湖區港華街８５巷１號四樓,25.0833500107207,121.574459989357,17701050.0,8420705.0,14908196.0,16075758.0,19286458.0,26302500.0
臺北市萬華區寶興街３６號,25.02733199,121.493194,9056914.0,4073396.0,7830253.5,8950698.0,10910689.0,12557264.0
臺北市內湖區新豐街３２號,25.05961486,121.5826169,30983762.0,23210900.0,33519204.0,34532332.0,35620012.0,43878010.0
臺北市中山區德惠街４５號五樓之９,25.0667199795445,121.526929988306,5951724.0,3840549.0,4031545.2,5747116.5,7701934.5,12677496.0
臺北市北投區行義路１４０巷１號六樓,25.12967901,121.528073,23054048.0,11213316.0,21606400.0,22430322.0,25786828.0,39666796.0
臺北市松山區八德路二段４３７巷１０弄６號四樓,25.0496999803231,121.547219977503,31455662.0,14194060.0,30297270.0,31064476.0,37016000.0,43718200.0
臺北市文山區興隆路三段２０７巷１３弄１０號二樓,24.99529502,121.562058,15474892.0,6347982.0,13358906.0,13453130.0,18716694.0,27606402.0
臺北市信義區莊敬路３０８號五樓,25.0283099920621,121.563150035945,28511530.0,12638480.0,24123460.0,24907600.0,29762258.0,40034984.0
臺北市松山區八德路三段１５８巷２０弄１７號四樓,25.0471900194172,121.554780035072,26649116.0,12724929.0,23672170.0,24647156.0,28533780.0,36908628.0
臺北市中山區林森北路１０２號十二樓之１,25.050731,121.524835,9093836.0,3199273.2,7250501.0,7466801.0,10697392.0,12384530.0
臺北市松山區南京東路五段２９１巷４４弄３１號五樓,25.05359899,121.565373,19031320.0,6698586.5,12927931.0,16439415.0,20416614.0,29048816.0
臺北市士林區中山北路七段１９０巷８之５號,25.124939,121.533347,19646378.0,10510814.0,18149148.0,19869170.0,22193328.0,38198588.0
臺北市內湖區民權東路六段８８號四樓,25.0687699835136,121.585840015479,17282466.0,8330303.0,13757564.0,15305489.0,19172026.0,26674900.0
臺北市中山區建國北路二段３５號,25.05529301,121.537265,9184112.0,5176942.5,7191758.5,8848276.0,10248862.0,17105832.0
臺北市南港區玉成街２０１巷４弄１２號二樓,25.04398398,121.585418,13625218.0,6775783.0,11151866.0,11309586.0,17204354.0,27804936.0
臺北市內湖區康寧路三段１６５巷２５弄１２號,25.07182301,121.611996,14720015.0,8122863.5,13204428.0,13997450.0,17532006.0,26824852.0
臺北市大安區復興南路一段３２１號十二樓之２,25.03401379,121.5438438,5066905.5,3317194.8,3327320.8,5840215.0,9819887.0,14122767.0
臺北市中山區錦州街５０號五樓之２８,25.0601600087528,121.526100012253,4212980.5,3089236.0,3101058.0,5501621.5,7126393.0,11882223.0
臺北市士林區忠義街７１巷１３弄６號五樓,25.1060000085765,121.532779969989,15194262.0,8576746.0,12773637.0,14331139.0,17980384.0,22261074.0
臺北市中山區錦州街２１號九樓之６,25.06040401,121.524953,10246946.0,4160091.5,8766968.0,9399092.0,11648622.0,13269642.0
臺北市萬華區西寧南路２９３號三樓,25.03872291,121.5063889,18209412.0,11256946.0,16690433.0,19108432.0,23307434.0,25944748.0
臺北市內湖區金龍路４７巷１４弄１７號,25.08588901,121.593405,18197364.0,10925100.0,14506488.0,14953704.0,19753994.0,24850132.0
臺北市文山區萬壽路７５巷２３號二樓,24.9860700196522,121.588439998025,12464986.0,7691372.0,11846581.0,12671234.0,15410975.0,22761700.0
臺北市中山區雙城街４９巷１２號四樓,25.06786302,121.525233,9400436.0,3643274.5,7353991.0,7907736.5,9759817.0,12988138.0
臺北市士林區芝玉路一段２２６號八樓,25.108979984703,121.533910018175,54550430.0,22011170.0,45012372.0,68530370.0,73226640.0,79340744.0
臺北市大安區青田街６巷４之２號,25.02796231,121.5317056,27566728.0,8822601.0,22183932.0,23968348.0,28823140.0,37057184.0
臺北市士林區中山北路六段３５巷４４號五樓,25.10260802,121.524559,15292241.0,7745851.0,12873896.0,14193600.0,17868726.0,24260872.0
臺北市中正區延平南路１５２號五樓之１,25.0387600041175,121.508180006178,57521760.0,24683758.0,45339630.0,69229160.0,74853570.0,89265790.0
臺北市北投區自強街５巷１５３號,25.11255902,121.510586,9066559.0,3272634.8,6584629.0,6877401.0,9171613.0,10198007.0
臺北市中山區新生北路一段１１０號三樓之２,25.05021572,121.5279281,9319351.0,3216297.5,6909160.0,7372395.5,10706047.0,12407086.0
臺北市內湖區成功路五段４２０巷１１號七樓,25.0753100053758,121.607809989531,17614058.0,11291610.0,15775713.0,15939646.0,18190736.0,29125210.0
臺北市中正區林森南路２號二樓之１,25.0443599955385,121.523099961469,20648180.0,11546250.0,17064576.0,21965288.0,25353216.0,27443234.0
臺北市士林區克強路１９號七樓,25.1087999833323,121.523900014127,20701652.0,13697605.0,19134326.0,23836184.0,26879602.0,32561686.0
臺北市萬華區西園路二段３７２巷１０１弄２２號,25.02741501,121.490062,2101354.2,1002457.94,1757271.5,3677480.5,4903263.0,8489987.0
臺北市大安區新生南路一段９７巷２１之３號,25.041276,121.535751,74076250.0,18926270.0,49351440.0,58503200.0,63405620.0,151137440.0
臺北市中山區林森北路４８１號二樓,25.061093,121.52601,14375900.0,9787482.0,14218772.0,15071562.0,19068710.0,22133130.0
臺北市士林區中山北路六段４５０巷７弄５號,25.11396801,121.528174,28005274.0,10084484.0,23848460.0,24261056.0,33858990.0,41179496.0
臺北市文山區政大二街２６０巷１號二樓,24.98838301,121.587048,18606140.0,8407857.0,13263898.0,17781452.0,24010536.0,28075176.0
臺北市松山區八德路四段４４５號六樓之１１,25.04992001,121.570422,11654067.0,6263444.0,11080056.0,11250334.0,15469521.0,19776312.0
臺北市士林區天玉街１０４號,25.12386901,121.531722,8901784.0,3649631.2,6924641.5,7436924.5,10088236.0,15122790.0
臺北市南港區舊莊街一段１９９巷５弄９號三樓,25.03962502,121.622437,12711102.0,7015072.5,11087370.0,11719490.0,16901546.0,24548396.0
臺北市中山區北安路８０５巷４弄３號三樓,25.0861100037983,121.554650031754,19282596.0,8661368.0,14747809.0,16711138.0,22401632.0,27506696.0
臺北市大同區興城街７０號,25.05928498,121.51738,27072600.0,16967374.0,27630950.0,28129366.0,32633996.0,33676204.0
臺北市士林區天母北路６６之３號,25.12223102,121.526643,18772790.0,10324242.0,18255210.0,18695964.0,22109376.0,32779098.0
臺北市信義區光復南路４７３巷１１弄５６號七樓之１,25.0342900189731,121.559659979101,31723180.0,14050170.0,29436620.0,30836784.0,35155976.0,45748950.0
臺北市松山區三民路１３６巷３６號五樓,25.0604400062284,121.563840034215,17397362.0,10899208.0,15826949.0,17651456.0,18992882.0,29728218.0
臺北市中山區中原街４６號三樓,25.0576599804022,121.52867996205,14897366.0,9459034.0,13557300.0,14100911.0,17147548.0,22544026.0
臺北市信義區吳興街６００巷７６弄２２號五樓之３,25.01837371,121.570478,15513814.0,10845167.0,14887623.0,15403011.0,21406674.0,31739036.0
臺北市大安區信義路三段１０５號四樓之２,25.0337000168086,121.53904996884,8363664.5,5060555.0,6429888.5,9806168.0,11900050.0,21809614.0
臺北市內湖區文湖街２１巷９１弄７號,25.08706399,121.560148,20077094.0,11378630.0,16255205.0,19486314.0,23813416.0,24626198.0
臺北市大同區延平北路二段１９７號,25.05933502,121.511571,7358845.5,3002225.0,4752265.0,5570594.0,7772505.0,9578789.0
臺北市內湖區安泰街３８巷６號三樓,25.0733999791897,121.617610026904,16165849.0,8394517.0,13987708.0,14450704.0,18228732.0,27243228.0
臺北市大安區和平東路二段１７５巷３５弄１號四樓之１,25.02689198,121.542007,7142927.0,4647313.0,5170661.5,8613090.0,13138932.0,21459328.0
臺北市內湖區陽光街２９５號三樓,25.0738399871969,121.579700019946,3120308.0,3255939.5,4131151.5,7933979.0,8606990.0,17415688.0
臺北市信義區忠孝東路五段３４５巷１號,25.04135701,121.574151,17074800.0,11265580.0,16346458.0,16368579.0,24063900.0,27370990.0
臺北市松山區敦化北路２２２巷１９號,25.05959201,121.548176,34262160.0,14334774.0,29352858.0,33578584.0,41008864.0,53264316.0
臺北市大安區信義路四段９９巷３６號十三樓,25.03481301,121.546911,39258840.0,17287676.0,33795244.0,35029268.0,48938256.0,58572536.0
臺北市士林區德行東路３５８巷２４弄６號四樓,25.10948998,121.539305,32582064.0,9057709.0,24189716.0,26199706.0,34068296.0,44576130.0
臺北市大同區民權西路１５３號十樓之１０,25.06314501,121.516434,11766773.0,5984822.0,11396397.0,12110756.0,17136726.0,19766506.0
臺北市信義區基隆路一段３５０號四樓之４３,25.0368500198409,121.561629977804,10379705.0,5254472.0,8449028.0,8955770.0,12396962.0,17031736.0
臺北市大安區通化街１２３巷１３號三樓,25.0291999825412,121.554539977365,11068882.0,5315280.0,8589942.0,9349618.0,12723862.0,20511932.0
臺北市文山區興隆路三段２２１巷４弄１９號四樓,24.99352799,121.560299,13894880.0,6143997.0,12536516.0,12634672.0,16543215.0,26046690.0
臺北市萬華區西寧南路１０８號七樓之２,25.041808,121.505868,19995160.0,12574424.0,20366908.0,20405518.0,24448634.0,28601784.0
臺北市大安區仁愛路四段１１２巷９弄７號二樓,25.036799979879,121.550109973899,31532312.0,14345934.0,28929826.0,29015978.0,34965456.0,43409850.0
臺北市中山區錦州街１０６號六樓,25.06028834,121.5285723,17529198.0,11748473.0,17416154.0,19390214.0,21785916.0,35355150.0
臺北市大安區樂利路２０號五樓,25.0275199976878,121.551240022085,34073756.0,13981946.0,28340526.0,31204740.0,39430844.0,47137124.0
臺北市松山區三民路７４巷９之１號,25.05589689,121.5649737,24749522.0,14009175.0,23668062.0,26481402.0,30311432.0,41120710.0
臺北市北投區稻香路１６１巷１６弄２之５號三樓,25.14190094,121.4880264,23844824.0,15909940.0,21099610.0,27714502.0,29601024.0,33036000.0
臺北市北投區大同街１８８巷１８號,25.1366400137249,121.499700034736,2725718.5,1287234.5,1938668.2,3332608.2,5140747.0,5152537.0
臺北市信義區忠孝東路五段７９０巷６８弄５號,25.04055302,121.583253,21100978.0,11035427.0,17894748.0,20789534.0,24553782.0,32632502.0
臺北市士林區天母西路４１巷２號二樓之６,25.11872509,121.5274176,10354710.0,4811948.5,8509912.0,8730924.0,11300961.0,13979760.0
臺北市大安區永康街７５巷８號六樓之３,25.02882301,121.530111,14616973.0,7372733.0,11227783.0,12221606.0,17628846.0,18650020.0
臺北市士林區重慶北路四段４９巷１５弄５６號三樓之６,25.08188498,121.511799,11839692.0,6685611.5,10944788.0,11465250.0,13688177.0,19367336.0
臺北市中正區忠孝東路一段８４巷２號六樓之６,25.0442400085946,121.524060024658,14520799.0,8566463.0,13320689.0,13629377.0,17209802.0,23309568.0
臺北市中山區天祥路８２號十三樓之５,25.0640300172679,121.520520011671,15244132.0,9553773.0,13460420.0,15265693.0,17549002.0,23747196.0
臺北市大安區和平東路一段１７７號六樓之９,25.0264899875161,121.532170018895,9342665.0,4183146.0,6361132.5,7748666.0,10589373.0,16611607.0
臺北市文山區景興路２６２號十三樓之３,24.9899987,121.5426351,7849117.0,5531736.0,6026920.0,8913439.0,9728519.0,15711872.0
臺北市文山區興隆路三段３０４巷３２之２號,24.99597701,121.555263,23017010.0,11979392.0,19185452.0,20900062.0,30472816.0,31263780.0
臺北市松山區富錦街７７巷２弄８號四樓之１,25.0602600048577,121.552019958176,13819026.0,7880762.0,12423472.0,13994620.0,17505808.0,22581036.0
臺北市萬華區武昌街二段１２４之２號六樓,25.0453599984969,121.503759977177,6419276.5,2423922.8,4171242.8,5088537.0,6822039.0,7989361.0
臺北市內湖區行善路２５巷１弄１２號二樓之１,25.0566099793914,121.576980008547,26459490.0,13383618.0,23005948.0,25394982.0,28473924.0,34781804.0
臺北市松山區光復北路１０５號九樓之２,25.0510399951837,121.558060041423,23079434.0,11796345.0,21331964.0,21953224.0,25039590.0,35346388.0
臺北市中正區中華路二段２９９號,25.02958501,121.504592,6191258.0,1969876.0,4480595.0,5763275.0,7843048.5,11554445.0
臺北市文山區仙岩路７０號四樓,24.99997501,121.550228,7167698.0,4926911.0,5414550.0,8529794.0,13014970.0,14787242.0
臺北市中山區朱崙街３４號二樓之２,25.0498500163899,121.541090040254,10141116.0,6279473.0,8670732.0,9175217.0,12180672.0,17819580.0
臺北市內湖區東湖路１０６巷７弄１５號,25.06820001,121.614307,18414924.0,12014493.0,18710020.0,18837280.0,21258770.0,29607630.0
臺北市中正區羅斯福路三段１３６號十九樓,25.0203300011439,121.528260028701,96859960.0,24440148.0,58314704.0,101650960.0,110570080.0,135984850.0
臺北市中正區晉江街１７３號二樓之１,25.02117599,121.526799,13937322.0,7758301.0,10311902.0,11337750.0,17641930.0,17904888.0
臺北市萬華區青年路８號,25.02613602,121.506205,18240558.0,9958237.0,17156086.0,19389290.0,21762492.0,30432448.0
臺北市中山區中山北路一段５３巷２６號,25.04880098,121.523648,13272553.0,6056172.0,12492596.0,12720901.0,18244872.0,19344372.0
臺北市中山區撫順街９號六樓之４,25.0637799850962,121.521419976615,4280170.5,2821841.2,2977347.5,5408336.5,5721829.0,11041449.0
臺北市大同區延平北路二段１４４巷１０號,25.05757499,121.511193,23236104.0,13770849.0,21524424.0,22615906.0,27407140.0,31994924.0
臺北市信義區吳興街２８４巷１９弄６號,25.02358302,121.563639,18913172.0,8451865.0,16974042.0,17000384.0,23586674.0,32186444.0
臺北市內湖區康寧路三段１８９巷７３弄３號,25.07229499,121.612291,17484286.0,9715761.0,15065527.0,15989157.0,22195106.0,27659898.0
臺北市松山區八德路二段３４８號,25.04773199,121.545319,10658289.0,6391293.0,11869221.0,12086526.0,16262276.0,23606972.0
臺北市士林區天母北路２８巷３９號二樓之７、二樓之８,25.1192499953877,121.525349999557,19210204.0,10715792.0,18444804.0,19083444.0,21874938.0,23561944.0
臺北市內湖區星雲街１６８巷３５號,25.07990098,121.597015,10475590.0,5066654.0,8841325.0,9647253.0,11676962.0,16418796.0
臺北市中山區新生北路二段３８號十五樓,25.0546600134367,121.527269958298,30357834.0,15552833.0,27445694.0,29924712.0,35920136.0,42467310.0
臺北市中山區林森北路１０２號,25.050731,121.524835,7803826.0,3861711.2,5208517.5,7480442.5,9053650.0,13530950.0
臺北市萬華區中華路二段４１６巷１０６號十樓,25.0268199830441,121.502260035603,21255080.0,12613820.0,19580874.0,22920148.0,25339388.0,32407160.0
臺北市北投區石牌路二段３６２號,25.12347699,121.525537,23886564.0,11862205.0,23020828.0,23346944.0,28678150.0,39409940.0
臺北市北投區尊賢街２２４巷２號三樓,25.11591098,121.50794,13301546.0,6828861.0,12113159.0,12461040.0,16260880.0,24616664.0
臺北市大同區民權西路１５３號十樓之６,25.06314501,121.516434,20956386.0,15920929.0,21834462.0,24685404.0,29419670.0,30284156.0
臺北市中正區中華路二段１７５巷３４號,25.03063002,121.505084,5974813.0,2223082.2,5046251.5,7275644.5,8339460.0,11683780.0
臺北市松山區富錦街３７８號二樓,25.0605000206551,121.55919000579,30016976.0,10303193.0,22057020.0,28249374.0,33427202.0,36027724.0
臺北市南港區東新街１８０巷６號,25.04630493,121.5934134,38990196.0,24772712.0,41619790.0,42145028.0,50729384.0,54595400.0
臺北市北投區中和街４９３巷９弄１５號,25.143821,121.495197,3259969.2,1071433.6,2277711.8,3376873.5,5312355.5,5514054.5
臺北市中正區中華路二段３１３巷３６號,25.02870302,121.506888,5299098.5,1665891.2,3734224.2,5099204.5,7818359.5,8853298.0
臺北市文山區萬寧街１３１號,25.00368199,121.569896,14067654.0,9458601.0,12339542.0,13811173.0,15347731.0,29388206.0
臺北市士林區雨聲街１５巷７號,25.10099702,121.528892,16244171.0,7683037.0,15255010.0,16209136.0,21449548.0,24204438.0
臺北市內湖區內湖路一段３２３巷２１弄１５號四樓,25.0840400089901,121.568840007097,13177406.0,7823088.0,11276802.0,12561528.0,15545685.0,19761832.0
臺北市中山區通北街９３號,25.0832799799197,121.538630035491,34628828.0,16408120.0,32974998.0,34649704.0,44831584.0,49928990.0
臺北市南港區園區街４２號五樓之１,25.0596800190675,121.612439985207,30948206.0,16010885.0,29345580.0,29999004.0,37729376.0,38806644.0
臺北市士林區中山北路七段２２７巷８號七樓,25.12782699,121.532754,25066302.0,12176118.0,25428376.0,25801192.0,28728024.0,44204944.0
臺北市信義區吳興街６００巷７６弄１３號,25.01817749,121.5705655,28288950.0,13417843.0,26103040.0,28051624.0,33407252.0,40732360.0
臺北市北投區吉利街２８０巷２７弄１１號,25.11765002,121.510615,15151170.0,7298905.0,13779414.0,16425248.0,21172296.0,22770906.0
臺北市萬華區東園街３２之１號五樓,25.0270200171634,121.495870007899,8620996.0,4017314.0,8190289.0,8643915.0,11668057.0,14105322.0
臺北市士林區士東路２６６巷６弄１６號六樓,25.11251602,121.536149,22352038.0,11591352.0,21981676.0,23283086.0,25257408.0,41894730.0
臺北市松山區民生東路五段１７０號,25.05830602,121.562775,26693070.0,13002490.0,24998884.0,27270886.0,30149178.0,39588644.0
臺北市信義區紫雲街２７之３號二樓,25.0185200129722,121.574310037109,14112588.0,8148467.5,12318049.0,12683421.0,17477718.0,24333816.0
臺北市文山區福興路１０６巷２８弄５號,25.00636701,121.5501,16577107.0,8535751.0,12342767.0,14911494.0,20975660.0,21484596.0
臺北市中正區和平西路二段１６巷２號,25.027973,121.513486,13010800.0,6834516.0,12047307.0,12121826.0,17184710.0,20914658.0
臺北市士林區承德路四段１９５巷１２號四樓之２,25.088249987498,121.523050005326,35737400.0,16883214.0,32230738.0,36366710.0,40092220.0,45155892.0
臺北市信義區松勇路３３號十三樓,25.0369299831972,121.569980029748,174680620.0,22057694.0,56139136.0,94136660.0,104512080.0,115619920.0
臺北市大同區安西街１００號五樓之１,25.0609099795394,121.509850016567,30330170.0,16052257.0,25757580.0,30704730.0,32608860.0,34629156.0
臺北市大同區重慶北路三段２０３之３號五樓之２,25.069714,121.51406,18102752.0,12848334.0,16499445.0,16659487.0,17863308.0,21508336.0
臺北市文山區興隆路三段３０４巷２５號二樓,24.99391598,121.558342,24656888.0,13454362.0,21087742.0,22192396.0,29882336.0,35722136.0
臺北市大同區延平北路二段１９７號,25.05933502,121.511571,9794074.0,4042772.2,6472697.0,6547302.5,9238894.0,11924702.0
臺北市南港區重陽路４９１號二樓,25.06109099,121.612036,24778666.0,15781431.0,21824054.0,26633160.0,30984826.0,36027036.0
臺北市北投區石牌路二段３０９號十二樓,25.1221499872031,121.523004994506,44101360.0,19674428.0,43597210.0,45840844.0,55339136.0,56275610.0
臺北市內湖區成功路四段２９４巷７號四樓,25.0868699909592,121.599009997025,57227930.0,20590406.0,41536210.0,59382910.0,68705620.0,80928450.0
臺北市大同區華亭街３６號三樓之８,25.05348902,121.513073,9382202.0,4097513.5,8441377.0,8673262.0,11714060.0,14327668.0
臺北市信義區福德街１６９號七樓,25.03777002,121.583601,115276400.0,23395534.0,67327144.0,103174760.0,116380136.0,119340150.0
臺北市北投區石牌路二段３１５巷３４弄１號三樓之１,25.1239099982772,121.52239001427,31016400.0,15633999.0,28921550.0,36031850.0,36887304.0,39348724.0
臺北市內湖區民權東路六段４１３巷１１號,25.07045299,121.602681,42171964.0,19612308.0,39342720.0,43555816.0,57778844.0,63997330.0
臺北市士林區中山北路六段２７７巷６號,25.11007399,121.524914,13568475.0,6957142.5,12039658.0,13910525.0,18044734.0,20731248.0
臺北市內湖區民權東路六段２９６巷８８號,25.06884341,121.6103968,35669100.0,18516994.0,34546956.0,37044676.0,46380050.0,64326892.0
臺北市大安區和平東路二段３１１巷４３弄９號八樓,25.0258400128343,121.545979958748,31164652.0,13268073.0,26691134.0,27567200.0,34937256.0,44769030.0
臺北市信義區松勤街１４０巷４號六樓,25.0315799820384,121.56897998488,38419256.0,15840237.0,32693432.0,40658620.0,47381132.0,55057090.0
臺北市萬華區康定路１０５號十一樓,25.039469993226,121.502059959575,12445577.0,6549213.5,10867261.0,13154906.0,14091984.0,16145573.0
臺北市大安區泰順街４４巷２１號,25.02394499,121.530096,22107184.0,8097131.5,16326796.0,18896908.0,24189068.0,29273410.0
臺北市中山區林森北路２６３號十樓之１,25.0546499970624,121.525559966231,7198593.0,4285848.0,5259847.0,6844789.5,8515351.0,13570598.0
臺北市士林區福港街１７４號四樓,25.0867199968019,121.517690029702,19838610.0,12957752.0,17476384.0,20088240.0,24156932.0,29953036.0
臺北市信義區莊敬路１９８號四樓,25.0304500176713,121.561359996703,30481884.0,13015119.0,25994430.0,27034932.0,32760348.0,43165044.0
臺北市北投區東華街二段２６號,25.11654801,121.514476,34461990.0,17122808.0,33245988.0,34178744.0,39619616.0,40980010.0
臺北市士林區福港街２６７之５號,25.08348898,121.517791,12206790.0,8595309.0,11769848.0,13549260.0,15306219.0,17644420.0
臺北市中山區錦州街３９３號,25.06036,121.541367,4195699.5,2469821.8,3852364.5,6226394.0,8796724.0,14006450.0
臺北市大安區敦化南路一段２３６巷３１號,25.040679,121.546286,42932676.0,17805276.0,38854340.0,41544212.0,53041076.0,89456510.0
臺北市萬華區長泰街２８２巷１３弄１３號,25.02167802,121.493103,9945348.0,4003736.0,8251260.0,8982149.0,11279556.0,14235379.0
臺北市大安區仁愛路四段３５７號,25.03806728,121.5543408,43364000.0,17241080.0,37482060.0,43448696.0,51350572.0,89488090.0
臺北市士林區承德路四段１０巷７９號三樓,25.0807799934786,121.518889982961,15499380.0,6443559.0,12762337.0,14998494.0,17296746.0,20084410.0
臺北市中山區合江街１０２巷３８號,25.05862,121.538306,32460300.0,13336146.0,26349148.0,32832912.0,39897012.0,48092864.0
臺北市中山區龍江路４１５巷２１號四樓,25.066451,121.542548,18066360.0,7849012.0,15990224.0,17540334.0,21835336.0,30792056.0
臺北市中山區民生東路二段８３號五樓之４０,25.0581100047837,121.530769989607,8875540.0,5898968.0,7139951.0,8379392.5,9868047.0,15835826.0
臺北市南港區富康街３３號,25.053442,121.617348,18590000.0,9527260.0,16353225.0,16446315.0,25540222.0,28487396.0
臺北市大安區羅斯福路二段９５號二十四樓之３,25.0250900001382,121.524160020763,33558864.0,14176528.0,25635294.0,30263022.0,40194132.0,47322064.0
臺北市內湖區康樂街１９９號三樓之１,25.076080008911,121.621169988821,17314536.0,7021471.0,14468465.0,16356969.0,21637826.0,26363172.0
臺北市北投區溫泉路６５巷１６號十樓之４,25.1359126321673,121.504417956576,8285403.5,3840673.5,6319212.5,8217931.5,9244340.0,9964849.0
臺北市大同區民權西路１５３號十樓之１,25.06314501,121.516434,12624314.0,6258560.0,12147586.0,12605330.0,17553688.0,20197082.0
臺北市中山區撫順街６之１號六樓之５,25.06368799,121.52156,7290341.5,2969558.0,5425311.5,6432857.0,8806167.0,11802174.0
臺北市內湖區康樂街１１１巷９號三樓,25.0706000044339,121.619610032821,15388681.0,8242145.0,13208106.0,13612646.0,17291798.0,26386564.0
臺北市內湖區星雲街１３１號,25.08096699,121.595857,25686734.0,16031604.0,24154216.0,26521132.0,32139454.0,38749910.0
臺北市大安區復興南路二段１７１巷１８號,25.0274752,121.5446075,33334246.0,14203728.0,29416190.0,32671864.0,39281910.0,51405744.0
臺北市士林區東山路１２０巷５號四樓,25.1126999990608,121.539149964945,17491456.0,8426513.0,14484480.0,16229275.0,22363382.0,26732300.0
臺北市士林區承德路四段６巷７３號三樓,25.0801399932616,121.519159964062,10678148.0,5178345.0,8374775.0,9870061.0,11577123.0,14497332.0
臺北市士林區天母西路８９號九樓,25.11858502,121.524685,65042096.0,20945556.0,55389400.0,80549460.0,83780230.0,85238470.0
臺北市士林區華齡街１８號三樓,25.08302802,121.51958,13363824.0,7050862.0,12135290.0,13069124.0,16283071.0,20442214.0
臺北市士林區士東路２７２號,25.11325601,121.537001,34340540.0,15631405.0,34842760.0,37798236.0,45884756.0,62503980.0
臺北市北投區紗帽路１１６之９號,25.15086498,121.547167,5412996.0,4562496.5,4622881.5,7201023.5,11451940.0,21090920.0
臺北市內湖區文德路２０８巷８號四樓,25.07782701,121.583476,31048956.0,16166774.0,27736184.0,29875154.0,34897096.0,43218016.0
臺北市萬華區長沙街二段６１號八樓之１,25.04068298,121.505462,16945026.0,10225782.0,15505176.0,15746133.0,20688270.0,23481816.0
臺北市中山區長春路２８號七樓之７,25.0547300023282,121.541829994666,13570960.0,8832518.0,11047642.0,11400745.0,12623014.0,23461760.0
臺北市大安區安和路一段２１巷２６號,25.03932,121.551613,31243214.0,14806773.0,26171936.0,31069334.0,35607580.0,47162844.0
臺北市中山區基湖路１５１巷２１號二樓,25.077690004873,121.564319981991,10585314.0,6922410.0,9582973.0,9779756.0,11576637.0,16163999.0
臺北市北投區中和街５０２巷１３弄５號一樓,25.14738,121.494128,5728801.0,2650025.2,3890010.0,6200854.0,9129550.0,11423753.0
臺北市萬華區西藏路１１１號,25.02965998,121.503243,17789424.0,9945784.0,15447525.0,15517246.0,20788742.0,29481290.0
臺北市內湖區內湖路三段６０巷１２弄７５號四樓,25.088690302519,121.591256996502,18531586.0,11475379.0,15464712.0,18231862.0,20390072.0,29368370.0
臺北市文山區樟新街４８巷１７號,24.97789901,121.554797,31169050.0,12774197.0,21324356.0,25801784.0,33274724.0,40276092.0
臺北市士林區倫等街４８巷２號三樓,25.09293698,121.501562,10567220.0,5683471.5,8239213.5,9771459.0,12251738.0,16296027.0
臺北市中山區敬業三路１６２巷１３８號十一樓,25.0772800040791,121.559829964098,30445394.0,14718106.0,27411792.0,31128176.0,34573720.0,39393180.0
