土地位置建物門牌,緯度,經度,pred_mean,pred_0.1,pred_0.25,pred_0.5,pred_0.75,pred_0.9
臺北市南港區三重路４１巷３５號,25.06039001,121.612759,45870693.66606893,36712881.64245332,41222262.08998251,46466876.586432286,51159402.38870311,57405016.530355036
臺北市松山區八德路三段１２巷１６弄５號,25.04705302,121.55043,14946111.460462956,11733693.837997278,13354668.069895059,15638504.005031504,17033747.49025297,18478946.49371352
臺北市大同區重慶北路三段２２３巷２３弄８號四樓,25.070894,121.515044,10714987.515588453,8280019.487541635,9979208.362376878,11103711.655134302,12236490.769947229,13691831.825845497
臺北市中正區仁愛路一段５９號,25.038558,121.525117,9222028.707996758,6704236.95725172,8315217.981933905,9829582.673450802,10831847.263566183,11589975.90581347
臺北市中山區林森北路４０９號十二樓之４,25.05960299,121.525702,12834879.23922708,10668216.607579157,11830798.751963943,12804994.600041045,14243860.90364015,15940507.740447212
臺北市北投區石牌路二段３１５巷２８弄１８號五樓,25.12372899,121.523172,54978755.36053407,44755314.58491984,49713009.849263355,55470524.77470873,62426753.293032475,65906607.19729423
臺北市大安區溫州街１６巷９之１號三樓,25.025371,121.532559,6511143.538019933,4351599.218499963,5438444.476727219,6644875.779626632,8269926.8409568155,9979026.821826847
臺北市大安區忠孝東路四段２２３巷７５號二樓,25.0439300039056,121.552889999725,37782770.55708768,33565800.779575676,36103735.18157451,38682454.796007425,40311208.79676772,41871387.1683159
臺北市士林區大南路２７５號三樓,25.08865701,121.519354,14405566.16202873,11617698.853842912,13505022.301607206,15122925.784265883,16222092.38066495,17831491.625900686
臺北市松山區南京東路五段２３９號十樓之２３,25.05161642,121.5649724,13261628.454111176,11323784.794036623,11885178.003788985,13013340.222002624,14844214.819003444,15765472.010016497
臺北市北投區明德路１１８巷１２號,25.10938198,121.520801,21450775.688595183,18863077.268307067,20242852.044428512,21560127.387562174,23073236.270237826,25139316.57636314
臺北市北投區實踐街７１號,25.1153099979811,121.51018998656,17411549.622199643,14657016.393001143,16348749.903143713,18022876.288419552,19410337.131278764,20905675.526030824
臺北市士林區雨聲街１５巷１０號,25.10110699,121.528761,18369277.56068056,15483481.451625068,17201780.05056159,18927427.217355944,20482197.912457764,22004809.256028794
臺北市松山區新東街９巷２４號四樓,25.0577600184166,121.564909984155,21566367.45705964,18250036.216954406,19792052.752359603,21363065.53081251,23702354.878772244,26125407.18770839
臺北市松山區新東街３０巷３４號三樓,25.05961799,121.567232,6107812.961982999,4155699.4706943254,5436146.392312967,6313874.284803774,7213229.1594812,8290306.928952007
臺北市萬華區漢口街二段５１號,25.04586798,121.506388,11397581.11764251,9292677.243146932,10599442.313903745,11499471.499609709,12346757.502168303,13826445.031249966
臺北市松山區復興北路３１３巷４２號十樓,25.05883001,121.54702,70281953.1424544,60460341.866603985,64014974.70493561,68103813.0476025,78907080.52529234,86640990.15361822
臺北市松山區富錦街５７１巷７號二樓,25.06224199,121.56659,16898099.32820853,15003747.16881084,15933618.127688088,16710296.44921194,17936574.506706912,19858195.08490492
臺北市信義區吳興街３６１巷２３弄１６號五樓,25.0267300033135,121.566730030611,17242831.538336862,14845768.84299983,16487035.184140587,17714977.811845277,18973485.326349363,20728400.616425686
臺北市中山區德惠街３４號,25.06658692,121.5261865,2025893.243537012,761947.6991079033,1496794.850508066,2549542.982349801,3403552.1986988224,4004290.3744692635
臺北市文山區樟新街１０之１號五樓,24.9795699794682,121.555029983425,9839299.490749616,8141646.24797754,9047526.537876414,10057946.921673033,11087293.872215673,11959385.757451385
臺北市南港區南港路二段２１２巷４號,25.05404801,121.598886,16044705.104994325,13975871.22658811,15427060.200680565,16382501.642268352,17283867.309340127,18901798.02523917
臺北市中正區廈門街１３８號六樓之１,25.0225400156447,121.517360034174,6999322.557465764,5642939.059159642,6332120.122553112,6972994.267565345,8070388.361586606,8765397.924448112
臺北市萬華區康定路４６巷９號,25.04327198,121.502026,2905034.563803384,2284917.168348984,2466207.745100876,2709369.6988507807,3089519.897926267,4315820.418634331
臺北市中山區合江街２９號四樓之２,25.05537901,121.539171,11074857.896945007,9062135.091224102,9942205.533607624,11173885.057934772,12244119.912555661,13671069.92174286
臺北市士林區基河路３８２號十樓之１,25.09500002,121.51807,71172717.22398323,53159285.97986152,64607914.033883415,75010733.41353536,82456709.72621083,94093114.48356456
臺北市萬華區西園路二段２０７號,25.02722198,121.494403,9543006.997918475,7030917.956151675,8778659.875069402,10072645.707164219,11233741.552388048,12166157.789303884
臺北市文山區試院路６６號四樓,24.99045531,121.5497466,17108285.956404302,13364388.372328822,15838842.53684796,17848109.217403628,19439240.32681534,20790919.297566913
臺北市中山區新生北路一段１０８之３號,25.04957999,121.528256,4557091.346518073,3533664.194862846,4031269.8353880146,4603244.952502789,5074154.805230808,5913980.357774304
臺北市北投區公路７７號四樓,25.13289,121.50253,15912622.256029867,13395565.548671791,14304962.889829364,15613375.871821098,17661211.1723922,20316625.330202065
臺北市信義區林口街６６巷６號二樓,25.03872698,121.579644,16405191.085192293,14217252.523330308,15358593.823164113,16390103.208200127,17584418.48497201,18880696.66525622
臺北市北投區三合街一段１１７巷５５號三樓,25.1250900026062,121.504720040366,30381448.966044363,25760308.337973133,27901758.73677402,30316847.110742897,33431092.437369023,36899475.00510694
臺北市中山區林森北路２８６號七樓之４,25.0556999980731,121.525349999557,9992100.590776227,8021694.309366507,9115000.475357257,10320407.889727125,11331392.097052295,12088309.672577783
臺北市內湖區民權東路六段１７７號五樓之１,25.0680719,121.5968853,26351226.761384048,22624056.98029987,25074373.135292165,27402085.34303078,29544490.981789365,31007219.5395869
臺北市南港區昆陽街１７１巷３弄８號,25.0471100141514,121.593690003079,1391480.1394542702,801660.4273850697,983061.6366237084,1213794.2407631052,2049641.1249948735,2650135.8113723863
臺北市松山區民族東路６６８巷２弄１號三樓,25.0649287860334,121.545688131318,16926552.410793062,15455044.049389869,16158135.31368278,16770635.043142827,17779762.713167395,18827718.284566443
臺北市南港區成福路１８０巷１４號,25.04108728,121.5874172,17809417.780349854,15662135.937215164,16826096.4521768,17859528.23576143,19006955.26781266,20169400.877012555
臺北市中山區敬業三路１６２巷１３２號,25.077474,121.559016,28471743.813528214,24266616.265309222,26103884.988974,29050291.601105995,31217447.26187175,33926803.58931021
臺北市南港區園區街３６號,25.05922949,121.6123821,42688770.897033155,32451473.278538927,36105911.78093861,42279183.39096393,50257142.36724174,57022641.56935861
臺北市中山區新生北路三段１號,25.06288702,121.527991,6491818.477857283,5653549.830203603,6084908.84270067,6444854.436709566,7230552.091450025,7878729.034358656
臺北市松山區塔悠路１９５號四樓之７,25.05741502,121.569572,10433967.910172364,8514343.020526692,9858866.644359319,10731102.47688381,11646867.727210823,12499058.876545494
臺北市中山區樂群二路１７８號四樓,25.07958071,121.5579856,31853153.177545052,29712565.961357284,30721421.96672555,31963840.918891825,33094638.28520746,34297196.23476394
臺北市北投區一心路３０號,25.13337401,121.474339,11679725.620110366,8290289.216278385,9905063.485163359,11982822.14109234,14320460.833826937,15679348.811076215
臺北市內湖區民權東路六段１７９號八樓之１,25.0680500199404,121.596949976681,20147716.715248637,17279252.377814252,18863189.26612943,20563662.69672893,21811985.962184478,22789181.671988048
臺北市南港區三重路４１巷３７號,25.06040111,121.6128097,67712433.84088834,52939454.87464579,62023779.7688415,67581428.89130826,75016510.61753291,82027067.21230341
臺北市中山區龍江路４４３巷１０號五樓,25.06713799,121.54167,16520103.128999693,15096262.118058918,15779614.783837799,16526874.892553348,17487374.792524077,18765489.403215624
臺北市大安區光復南路６２６號五樓之６,25.0317800161577,121.557280021513,38496309.24535354,30631766.189774834,35550061.59944558,38354565.39745714,43892529.91126755,48824557.56684543
臺北市北投區明德路１５０巷９號,25.110493,121.521219,16698591.992613617,13982271.1584734,15722764.988497918,17064845.846696015,18141742.40985955,19860982.28809528
臺北市北投區中和街３９１巷２弄１號二樓,25.142548,121.49795,15259462.28997922,11297836.25363632,13272770.195787871,14738330.898542846,17412749.67393259,22072875.911564007
臺北市萬華區長泰街１７８巷２號,25.0222999998472,121.496929983374,7226286.609651433,5542451.65863231,6501953.472086182,7518859.588591555,8301836.0885468675,9051538.489210406
臺北市內湖區民權東路六段２９６巷３８之３號四樓,25.0717199943362,121.607110016796,21620523.478837118,17721509.54753729,20203240.688444827,21997279.848898053,23557183.52834191,25496126.097635888
臺北市內湖區內湖路二段１０３巷１１９弄５６號,25.08436301,121.581823,22479481.87140043,18704598.035947986,21150044.90104828,23244947.910847846,24660590.62556035,25864335.331662185
臺北市士林區士東路３０８號,25.11312601,121.538299,15275930.699992748,12192994.108855233,13801826.57293772,15552931.885335373,17119040.876606602,18817180.773744218
臺北市中正區博愛路１２２號,25.04335999,121.511418,6461577.536458498,4372883.5516714705,5886788.327518279,6632250.743064724,7698464.448765106,9137250.063920723
臺北市文山區萬安街７２號三樓之５,25.0020100106495,121.57110001965,13327955.387063887,9770990.324653067,11786638.825000336,13883805.94527626,15576590.402570665,17560421.860445574
臺北市信義區永吉路２０６號五樓,25.04537999,121.572879,51014120.94889228,36871409.11719653,48006309.39961593,53830820.54402434,60882895.5982059,64711404.752630696
臺北市內湖區成功路二段３１７巷１１號九樓,25.0697900192206,121.591290012743,52674356.29595151,47448308.77743757,49443295.66634875,52295636.69157413,55250474.07717058,58330283.94488633
臺北市內湖區大湖山莊街１７６巷１８號二樓之６,25.08855939,121.5987959,23006087.82206735,19394468.06088154,21811556.733494382,23501186.910480116,25126650.476369336,26896578.658522904
臺北市信義區永吉路１２０巷５７弄６號五樓,25.043769993374,121.570649995269,24851244.925504245,20984934.73502596,22867314.522295784,24959837.594280668,27366056.649647154,31388461.509778984
臺北市大安區敦化南路二段４６號五樓之１４,25.03123699,121.548312,17286010.526616126,12257159.183305837,15294689.04468552,18151326.297349174,20186905.3902653,22946494.195357233
臺北市大同區南京西路３４４巷３５號六樓之３,25.052874,121.512307,10200221.123565733,7846874.272455655,9385488.860889615,10816772.391936783,11881872.44236992,12932056.27749063
臺北市大安區樂業街７２巷１８號,25.0219916,121.5506377,22659054.406069417,18408529.6400656,20853432.32601351,23365729.556002967,25128541.20386587,26462764.19281658
臺北市文山區汀州路四段２９１號,25.00148295,121.5355503,10783943.43728224,7040907.471590303,8082678.361043946,10023187.788798817,13137451.200721592,20254716.162280694
臺北市大安區浦城街４巷８號五樓,25.02428198,121.526454,32626203.23376454,25404949.137898937,30602796.539354336,33089577.262298703,36369913.493547454,40025669.96594501
臺北市大安區光復南路４２０巷７號六樓,25.0363800046204,121.556569990495,28734659.92115892,25865193.895850122,27396635.82301434,28856529.732315727,31115517.482407145,33656266.00381498
臺北市中正區青島東路９號四樓之３,25.04379388,121.5226574,12044881.3646579,9646027.497202035,10967599.404369265,12035368.699210338,13546244.728569832,15124079.67684967
臺北市松山區八德路四段２４５巷３２弄３７號,25.0497700111241,121.563480031473,29413224.572197393,24129995.9914935,27269819.25572958,29540149.917425014,32044894.915710118,36829415.29757526
臺北市松山區三民路７４巷７號五樓,25.0558900158181,121.564689959197,25932313.354804832,21868147.491594438,24817126.1464997,26728631.606261645,28972664.24705346,30785448.70747498
臺北市士林區福林路１００巷１１弄５３號六樓,25.09605999,121.53299,4654751.931118419,2622176.06971152,3226727.9117093934,4441952.356908129,7153316.672257914,8372614.67018093
臺北市士林區芝玉路二段８９巷２號,25.112642,121.534953,17075509.89668618,14923177.937767599,16200193.644128531,17417106.16121635,18311551.803094815,19150642.361515634
臺北市中山區新生北路一段５４號,25.046438,121.531052,7411811.680751626,4842881.32733542,6098527.759457754,7998462.511843972,9592494.079710113,10715567.13532104
臺北市松山區八德路四段７２巷１４弄６號,25.04671598,121.559983,17239064.31627725,15587964.026923098,16303062.318266654,17029478.985697094,18111615.612561118,19839450.95201359
臺北市大安區大安路一段２０４號八樓之１,25.03477332,121.5458995,15987550.488706311,14497740.346758895,15082354.071790136,16058993.720985182,17042618.668903872,17845898.707167238
臺北市士林區天玉街３９巷４號二樓,25.121531,121.529184,41770920.48878673,32862960.073057033,36083786.89757149,41434916.1093379,47601126.183515735,56504962.10395695
臺北市中山區新生北路三段７號十二樓之２,25.06332699,121.527991,26403639.89098704,21472796.5421564,24212245.195683524,27376069.640395608,29813988.756545648,32638290.429435693
臺北市大同區重慶北路三段２０３之３號五樓之６,25.0699299970036,121.513990006183,17098252.855736498,15280196.106297057,16451129.437416911,17202345.431330483,18012556.564976793,18832911.106535424
臺北市信義區松德路１０６號八樓,25.0377299939458,121.574970028165,64556644.251237966,51834929.946975015,59321568.137279026,65832330.47107502,70098085.65477282,81793946.72839284
臺北市中山區復興北路４４８號六樓之１３,25.062720683849,121.543981115059,12001937.321845666,11139152.186852064,11488014.365136113,11904033.694506306,12549040.187011372,12896802.443069212
臺北市大同區重慶北路三段１５２巷３號五樓,25.06815199,121.51325,8126015.71286873,4908734.94035399,6060829.919872221,8538704.063353444,11017793.769753266,12769426.755570212
臺北市內湖區內湖路一段２１７巷１號五樓,25.08355,121.564414,25116966.32531817,20861866.30018064,23478639.1386753,25573748.0146632,27837339.96326291,30306886.00043159
臺北市中山區興安街２８號,25.0560700171888,121.53827003275,17681056.888383947,12693215.576113105,15475812.018412305,17484820.941975176,20867196.772108063,25533675.486254618
臺北市大同區歸綏街１２６號二樓,25.0582900061544,121.514740018879,21179387.439902738,17835948.086812884,19509827.910983913,21311293.07871372,23510022.16058393,26029312.10524278
臺北市大安區辛亥路三段１５７巷２４弄１４號三樓,25.01765601,121.55028,11108677.657246578,7462727.886052084,9930426.394612513,12104830.370023362,13320848.16613739,14429695.409574056
臺北市士林區社中街１５２巷３２之１號,25.09029601,121.510674,7614711.516334649,5046956.894860146,6760909.767252714,8182917.139263733,9289768.533576008,10144937.033463767
臺北市內湖區民權東路六段１８０巷１５０號七樓之３,25.0650300202263,121.592289973792,33196969.49337226,26738925.177290462,29937423.638934027,33971291.75859946,37343604.158486076,39195618.28233573
臺北市中山區安東街１６巷１８弄４號三樓,25.04516298,121.540721,21474582.08255655,18193272.57363946,19688869.576940127,21626522.121490285,23320056.535477787,25615242.494282223
臺北市大安區光復南路６８８號四樓之１,25.03001701,121.557229,22506043.116482366,18027935.730136015,19595760.787123065,22886998.493286643,25386596.1407547,27300499.360076245
臺北市內湖區成功路二段３１７巷１３號,25.06974321,121.5913948,52398483.246415675,47427102.70528713,49763111.65981497,52757893.69403454,55639574.804998696,58384312.42240471
臺北市中山區中山北路一段８３巷１３號,25.05006732,121.5240072,6783535.436972622,5441433.863817679,6134958.640735717,6770757.282451056,8074046.888522956,8575040.366875466
臺北市士林區福港街２４７號,25.08414998,121.517657,17690933.817554776,15392905.742064815,16491758.351082427,17769712.236079656,18862259.252435848,20711359.777500868
臺北市士林區忠誠路一段１７３巷２４號五樓,25.1082099811678,121.53188997951,18512418.78887217,14960783.163452484,17208832.839915324,18709377.564081043,20323917.215724673,21711248.794767883
臺北市松山區三民路８０巷６號五樓之１,25.0561799877585,121.564509999735,21811455.851947304,17479393.340865843,19917535.682139676,22432373.601977363,24846507.26075214,26806582.308091737
臺北市萬華區康定路１０５號十七樓之８,25.039469993226,121.502059959575,14790470.643309165,12337145.748028424,13539478.176630989,14805939.36204401,16287426.53665764,17671916.562672645
臺北市內湖區民權東路六段１５０之３號四樓之３,25.068799990727,121.589620002354,23626497.28281163,20685590.54704769,22515347.36900456,23467774.896921232,25192271.087150477,27295971.72708381
臺北市萬華區桂林路２４６巷３２號,25.03713999,121.493135,9105006.056342585,5088935.9840429025,5837557.788157141,7815796.648133058,14296455.610420715,21321481.451747593
臺北市中山區中山北路二段６２巷９之１號,25.05674501,121.522014,16165557.900578795,13923470.11086636,15088967.446080068,15991750.86249391,17213222.46887364,19542308.954738177
臺北市中山區南京東路二段１８６號,25.0518307,121.5353104,54001160.70957774,48973669.24996936,51241900.131322354,53581655.05754284,56901296.9260786,60529808.11027309
臺北市士林區承德路四段２９６號,25.08955798,121.519107,42483799.72591575,32666671.68715918,38794071.48342985,44170027.52089197,49220506.19907143,55531261.94766112
臺北市文山區景興路１８８號二十一樓之８,24.9924900126609,121.543679964516,8311426.563299192,6418680.236855267,7292913.802854855,8223892.240090935,9691249.860671997,10217431.571577426
臺北市松山區南京東路五段２３９號七樓之２,25.05161642,121.5649724,15574896.263157262,13700185.899849314,14537299.608062156,15445839.57498184,16288061.464020604,18306932.555653304
臺北市信義區永吉路２１０號,25.04537802,121.572984,45942425.08002191,37570645.0965968,40700702.85897885,46237591.37213403,52406361.53898991,56331191.56010506
臺北市中山區八德路二段１００號,25.04581631,121.5362087,65113408.95701506,55998281.71414694,61819726.20310749,65953872.43894071,70080072.70515625,77817363.32681355
臺北市中山區北安路８２１巷１弄６號二樓,25.0850499864132,121.556569990495,4526176.51182346,3226921.0113446056,3857681.864305542,4460582.855048572,5196299.751980949,6730031.009694824
臺北市松山區民權東路五段６２號四樓,25.0630199979353,121.5656800296,18085414.184365656,16334881.858150778,16941345.944603644,17911153.723465126,18933453.139376804,20551907.967685174
臺北市中正區中華路二段８１巷４１號三樓,25.0334100029587,121.506240014688,22657426.850518327,19306166.789823547,21286037.628594376,22885394.794842042,24776463.953092165,27228072.92120859
臺北市信義區基隆路一段１４７巷１３號四樓,25.04252101,121.566386,11944473.643450737,9703060.960041326,10770257.024087831,12084883.631339785,13542429.624904083,14970655.83652908
臺北市北投區光明路２４２號十一樓之２,25.1361099840776,121.507999962898,15415376.799171798,12239405.240142696,13678263.624375511,15300587.300114347,17593014.97107809,20238027.641250838
臺北市萬華區桂林路６號,25.03752401,121.505877,33707102.923907414,30549014.488744486,31950068.55109694,33500079.291199505,35809184.74224037,38204215.70941151
臺北市中山區敬業三路１６２巷３６號,25.07788899,121.556993,31658839.994571537,27464631.190569855,29963566.847732462,31805216.475860927,33677874.26425437,36756794.659939066
臺北市北投區溫泉路７１號六樓之３１,25.1356400107665,121.504969988719,4193504.527457694,3273164.0956285032,3874708.9683522303,4274965.844290228,4687428.822462993,5130563.222609827
臺北市中山區伊通街１０６巷１６號,25.05390602,121.533818,15337943.938467512,11562961.81442517,13437169.994880812,15900783.517187731,17845494.766731203,21124177.053996526
臺北市北投區溫泉路銀光巷４弄１７號,25.13641802,121.514171,51989160.35764995,41661838.56716294,47160567.75621654,52752232.10107692,58462782.837340094,63277978.778776094
臺北市北投區光明路２４２號,25.1361148,121.508004,11705623.064390488,8463153.333895631,10037018.979861956,12256531.009976119,13928039.773054495,14938636.76731832
臺北市中正區晉江街９６之２號,25.02317707,121.5242176,20743345.289405096,15681487.775294263,18638827.00104718,20672560.314308323,24201576.12282522,28157092.45332443
臺北市大安區新生南路一段１６５巷５之１６號,25.03430599,121.533409,31857598.244623892,22930257.09421031,28025800.404110644,34301154.16629064,37200472.80103109,39548464.332862414
臺北市松山區八德路四段７２巷１０弄９號,25.0471199886161,121.559710019063,18591103.79124108,16212013.604012229,16946782.727236167,18359347.422065943,19963133.4782907,22194928.689052258
臺北市信義區莊敬路４４１號三樓,25.02716699,121.567132,17807538.303363174,15422825.587962467,16626205.491500577,17736134.33064235,19072782.583113495,20478205.538473368
臺北市中山區長安東路一段２０號八樓之５,25.0491300109071,121.523860032448,11825643.542961381,10564863.308383424,11193664.3080797,11682978.346327107,12498096.998483833,13784964.71362695
臺北市士林區中山北路七段８１巷１６弄７號五樓,25.12201729,121.5301133,31705863.15106814,23941542.28523608,28788281.475071803,33273604.572239082,36701601.34531706,40383683.560786754
臺北市萬華區寶興街８９號,25.02592509,121.494484,12182993.200737968,9928861.679246148,11166210.853232443,12637683.012062334,13846140.88557434,14971240.747585798
臺北市北投區義理街２９號二樓,25.11654963,121.5152165,55276463.05908474,43369031.1796511,48860265.50942744,57506139.75526576,63008891.23546753,66072083.52221425
臺北市大安區樂利路３８號,25.02673901,121.551514,32343620.85182268,25541574.135557957,31203576.24258545,33928876.75752506,36154807.69633922,39014122.903483324
臺北市士林區德行東路３３８巷２號四樓,25.1101076,121.5380942,26735725.07665396,23096049.9250024,25107145.293331616,27360694.898429073,29571489.233203635,32176919.987817004
臺北市大安區建國南路一段３４１巷３號,25.034531,121.538373,29429373.996722616,26587686.433015198,28184420.382021196,29329373.36770801,30985416.142879643,33031636.305043004
臺北市松山區民生東路五段６９巷２１弄２４號,25.05974301,121.557011,34568931.65333245,28062437.734515443,32942450.492347423,36316845.54659246,38593953.65570291,40263276.64027732
臺北市中山區龍江路３７０巷２６號三樓,25.06634099,121.539563,17906252.42123843,9627573.221783686,17688148.814316984,19787345.723414592,21808405.25094799,24011500.82272798
臺北市松山區光復北路２３０巷５號,25.05601,121.555097,29615533.14477517,25619983.025557283,27781196.707305707,29883818.60496789,31984631.18482422,33762173.39610033
臺北市中正區詔安街２６０巷１１號二樓,25.0271599949464,121.508410005601,8030269.009780741,5071325.01250102,6225261.770313425,8386338.621470987,10998276.607424617,12080814.044080567
臺北市中山區長安東路一段５３巷１６號五樓,25.049679989484,121.526579960029,8811545.437953226,7532237.52304782,8047280.765424343,8821401.169682877,9721802.270543465,10408457.70735854
臺北市松山區南京東路五段２５１巷２２弄６號五樓,25.0520700053554,121.564939991368,19990911.546041086,16897521.076534294,18667338.559218656,20306610.01313565,21926509.634595092,23821987.62968941
臺北市士林區延平北路五段２８５巷７３號二樓,25.08444402,121.507529,8978134.55278147,6779317.298552332,7977624.290628856,9211946.92495143,10405935.986011783,11683630.362688169
臺北市南港區重陽路１９號十樓,25.05540675,121.5959429,15763278.437340092,13406673.85783319,14546077.536200821,15612368.64639728,17036446.321720153,18558209.238559518
臺北市內湖區成功路五段４５０巷５號十樓,25.0744200148966,121.607219987366,37347675.62261972,33034396.18004564,35610284.58634445,37632544.636083394,39263016.44492991,41298469.085810155
臺北市中山區新生北路二段２３號七樓,25.05352401,121.527786,20119506.363463953,13016892.878006773,14991446.165334178,19724027.74464034,28727546.145765476,32050263.630399432
臺北市北投區實踐街６巷８號,25.11431699,121.507964,13507659.88756971,11310944.574662149,12471045.528770382,13478401.748283092,14753278.962941166,16165397.492201032
臺北市中山區遼寧街２１１號,25.05521548,121.5424583,18072844.592611544,11937057.973279256,13859566.56799617,19156517.198972635,23475860.379956055,26931743.680705998
臺北市中山區德惠街２５號九樓之１,25.0667299959188,121.526430007781,5211513.7323249,4239251.625326293,4699062.47439315,5254576.596475888,5847661.966869144,6337184.621340139
臺北市文山區汀州路四段２８５號九樓,25.00148295,121.5355503,25131751.86876974,20835848.184017494,24304691.930672385,26388764.19206128,28906498.487671126,31106989.206272967
臺北市松山區南京東路五段５９巷３０弄４號,25.052932,121.55903,21866876.83878187,19251444.074857354,20374374.023903057,22097267.709157888,23483836.928223252,25445603.653655298
臺北市信義區和平東路三段３９１巷８弄５９號,25.021142,121.558417,20276382.72529765,18064438.014598195,19029892.612442363,20257249.661382187,21691773.046400975,23340426.495546453
臺北市信義區永吉路１８０巷６６弄２８號,25.04337998,121.570453,23086614.375794224,19611953.651538197,21458142.643870838,23229728.78587138,25055862.42014756,26591158.255068053
臺北市松山區八德路三段１９９巷２１號六樓之２,25.0492600142254,121.556449961642,9493137.990446582,8156549.533707945,8892238.352293273,9681927.313802887,10334289.520318257,10700548.569044866
臺北市士林區文林路７６５號十樓之９,25.1033100043905,121.518929964639,23610845.199814446,21367426.63000918,22855978.84491527,24151880.02913613,25221050.059176624,26285498.306321837
臺北市南港區八德路四段８９５號,25.050962,121.580744,6679754.21789286,3774659.6768252873,4678616.902596332,6578368.09350478,9800751.82112676,12741621.311278917
臺北市萬華區萬青街１２９號,25.02344199,121.501751,8057263.444019124,6852710.347326891,7540729.678001504,8227447.284956515,8772028.651459865,9374629.619223667
臺北市中山區松江路１５０巷２６之１號,25.05399529,121.530903,18993452.436666533,16426495.458884675,17827101.0786292,19403020.68259058,20751067.98188494,22156726.232443046
臺北市信義區崇德街８８號,25.02153325,121.5610027,15859728.47249945,12334911.488864336,14420290.066421984,16600663.1623148,18705118.579168137,20834207.093721043
臺北市大同區延平北路四段１１號,25.069075,121.510953,13360937.311874472,10482158.376497058,12662171.880439468,14016076.908707682,15362471.467201952,16721826.98827448
臺北市南港區研究院路二段９８巷３號,25.0441069,121.6156691,34620016.46030977,28603203.140430342,32180030.50764877,35566295.8197639,38284590.849158995,40010562.451651506
臺北市內湖區成功路五段４５２號五樓之１,25.0744499802005,121.606840035695,38654026.13813655,29855293.58610069,40284121.23676926,44090668.870147206,47924976.94863856,50141412.437116876
臺北市大安區樂利路５巷１４弄３號,25.0287500000693,121.551879980393,9940393.452894535,6882399.928721676,8011221.971499805,9823682.126541449,12087555.602072481,16317539.598046044
臺北市內湖區成功路二段４２６巷７弄１３號五樓,25.0716699962838,121.589190010721,16492304.707926817,14672050.093539163,15672621.707761317,16637901.075527702,17586888.084146485,18449179.82670459
臺北市北投區磺港路１３２號,25.12934998,121.502686,48353384.48193605,41625308.10060951,45290744.36740401,49028416.747002825,53108008.74780865,56293072.93968071
臺北市士林區文林路６４３巷２１號,25.09976702,121.522069,15044313.9425724,8443839.290098215,10380803.964556303,14708016.190274479,23461245.450469278,26618577.370479822
臺北市中山區民權東路一段１９號,25.06288537,121.5235454,60712288.03189745,49977645.596492164,56545077.7127653,61807562.975730754,66296058.36608536,70426762.3797106
臺北市中山區遼寧街５８號三樓,25.0504300021801,121.542210030156,22047889.332682632,18168186.85534536,20228731.121298376,22220469.90283066,24243936.293255486,27319616.670053147
臺北市南港區重陽路１２５巷３６弄２９號七樓,25.0577300112032,121.596489977835,35067190.486350045,26257894.518984035,35842720.07433775,38120959.99130722,41108624.2994693,44152335.48807937
臺北市內湖區內湖路三段６０巷１２弄７２號二樓,25.08920029,121.5912462,8257183.955437639,6346436.262234563,7535148.136632507,8503780.830108173,9514429.374699762,10343240.76286374
臺北市內湖區港墘路１２７巷１６弄１１號,25.07793601,121.577533,21341098.23294552,18024343.237076595,19695901.314446777,21578110.39138787,23295465.28063117,24932778.96259933
臺北市文山區興隆路一段８６號,25.00317321,121.5410741,16111220.380049108,14390934.628118198,15440580.530137429,16286590.636515561,17237490.099277064,18270448.07021405
臺北市中正區寧波東街２４巷４號三樓之１,25.0328200007942,121.520410041101,28901243.18543283,25760176.912805855,27607321.971276823,28998124.53172624,30428394.816737786,32102862.68926632
臺北市信義區忠孝東路五段７８６號五樓,25.04361799,121.581717,19005022.77959213,14479685.553500338,17571027.55833291,19944522.72653869,22073853.546238333,24214827.705719303
臺北市內湖區環山路一段５９巷５弄６號,25.085671,121.567718,13610322.19038831,11793291.472979696,12655237.273737159,13680842.68435787,14643673.685036277,15795427.063330755
臺北市文山區景福街１４１號,24.99584298,121.536218,17986226.452922422,13728219.089840427,16831963.91339822,19150646.908827174,21241853.751263708,23512285.931369
臺北市內湖區金湖路３２６巷４７號二樓之１,25.07391601,121.603868,23557463.75807284,19453414.00900011,21942040.20849031,23928163.14508582,25957628.05431484,27522428.142717596
臺北市中正區齊東街８２巷２１號三樓,25.04203402,121.527979,11947743.142258648,8827140.14145218,10669778.599721793,12180249.374366034,14166036.35842378,16159011.624206107
臺北市信義區忠孝東路五段３７２巷２７弄１６號二樓,25.0394600187612,121.574380026001,25550858.12818197,22485886.18935439,24244436.528114066,26026958.023078505,27290249.50302773,28611395.965136286
臺北市大安區師大路１０５巷１８號,25.02240201,121.529096,13659022.337,11574123.72415605,12463182.446808847,13662383.385244913,15170155.011940766,16605742.33931919
臺北市士林區忠誠路二段７６巷８號五樓,25.1119199791513,121.530319965226,18597631.025502734,16540895.730308767,17658086.92890417,18872303.252993084,20142046.7888674,21100281.041324448
臺北市中山區新生北路三段２６號六樓之３,25.06370798,121.527389,7508110.21883362,6349054.493375322,6946261.041945757,7644366.930705148,8173634.355330048,8663438.628276452
臺北市北投區中和街５２３號二樓,25.145244,121.493798,10965598.864050847,8973163.028624222,10115209.446745476,10912457.170476394,11988021.094567597,13385234.680312134
臺北市北投區石牌路二段３０３號五樓之１,25.12145201,121.522816,19518096.35474612,15349107.215045383,17354963.998557948,19672153.149688143,22504424.931225147,24821831.717278652
臺北市信義區吳興街６００巷１２８號五樓,25.0181699846956,121.572229984017,48397966.162095845,41861662.39375405,44795694.547881596,48375514.28064488,52081090.28434743,56903627.879064575
臺北市內湖區康寧路三段９９巷３９弄１０號三樓之１,25.0729399803434,121.610249961545,20289451.262542285,18119752.299648486,19232443.372646067,20438632.41561838,21710409.97272563,23234054.302573644
臺北市北投區溫泉路１３９號五樓之１３,25.13995799,121.512059,3379822.6302177147,2949176.659520805,3124083.235642768,3285537.351604909,3522105.189220572,4006128.552026177
臺北市內湖區康樂街１２５巷１０之１號,25.07340421,121.6200366,14601333.422612227,11938882.09700263,13722676.839344013,14998768.722939027,16277013.0108271,17027415.968178496
臺北市大安區新生南路一段９７巷１號九樓,25.04122399,121.533299,82648373.4471357,69800181.32917126,78388977.16612662,84171404.35359812,88317678.51861544,93143827.21842495
臺北市內湖區大湖山莊街２３巷１３號二樓,25.08486479,121.6028618,14448956.4771153,11722716.859522235,13614314.529707858,14638765.789436415,16029423.591937851,17877609.8599239
臺北市信義區松平路７１號,25.0306099862934,121.565810032918,38855053.78652749,30299780.609025262,34029386.86957125,38326652.37585378,45850203.68153298,51502864.60155005
臺北市文山區木柵路三段４８巷３弄１８號四樓,24.9874899978691,121.56480998805,27814097.40672811,21172113.258253925,25181825.79065996,28557913.236645967,32690839.424946677,39106714.85978325
臺北市中山區南京東路三段１９４巷３號五樓之５,25.0517542685367,121.542715071957,28844991.34858384,22402464.436483506,25474182.102916226,29417722.8430037,33524289.086012203,36378824.493021
臺北市內湖區江南街１１１號十一樓之２,25.0764799933305,121.576239970315,27647820.81031582,24096276.770042524,25610222.976755895,27488368.194866564,30130848.43853001,32190981.11348527
臺北市中山區南京東路一段１３２巷２８號四樓之３,25.0502699916485,121.526729996096,5283649.832983121,4222429.022234381,4659372.471991313,5173537.258851902,5909614.771697918,7283640.050719174
臺北市松山區八德路三段１２巷５２弄１４號二樓,25.046267,121.549978,39716664.52780418,33567333.73160425,36310627.23432703,39554934.44869366,44439822.35590031,47654444.427413166
臺北市內湖區新明路５１３號四樓,25.05361898,121.578953,7607277.585182465,4773706.504120021,5550069.847291052,7030470.070826394,9613980.497156855,14898403.308384575
臺北市萬華區康定路１１２號四樓,25.0410700147231,121.502059959575,9805986.072326945,8058420.637938838,9265255.456702756,10141037.940982781,10904651.542234758,11990500.52426404
臺北市中山區雙城街１９巷８號六樓之１８,25.065328,121.524851,14122707.632011797,11671034.687836481,12628779.042783534,13951632.203171553,15694938.1341727,17305047.247985892
臺北市信義區松山路６５６巷３號三樓,25.03162298,121.578017,14028755.342331944,10340234.096308798,12176707.581779901,14994903.894621568,16255112.260677507,17340932.81099255
臺北市松山區八德路四段６１號二樓,25.04849802,121.559756,21998500.080873452,18889232.045089316,20119758.62720211,22004425.139231548,23702354.878772244,26058249.911230583
臺北市松山區八德路四段４４５號,25.04992001,121.570422,9403739.106714427,8185740.5498913005,8847670.762727173,9389996.234603686,10218857.792450724,10833143.562571222
臺北市中山區林森北路１０７巷４６號四樓之１,25.04993601,121.526438,5322087.00321793,4180126.575277259,4903848.418407023,5496533.571775459,6052844.565188449,6679101.134448486
臺北市北投區致遠一路二段３５巷４號,25.11150901,121.513674,19295893.24920013,16607866.933299324,18357987.865457743,19646662.89233027,21024995.256138857,22048542.135357894
臺北市文山區羅斯福路五段４７號六樓,25.0072199921157,121.538949972735,18025684.684115082,14589300.801771307,16307596.3131735,18353143.515311353,20410944.641513787,23127073.398870274
臺北市文山區羅斯福路五段１７號,25.00797,121.538483,15237050.711343534,12961584.885717094,14649860.527143106,15678633.987449216,16583339.941425618,17486753.979600754
臺北市文山區福興路７８巷２０弄１１號四樓,25.0043799937723,121.551500028722,11410477.637346953,7978112.022694881,10383088.478934035,11862572.082138117,13292974.935008278,14824299.681080837
臺北市大安區文昌街２５０巷２弄１０之３號,25.03193399,121.555519,2747335.21552103,2096101.4313611714,2324061.871523721,2557037.0470074853,2964387.022714933,4654058.980725699
臺北市中山區松江路１１８號十六樓之９,25.0527100055724,121.532760021059,30488771.224722393,21884515.94284016,24942948.923580773,32108493.931501143,36765200.98770763,39716582.57783445
臺北市萬華區中華路二段５００號十二樓,25.02608271,121.507615,11488435.413396496,10403792.910905465,10996972.706651554,11596891.6534264,12102305.108840073,12621187.05990763
臺北市信義區吳興街６００巷５１弄１６號三樓,25.0205299933537,121.570459977524,15264488.347074281,13380486.964694351,14844539.333063744,15736706.60279059,16433639.95829732,17160445.196424928
臺北市中正區仁愛路二段７４號六樓之２,25.03799801,121.530093,83156884.14137489,69618811.80791233,79059671.28937323,84936542.7225789,89867780.64668858,95505278.65080154
臺北市士林區天玉街７５巷８號,25.122595,121.530681,6159432.00371111,4452264.32297949,5296062.821970395,5968033.714720055,7031514.326671809,9509677.667603375
臺北市中山區松江路９０巷２１號三樓,25.05060598,121.530408,30364732.894222137,25816914.969844714,29386856.03105713,31718923.73426824,33493166.868700396,35586443.60810538
臺北市士林區福德路３１巷１１號七樓之１１,25.09175899,121.524003,8357968.036836179,4838750.649801528,7954075.151365745,8985219.993384473,9992129.596724011,11299163.325963987
臺北市南港區研究院路三段７號,25.03557002,121.61736,26861114.965692587,23935125.15976738,25428347.67772948,26670773.953874398,28103861.1575018,31191332.783164717
臺北市內湖區康樂街７２巷１７弄１１９號二樓,25.071450013235,121.616939977564,12620862.720586885,9978415.204377968,11821496.12841697,13213537.360128405,14214814.204286654,14928572.595165044
臺北市內湖區新明路４５８號五樓之２,25.05362799,121.578724,18271754.525954727,13540259.649393698,15092104.037709866,19369635.247284487,21377599.98218902,23753480.657783896
臺北市中山區民權東路一段４８號三樓之７,25.0625214,121.5241012,10941135.336992653,9548501.956738217,10051047.780268444,11098731.375487955,11759016.986623023,12317565.557101868
臺北市大安區樂業街７２巷７號,25.0217099976827,121.550520016602,22860275.64895669,18953155.864212316,21097857.172261756,23069013.590494547,24909842.9666986,27359489.666501455
臺北市內湖區內湖路一段９１巷３１號,25.087173,121.562826,17567484.88462917,14645056.498690128,15917933.924271986,17275612.477459595,19460520.595417265,23787120.976306535
臺北市萬華區和平西路三段３８２巷２弄１７號二樓,25.03489402,121.490897,10881174.278503638,9261107.288963752,10421024.831139596,11108963.044618918,11943409.679434711,12682617.14114222
臺北市大安區敦化南路二段８１巷５３號四樓,25.03002698,121.550789,29666416.8119842,24768266.03213013,27867100.11724408,29433445.45488113,32144015.005998213,35451262.862639315
臺北市松山區民生東路五段６９巷２弄２８號,25.05916801,121.559774,32163131.329181585,28923836.26113265,30789081.856820147,32954792.280398566,34592733.09671992,36037581.58298002
臺北市士林區美崙街６２巷７號五樓,25.0974899880111,121.522130007633,20660688.93713932,17019385.494048662,19030598.87576773,21001069.065060858,22668131.705895428,25133112.838676237
臺北市士林區倫等街４８巷４號,25.09292399,121.501612,8483277.312929964,6660673.650682165,7627659.113094244,8755603.467895668,9616443.053513594,10323163.130871978
臺北市大同區南京西路３６０之２號十一樓之１２,25.053716,121.511042,9960083.34395231,7669131.8181867115,9136905.369748967,10441578.110676792,11460066.679858744,12411898.052791972
臺北市大安區信義路三段１３４巷１０２號十樓,25.028959,121.539053,16479554.521127764,11937128.675590627,13728894.421690598,16486288.07217733,20429313.14694226,23137914.218801796
臺北市大安區忠孝東路三段２１７巷４弄６之４號,25.04272402,121.540064,47336495.97848785,43189635.1424574,45305731.03131764,47296764.63087901,49006094.53077963,52236431.617157474
臺北市北投區泉源路２８號五樓之７,25.1395000029074,121.506389966936,5855321.118473864,4953337.586277806,5219652.61778747,5667381.042354014,6558028.464799278,7558947.43368332
臺北市信義區永吉路１８０巷６６弄２９號五樓,25.0435700011643,121.570789973052,25418061.011333704,21142877.763328534,23007631.95201685,25190357.64110318,28264392.64925877,32091355.51902015
臺北市信義區莊敬路２８０號二樓,25.0287999981217,121.562719960493,33738824.911768086,27637028.638189755,31755605.441741385,34780764.966765754,37802494.642009236,41901718.2760753
臺北市士林區環河北路三段２０３號,25.08789698,121.504199,26144330.652878985,21767133.63061856,23597049.002046525,26383560.422500107,29263684.84844251,31407638.018946428
臺北市北投區石牌路一段１６６巷３１弄８之１號四樓,25.1137600164459,121.514359983389,34540626.051558666,27537569.43124756,31737952.486035597,34989541.431034714,37906126.545897946,42086737.87167874
臺北市中山區中山北路二段７７巷１２號九樓,25.05738602,121.524161,23885087.655740544,21516014.752543315,23164310.340601496,24283611.274533305,25370171.761251688,26164899.420130864
臺北市萬華區桂林路６５巷１４號四樓,25.0387600041175,121.502530016705,9642841.624658223,8082497.598016207,9078974.279327584,9905575.498585818,10654170.865398392,11450067.07973894
臺北市文山區萬安街７１號四樓之１,24.9997999961487,121.571579967426,11501546.362105861,9315963.865122562,10535521.435864266,11847890.222007025,12842146.711618379,13785656.344639715
臺北市松山區民生東路五段１９０號十四樓之２,25.0586899905739,121.564200036956,8625747.237935215,7310716.035180116,7960349.271504332,8604748.818617973,9515557.567291653,10233586.12270745
臺北市內湖區民權東路六段１７５號四樓之２,25.0681799813491,121.596689970045,21629579.543547392,19135314.163743455,20535484.402230185,22000040.324397262,23160477.252134807,24083608.619032264
臺北市文山區秀明路二段３號十三樓,24.99212402,121.574183,50562547.18577853,38481518.097337276,46848345.360563055,52112079.20091985,59592115.53205257,65110913.998857394
臺北市內湖區金龍路２２２巷４號,25.08778701,121.58629,17706820.788148314,14589821.061844103,16020048.124782607,17834767.77051343,19790157.739154685,21802636.78163194
臺北市中山區天祥路１６號六樓,25.06093722,121.5209433,25206779.379232667,20480920.22897829,23099528.50817122,25412389.124922656,28044878.343713325,29884306.31149472
臺北市內湖區康寧路三段７１號,25.07219051,121.6086976,17272494.97883283,13148738.42047196,14590900.520184966,16678883.9124101,20811053.88726927,23769353.836988397
臺北市大安區信義路四段７４巷６弄４之１號,25.032260005843,121.546810018619,16485266.805543626,12738547.078729073,14889097.511717219,16777505.608567342,18604121.0840347,21123106.61853015
臺北市內湖區內湖路二段３３６巷２號三樓,25.080961,121.588599,60068151.19267127,48056695.51254353,55464946.46586275,61415909.30454075,65618967.585268795,71185009.52280165
臺北市中正區南昌路二段１９４之２號八樓,25.0242899893896,121.524030017445,19034741.595541347,13958134.00290908,17504229.585663054,20043504.24114386,22080173.281018473,23866381.909407716
臺北市松山區南京東路五段２００號十樓之６,25.05115001,121.564349,21061067.04237263,18815705.644732688,19776479.736586306,20982629.931929287,22265669.561620545,24894463.943473354
臺北市內湖區內湖路一段９１巷３５弄７７號,25.08763002,121.561395,24691522.359718166,20167064.06190588,23742969.612960756,25993104.60194512,27825525.785826888,29445198.52353808
臺北市內湖區成功路二段３２８號,25.06818841,121.5905499,21774298.482814126,17877717.324786093,19522884.603819028,21757315.058776002,24647774.25296933,26754725.603236992
臺北市中正區仁愛路二段９巷１７號,25.03876,121.525896,31105151.96661115,25234305.75868466,28230819.080968328,31646555.865596384,35256868.69875672,37672021.46163351
臺北市松山區民生東路四段８０巷３弄１５號二樓,25.0573799829266,121.553849979096,27188829.270439513,23193155.590081416,25721532.40000183,27888837.623546977,29495078.388942413,31468471.496007353
臺北市北投區中央北路二段４２巷１１弄１６號二樓,25.13780602,121.494943,14725072.451783035,12325025.008876286,14106843.92458868,14980596.268262569,16338468.277496586,17626526.087896556
臺北市中山區南京東路一段１７號八樓,25.0523699936701,121.52374997806,9364288.346578198,8081279.2714530835,8701369.222956084,9397637.31897188,10982417.11073152,12704543.179652594
臺北市松山區復興北路１號十三樓之７,25.0528200180516,121.544459984426,32396323.807384375,28761258.72288333,31886614.148516625,34038487.88326127,36363798.848003596,38860101.217572436
臺北市內湖區康寧路一段２９２號,25.07824711,121.5978724,9563990.08952817,7829571.131558608,8934209.035402356,9984463.78616,10905186.302895527,11750143.732978286
臺北市內湖區安康路３５０號,25.06591301,121.612136,13636983.221090224,10993470.879604507,12154755.076553142,13279524.174390104,15000938.822639398,18134932.284626395
臺北市大安區光復南路２４０巷５２號四樓,25.04088901,121.555142,38981881.24118699,34632061.95728904,37779040.31655952,39632802.69848132,41226530.72329168,43109166.51078464
臺北市大安區安和路一段１２７巷２９弄１７號六樓,25.0356799899767,121.553510009103,39033087.74220766,36046213.90423896,37655279.64932066,39260805.68112318,40789500.6928477,42177772.419875875
臺北市萬華區昆明街１４１號六樓之１２,25.0409400114049,121.504509989873,3100901.686281803,2366143.739504454,2555791.984708871,2856511.790651806,3620605.130771446,4739432.209151575
臺北市內湖區民權東路六段１８０巷６６號,25.06664002,121.59253,20987865.62124693,17782020.348906647,19735395.858270258,21581658.155807853,22910556.70399495,24224762.726708334
臺北市北投區行義路１８６巷４７號四樓,25.1332600112694,121.530160038513,9278924.17049922,7200318.616240807,8597843.737076739,9619159.660787122,10464618.911631692,11441634.375239167
臺北市大安區忠孝東路四段２１６巷３３弄７號二樓,25.0395100168137,121.553500034638,38676676.25350846,35527079.15721306,37328449.63716301,39075451.27582242,40520574.549509995,41637611.7713396
臺北市北投區致遠一路一段９０巷２號,25.109422,121.515529,15344940.509306885,12607946.72397252,14023308.706319025,15657620.210862014,16996417.014964607,17754833.930089913
臺北市內湖區文德路１７１巷５號四樓,25.07922599,121.585412,15734228.347253041,11169247.154641453,12879069.520403642,16759246.667277135,18608793.694866166,21003274.35448183
臺北市文山區萬美街二段２巷７號四樓之２,25.0027099833836,121.562770000455,7880886.101817446,6273260.866737427,7332008.333416792,8134766.543897215,8870841.488514978,9361493.839341352
臺北市內湖區麗山街４６巷９號四樓,25.08093099,121.579976,14918513.964269988,12016825.485026121,13860078.951006249,15386561.044441583,16564851.682915267,17418494.975967173
臺北市萬華區和平西路三段３９２號二樓,25.03533901,121.491155,11820628.437186997,10477146.691639533,11118197.358824441,11946202.99234328,12762822.577798117,13978417.12396199
臺北市內湖區成功路二段３１２巷４５號五樓,25.06729699,121.588453,17257437.26060719,15385722.885358015,16433983.685070116,17286661.807528786,18368212.748115323,19434748.615949083
臺北市大安區敦化南路二段１２８號,25.02610798,121.548315,50727133.91338884,39556805.591290824,48251170.474827476,52387842.42270261,56008945.35283729,61605067.85121481
臺北市士林區葫蘆街３０巷３９號,25.081881,121.509921,10727886.818331111,7707307.127598793,9427619.550822446,11026264.91035565,12591745.1227052,14672518.24207729
臺北市士林區承德路四段７０號四樓,25.08191499,121.522773,4807415.97356974,3678279.0522644045,4153581.2258438584,4798441.498022996,5457835.960587582,6302418.526547385
臺北市南港區福德街３４３號二樓,25.0394800096003,121.588639990235,15720802.012167599,14005641.771330297,15018156.398493793,15718752.517304774,16623609.745857209,17803009.7535064
臺北市大安區安和路二段７８號三樓之２,25.02969799,121.551146,57229694.11858128,47564063.76936605,52405229.849964894,57668908.6790211,64198738.99071334,70117187.48863748
臺北市信義區吳興街３６４巷６號,25.02528098,121.566258,6675408.39456211,4827445.538992779,5992703.7092522215,6613168.247312369,7988714.322790277,8788930.3865753
臺北市北投區東華街二段１７４巷３６弄６號,25.120704,121.509961,18007223.435335737,13062256.473947128,16367158.391835112,18614947.70157362,21125742.603665255,23939966.799876332
臺北市中山區中山北路一段１４０巷１０號三樓,25.0514300051385,121.521340013259,21850407.29046842,18928574.861021582,20455364.135826606,21968328.983190745,23434639.803352747,25356053.99881721
臺北市內湖區內湖路三段６０巷３７號六樓,25.0887795964584,121.593124961165,54731903.3294726,48961996.89228951,51989116.55068204,56422928.35961273,61750244.9195594,65837118.9495155
臺北市內湖區內湖路二段３７４號四樓,25.0825499999721,121.591130002211,10550489.430413887,7647122.255461049,8978738.738568485,10771818.757990532,12334743.979719914,14140590.448703961
臺北市萬華區和平西路三段１０９巷１１號,25.0359099893998,121.500500003575,8155288.529807072,5854489.446382258,6886560.083435527,8247327.916144722,9669932.141313367,10881299.301952885
臺北市北投區致遠二路１１３巷１０號,25.11700398,121.511823,14606262.5297531,9395468.81728176,13184672.352846198,16229253.347630734,17763701.529708643,18930916.922445763
臺北市松山區復興南路一段１號,25.04734299,121.544173,21146976.441383995,16753977.861411741,20564773.557447005,21997476.345518515,23562640.96569085,25295304.598228097
臺北市內湖區新明路４９１號,25.05422202,121.579708,15814291.355678197,6820491.188846284,12546636.075305585,17667016.174155716,23507666.42359176,28400656.519951172
臺北市大同區赤峰街５３巷１９號三樓,25.05620601,121.520107,4787693.648385418,3768494.0333100557,4237197.114557585,4748360.391957886,5343805.318674143,6176150.036335579
臺北市內湖區文德路９９號五樓,25.0786900078313,121.583359977968,20521294.496959627,17938553.915552452,19246909.386405222,21124975.629026365,23419372.484479368,25387976.05319235
臺北市大安區建國南路二段９７號十一樓,25.03026499,121.53828,32012680.369509466,25863469.52434583,29300486.444515035,33164484.392554738,35806400.845999286,38124300.1321654
臺北市內湖區新明路４２８巷１號,25.05455302,121.57951,21524865.59033198,19041590.571224067,20177841.35854537,21586606.31687105,23288894.939209066,24761904.051826663
臺北市信義區松山路５４１巷１４弄４號,25.037565,121.578553,9963816.218444182,7666395.456254372,8756389.556288388,9982735.922924213,11235617.759516973,13380488.874120915
臺北市文山區政大二街２０６巷１１８號,24.9888399871946,121.58486000336,33898364.98698847,27264537.190765895,30993860.562418304,34425083.10296535,41268217.838470854,49250011.47933699
臺北市內湖區陽光街１６１巷１２之３７號,25.07457001,121.585052,11670157.626985744,9621746.369599717,10858824.486615675,11886557.954711553,12758155.455391891,14032725.22995701
臺北市大同區昌吉街１１０巷１２號三樓,25.06544501,121.514672,14770132.990532054,11826190.751933051,13230530.030605389,15377455.665370865,16875359.412564967,17683258.716444205
臺北市北投區明德路２６７巷１０號七樓,25.1146000088726,121.521770004892,19641561.464748964,16649807.35321832,18216808.274926376,20097401.70783642,22201214.125129003,23432700.011719488
臺北市大安區建國南路一段１６０號九樓之１,25.04114298,121.536923,45499736.70485504,40487858.01354374,43789103.64994911,46278486.40072423,48149088.477481455,49634636.02046695
臺北市大安區富陽街１６８號二樓,25.0175200100138,121.556929993237,16000721.378660038,14211015.937735807,15267710.206647113,16055843.036991062,16927632.505555145,17927200.87372397
臺北市松山區南京東路五段２３９號九樓之９,25.0515799992958,121.564819962515,15316354.023027778,13765322.566768844,14486274.813162845,15360954.855563262,16005938.22268639,17018392.8791051
臺北市士林區承德路四段２９７巷８號,25.09020301,121.51897,4626411.319056237,3627748.6004904015,4140061.8292987025,4644967.46727648,5137678.700568674,5851006.903198523
臺北市北投區榮華二路９之３號,25.11325002,121.524038,31419063.913240172,27201624.93388688,29387789.439564586,31436781.057052884,33808361.580003455,36428790.570406504
臺北市中正區中華路二段７５巷１８號三樓,25.03351302,121.506737,44375549.51875785,33646915.46949893,40562430.94718855,46541657.624181956,54953769.29459362,64010752.30258377
臺北市信義區虎林街７６巷７號,25.0436000083776,121.576750009124,19457065.17634428,16995579.63666062,18239171.59355563,19671332.144915752,20953965.105895784,22445577.185968477
臺北市大安區建國南路一段３０８號五樓之３,25.0355673,121.5374273,25517298.980859544,20318288.167607564,22882557.809097286,26649571.274213176,29225298.16310625,30480845.6417318
臺北市北投區自強街１８０巷１０之２號,25.110773,121.517232,16845110.678539015,14940793.928604366,16226900.312943317,17160635.247148804,18055855.064199116,19302956.899205554
臺北市中山區新生北路二段６８巷１５號二樓之３,25.05650902,121.526131,11657514.559175579,9695820.380287737,10608603.768751763,11476902.293949716,12614515.551577102,14863231.054102553
臺北市松山區民生東路五段１５３號十二樓之１５,25.0592200202212,121.562340008822,11407716.054938214,9835679.339315886,10708914.526981983,11625558.15283943,12454704.557933792,13331264.505686551
臺北市中山區長安東路一段３０巷３弄２５號,25.04758699,121.527683,9285909.660575243,7642813.589594478,8490264.060155889,9688714.56194948,10538919.231780944,10955853.079149976
臺北市北投區光明路２２６號,25.13600102,121.505464,13219902.018097125,10622477.343276825,12274576.66730713,13584462.384150922,14833915.699284064,16032736.927085087
臺北市文山區木新路二段１０６號,24.98493301,121.570105,17012292.81916516,9115827.911811555,15337192.40263426,19313593.91708285,21209886.068745963,23247921.386491917
臺北市信義區松仁路２３４巷２號,25.02518702,121.568959,21950571.121361867,17902311.247309286,18965113.922281004,21861564.174636066,24695511.12220952,28672934.57019628
臺北市文山區興隆路三段３０４巷３２之１８號三樓之１,24.995979985686,121.555259982848,15031859.067274235,12043491.660027705,13573962.542461827,15061531.666832121,17013341.11814219,18906422.994336173
臺北市萬華區西園路二段３２０巷３６弄３５號五樓,25.02696901,121.490797,4789333.62125191,3499063.355949157,4019721.0407097274,5042030.96638494,5549821.356103198,6235698.218095593
臺北市信義區吳興街３６３之４號,25.0257471,121.566575,15553210.044914879,13126475.918496434,13917466.18084513,15232919.555169169,16750772.321799306,19758084.707325593
臺北市內湖區成功路三段８８號二樓,25.07861201,121.589377,17946767.09033843,15474092.052767547,16888505.970923785,18010231.25022047,19619344.108480766,20977944.725384723
臺北市大安區青田街１巷８號,25.02895599,121.532284,55197857.90496725,40256160.39694194,49394680.66176547,57552768.58321525,67785192.73028591,75475852.2616057
臺北市士林區通河西街二段１１８號,25.09287801,121.507105,13581084.46858979,10119117.629120758,12074451.484592354,14146657.085911276,16226140.969058322,18291441.563907687
臺北市士林區基河路３０２號十一樓,25.09247831,121.520553,47413052.4442107,35526492.895017035,40811388.463114515,48316094.01402278,56330291.82050279,61422197.9883851
臺北市信義區忠孝東路五段５２４巷４號四樓之１,25.04087899,121.579468,21960634.4825418,18458423.611778047,19877784.970298227,22084355.78258744,24255053.563918885,26034416.30161846
臺北市內湖區行善路２５巷１４號九樓,25.05538299,121.576033,23684248.08239144,21471585.573391326,22789801.83375917,23757809.55419197,25151877.470475614,27285759.432045273
臺北市內湖區成功路四段２２２號四樓,25.08464099,121.596216,15196281.534600893,13616545.004653934,14641193.908608016,15715797.04066414,16668143.198870182,17620756.41033818
臺北市信義區松仁路１７８號,25.02795401,121.568218,18162909.34333361,16038841.896810485,17065226.93351396,18131061.48115578,19345418.60299256,20991575.696198944
臺北市士林區天母北路５６號十九樓之２,25.1212999993569,121.526560011099,65053784.689710096,60664505.633399814,62893015.277383894,65060543.05419278,67702053.89353065,70610818.51717894
臺北市中山區民生東路二段９３巷１５號十一樓,25.05862302,121.531057,62360607.047044754,52434759.56231239,58518595.24488677,63373776.90019047,67112570.99919084,71955527.67284611
臺北市信義區基隆路一段３８０巷４２號,25.03445711,121.5579832,21990423.224438183,18822808.223156445,20856395.723416176,22291848.285012536,23855837.34119859,25902742.490700915
臺北市大安區光復南路６７６巷１０弄５號三樓,25.03086199,121.556604,17679400.155550286,15470969.235938052,16383914.163583687,17604310.877387375,18946986.95818653,21306669.00430739
臺北市內湖區內湖路一段２８５巷６３弄１２號,25.08427101,121.567425,16873112.21039448,15480639.08127636,16283627.723628586,16953312.462559164,17901262.889226377,19000451.578336127
臺北市松山區南京東路五段２５０巷２弄１９之１號二樓,25.0507799885472,121.567139989495,20193134.52227531,17890183.738376226,19319778.86801966,20371090.084033757,21433729.90457593,22417449.347179532
臺北市中山區民權東路二段１５２巷５弄１號,25.06146,121.534672,22548870.02072402,20219180.805937603,21204388.168351043,22432999.500922732,23754659.057988502,25339580.770883977
臺北市南港區成福路２０６巷５弄１２號,25.04039401,121.587825,13691014.649337742,11090574.189899728,13010640.27505484,14265334.913785912,15380646.54420359,16408618.828284737
臺北市士林區文林路４９７之１號,25.09650799,121.5241386,24748512.036475893,19875673.072848998,22716005.266342986,25755454.149949335,28596101.14072604,30606860.97107043
臺北市文山區萬芳路６０之１８號三樓,24.998643,121.568348,18170085.754302286,14625390.463122657,16670198.071241813,18656098.347890187,21018776.399981387,22561518.470978066
臺北市中山區南京東路二段１０８號六樓之２５,25.051839,121.532169,20178597.20986155,16049196.081468744,18280682.151509136,20626844.201023504,22890598.78045362,24420949.974224094
臺北市文山區萬隆街５６號七樓,25.0007399846803,121.537299995095,20822459.939068515,17097734.715958714,18913373.390638825,21158936.73004186,23700077.113776676,25738476.724287197
臺北市中山區復興南路一段３４號,25.04629102,121.543684,19977557.971675437,16873670.75920235,18299079.52701869,19922054.12848867,21848556.451516032,24647976.60864049
臺北市大安區瑞安街２０８巷６１弄１３號三樓,25.03083399,121.541278,48352059.5564792,42904861.4732885,45878739.091563754,48101411.77267822,50732271.24758365,57103270.8566526
臺北市士林區文林路５９４巷１８號,25.09863198,121.524326,18550498.024288666,16414586.807282593,17403600.308887854,18752488.522176374,20038607.780652065,21538057.87167668
臺北市北投區中和街５０２巷３弄２０號,25.1459899848076,121.493779980342,10748371.365828997,7792995.429198537,9654003.920095045,11304312.992527716,13902266.822556933,16092131.90786968
臺北市南港區成福路１４９巷３號,25.041707,121.587958,15531668.699291652,13545535.486692104,15023991.674026377,15770277.78696343,16537851.098876325,17437264.728620738
臺北市萬華區東園街３０號二樓之２,25.0271200132683,121.495819967937,17166199.292714182,13235914.209886879,15423633.215060737,17734183.25436184,19623285.921987683,21179721.30203379
臺北市大同區民權西路２６８號十一樓之６,25.0627400004597,121.512010033015,21686260.14760583,18950307.822767917,20142387.359644763,21565662.86536126,23129795.90144681,25423994.410910804
臺北市北投區稻香路１７８號,25.1438600174821,121.488689985819,51108840.03012885,40993857.378846794,42832831.15583131,47048108.194125965,55352640.66990512,77949958.16891654
臺北市內湖區文德路５０號,25.07830851,121.580939,22698379.45655157,19038418.041484933,20807648.20967999,22866450.60472018,25456401.41432812,27666369.233263977
臺北市大安區泰順街６０巷１２號五樓,25.022344,121.530336,36572479.1530794,27109973.356591932,35387018.77510546,38631576.34663178,40891146.51298994,43627241.10927292
臺北市內湖區康樂街７２巷１７弄２７號六樓之２,25.0706300116473,121.617520005264,14281374.907983635,11554689.69452172,13350326.644410478,14425939.148498025,15997318.57026624,18233828.887361236
臺北市士林區忠誠路一段５２號五樓,25.1046200120377,121.526859999414,58381760.475981385,47785725.66528322,54338211.52199097,61379192.30748505,64895819.25003205,68332672.25115062
臺北市大安區羅斯福路二段８５號十四樓之２,25.0257699820333,121.523600025812,28455730.47493934,24656541.16236274,26964800.387109995,28978945.38054126,30486701.958557945,32196383.70264349
臺北市文山區和平東路四段６６巷３５號,25.0057299830978,121.564979973047,34989494.61816854,28830396.176205035,31945938.605959706,35337109.086485885,38950637.73201451,43381467.08125357
臺北市中山區建國北路二段６０號十七樓,25.0541899982161,121.536449986294,83400913.04518367,64649804.30930777,72120554.35593732,84665094.29780322,96099441.3835052,105804542.20722383
臺北市北投區天母西路１１７巷５２弄３１號四樓,25.12105998,121.5253,36356259.723208055,29722275.946485974,32137130.68125771,35542489.6238205,39871343.67425888,46086767.67759933
臺北市大安區大安路一段１６巷１３號四樓之７,25.0441900105421,121.545690028717,29205589.462830137,25716117.75262261,27364305.957600694,29292179.152664777,31915420.667937383,34666515.431325145
臺北市北投區吉利街３２０巷４弄２號,25.117569,121.511496,9484765.336513171,6319333.422078007,8757969.988586858,10124915.206079792,11361847.725589212,12529793.392627593
臺北市中山區松江路１７０巷６號,25.05584899,121.532541,20104231.78425881,17792082.402543455,18838163.114125445,20014560.346141584,21444239.48981479,23455311.57352783
臺北市大安區大安路二段１２２巷２１號三樓,25.03042261,121.5453287,35073571.534631245,25987297.150830965,30708662.518066112,37981709.71080079,44215297.2450582,49133042.11999777
臺北市北投區中央北路四段５８３巷１０弄７號,25.12451702,121.4657998,12022014.73101443,9641445.346665878,10855042.614204656,12028173.23599885,13567816.178373829,14703298.341830501
臺北市文山區景明街１３號,25.00143501,121.541539,13071113.709917491,11140388.87870203,12140449.628780559,13064138.633516502,14270129.478378229,15543124.934851484
臺北市中山區龍江路２１巷２５號二樓,25.0478099868856,121.541690016883,18249109.619880542,15141494.831240073,17151968.110695496,18671180.90196206,20564234.54225786,22034447.274291895
臺北市中正區南海路１０３號五樓之１,25.0280100037474,121.5075599968,10858277.91174789,8326040.183112315,10694093.528650822,11410588.036398776,12091904.01487844,12690847.076771466
臺北市中山區長安東路一段５３巷１之５號,25.04897302,121.526645,14872798.22739894,12281158.803325532,13784472.152497802,15117193.639161786,16597705.346713962,18301853.89936093
臺北市信義區虎林街７０巷３１號,25.04423599,121.575982,15620454.217318444,13273558.835815515,14756546.917962646,15984501.252135877,17217048.965925235,18562058.283085886
臺北市中山區中山北路一段１２１巷９號,25.05117302,121.523504,6634712.581240599,3011082.794002606,3988020.143655885,5716154.699271765,12446911.550667465,16750492.812180186
臺北市中山區通北街６５巷２弄６號六樓,25.08295401,121.539564,27809950.957665052,22522124.467000917,26227366.367786504,27834187.97339979,29963294.222633783,34532551.52365899
臺北市南港區南港路三段２２５號,25.0513751,121.5803136,20234891.662010495,17303600.9698181,18971883.552186888,20652726.167562198,22436743.724835917,24202477.506071284
臺北市中山區民生東路一段７０巷７號,25.05759012,121.5265033,8775951.068402497,7717826.847354444,8384023.755532198,8823786.725102486,9350089.33108442,10031919.7343174
臺北市士林區通河街３２３巷５５之５號,25.0814000028565,121.518980004601,5145674.64599248,4258182.069595631,4939225.068720176,5304224.222919736,5616564.599388493,5908928.022797653
臺北市松山區南京東路五段７１號,25.05181599,121.55956,23828255.54772419,15771548.377284136,22066419.970647734,25875425.4718828,28785956.75166055,30987077.148721598
臺北市大安區敦化南路二段６３巷５３弄１２號七樓,25.03154599,121.551452,33209264.799663994,28058267.98794641,32167937.730796717,35385188.57793247,38683997.06994252,41295969.80003957
臺北市萬華區廣州街２３９巷１弄２號,25.03689599,121.498471,9905229.946007721,8335581.165966041,9470921.011498462,10155626.587249562,10884830.35428411,11583808.458154716
臺北市北投區中和街４１２號三樓,25.1438000030554,121.498049973276,11834573.63240512,9294233.530592278,11026420.534514837,12127393.781198373,13487885.80645024,14522716.553401174
臺北市大安區新生南路三段１１巷５之２號三樓,25.0254199956662,121.535539963066,35013214.56097809,31015744.94303476,33958533.220030956,35951244.40494649,37915435.40057331,39786156.1971602
臺北市文山區景興路１７７巷１弄２０號,24.9930300167729,121.545130033766,14271399.077769736,12307245.727562064,13145901.416950123,14409880.380158,15524565.126284257,17250117.688189544
臺北市信義區吳興街３６８巷１之３號三樓,25.0252300198307,121.566689965113,7892187.7889982555,6365537.662877725,7466425.418446274,8183426.33829274,8615588.55367476,9562072.842909792
臺北市北投區中央北路三段４０巷１９弄１１號三樓之３,25.13834799,121.484478,13903513.27628632,11277425.417523302,13200258.174010579,14329061.026814455,15046866.096936226,15798443.823116073
臺北市文山區久康街１１０巷２弄１１號三樓,24.9901900184295,121.567980023831,21557459.244548354,18935859.348389544,20811305.459469993,22076423.837855168,23362802.470260844,25338646.721311197
臺北市萬華區萬大路４８６巷４６弄２４號,25.02085198,121.496091,9897181.305513533,8538333.620461375,9439142.451573443,10137623.9706553,10836787.894448332,11848949.447588157
臺北市松山區民生東路五段１６２號,25.05846401,121.56276,32363627.61431507,29717250.621916942,31090176.530325282,32577121.381215278,34167263.49214669,35491459.936852366
臺北市中山區中山北路二段６２巷３５號,25.05675398,121.520934,16066011.132743297,14042098.699603112,14874074.609025566,15822662.637972755,16939044.74373454,19477602.547217228
臺北市北投區永興路一段５４號四樓,25.13949699,121.500738,2682846.085627809,2018779.3594527266,2375121.967887293,2697108.7859309334,3011316.2558366153,3441817.589258734
臺北市萬華區萬大路３２９巷３弄１７號四樓,25.0241347610285,121.500846779435,9878494.141509756,8782102.125248894,9479134.88210612,10163346.063248636,10859896.404607374,11628824.227344453
臺北市大同區民權西路１６０巷２６弄１號十六樓之２,25.0616125506636,121.515490031576,41474223.6700765,34883595.55766608,37983575.010515325,41540664.24897273,44338635.61431244,48866290.99710253
臺北市內湖區康寧路三段９９巷３９弄７８號,25.07449,121.610805,9494427.95203265,6525061.76469055,8931512.339325385,10232544.653246101,11146816.979338922,12020758.067616597
臺北市信義區忠孝東路五段３７２巷２７弄７１號六樓,25.040075,121.57625,29164933.178823043,24964951.265974432,27098884.214174084,29193273.782487884,31832566.480744384,34288518.946162716
臺北市士林區福榮街３５號,25.09659799,121.526978,15785638.650327079,10291141.540805215,12538684.63363703,17127360.81600169,20731318.836010017,23559207.496470824
臺北市北投區中和街５０２巷１１弄６號,25.14723901,121.494086,9967154.9703331,7800738.28591964,8660450.515104212,9982664.093946295,11269584.52517331,12939655.28377952
臺北市文山區政大一街２７８號四樓,24.9855000083267,121.584550040581,29052399.42137571,19450952.08267211,26747450.05778129,31080527.05107483,34948919.45495626,41765439.13692684
臺北市文山區指南路二段４５巷１４弄５號三樓之８,24.98906001,121.57483,7549810.711259588,6496751.850843812,7208498.301410537,7774864.369115564,8360652.442993252,9178599.446394745
臺北市北投區榮華二路１９巷７號,25.11306599,121.52346,19970605.472293872,17577685.108283065,18874185.94819043,20284820.021129485,21753232.06073397,23466228.72302852
臺北市大安區新生南路三段３６之１號三樓之３,25.0219200062668,121.533959974318,42164214.15239611,33131926.29379837,38775414.888108335,45106607.05092513,47781105.77425012,50010772.81914067
臺北市中正區重慶南路三段６３號九樓之１,25.02658202,121.516312,25198331.75142927,20626550.346821006,23518930.047302246,25253195.404956564,28017959.722016275,31775965.164420135
臺北市中山區北安路４７６巷１４號二樓,25.0792199955691,121.544979997699,12361474.456183301,10213745.486771692,11611612.477970365,12633394.926954098,13507673.796228345,15248612.55200044
臺北市北投區中山北路七段２１９巷３弄２８０號七樓之３,25.13296359,121.5306603,21417129.902270287,15762394.577739624,19495084.11393136,22496621.178639084,24863076.182528112,26887847.983335573
臺北市大安區大安路二段１５巷２號,25.0323403,121.5460948,35713425.455713354,29742468.9416311,31804447.98356724,35924174.892869584,39880796.78366603,42747904.68276641
臺北市萬華區西園路二段３７２巷２３弄８號二樓,25.02667799,121.490584,7859827.095352845,6569521.66353474,7477174.372479044,8170949.629403539,8630273.858435107,9040162.586410062
臺北市中山區新生北路三段８２巷２９號,25.06714549,121.5264809,5899834.884920262,4710463.537530229,5478490.034087509,6095049.516396765,6553332.588842533,7176974.210506071
臺北市士林區社中街８４號三樓,25.08914999,121.510666,10677169.075396996,8025437.4869013,9849564.014072483,11113291.588796642,12250746.577736385,13241718.495597469
臺北市文山區秀明路一段１９巷５弄１號四樓,24.98992402,121.563698,16064716.734482665,13090708.932132466,14918753.99864735,16471282.530140154,18070041.58775099,19351499.754851285
臺北市大安區羅斯福路三段４９號八樓,25.02328898,121.525557,58163493.21049115,46873970.64974761,53954279.02868322,61569928.90935482,65300886.93495276,67434325.46272413
臺北市士林區克強路１５巷５號十一樓,25.1085499930701,121.524260016868,52441855.65255598,45581454.933639,48631694.098447315,52789528.213292435,58919880.39725068,63245297.5531318
臺北市北投區行義路１５４巷１９弄１號五樓,25.13065198,121.529658,14587803.229109876,7593856.823995971,13437826.527898353,16145845.799190078,19693340.53432263,22515794.658517465
臺北市松山區敦化北路６號,25.05039002,121.548573,229846596.60843962,165129708.0790826,190495697.4947558,249523052.9443807,275420651.4565324,304395463.79957175
臺北市中山區中山北路二段６２巷３５號四樓之２,25.0567499990839,121.520929970555,16376554.643984912,14164684.470152821,15159306.698410787,15984961.919649446,17296085.3909629,19918687.618781313
臺北市松山區南京東路三段３３５巷５號六樓之４,25.05222599,121.547485,9793514.538473265,8569944.928224253,9433662.443225857,10161307.680316562,10528228.248428348,10895218.766025178
臺北市萬華區興寧街６３號四樓,25.0322900130564,121.499960041372,10950210.790748404,7363753.1189932665,9029081.555116301,11172897.838244073,13195409.010565456,16305518.749497263
臺北市松山區敦化北路２３８巷１３號四樓,25.0604599970674,121.548569966829,24028449.266592704,19658632.22410814,21791258.575358555,24601301.646306567,26992481.233968683,28674486.05858986
臺北市內湖區康寧路一段１７３巷１１號,25.07915701,121.595748,27455544.05232873,21466854.3315404,26499834.40251705,29374767.239575725,31329102.777296044,34552706.102031335
臺北市松山區敦化北路１２０巷１１號,25.053794,121.547278,24493157.95662509,16391330.475680001,25642408.347437836,27572151.209428605,28883427.746880464,30252641.012258396
臺北市北投區復興二路６０巷７號,25.14458698,121.50396,13352271.665266449,9860565.275221564,12462089.408717394,14514310.407736149,15510960.899703363,17005800.16529029
臺北市北投區中和街４９３巷９弄１５號二樓,25.143821,121.495197,3072932.95379436,2353262.832816601,2563633.3090013345,2901606.0732400934,3405731.644225087,4390501.558310506
臺北市大安區仁愛路四段５０之７３號,25.03760062,121.5473785,22670327.904868215,18181979.468042646,20627560.802544314,23732108.059724107,25414384.4945322,26767943.087680947
臺北市中正區中華路一段２５號十樓,25.0468841909596,121.509871480448,8150899.70232697,6465197.631085321,7289053.30811055,8118016.110075384,8895448.279731596,10059673.930484949
臺北市中山區吉林路８號四樓之１,25.0573409074912,121.530263268496,126052131.49978761,101011810.01257497,111523236.14867742,122915875.56953795,135906219.61050603,173345671.14223206
臺北市中山區長春路２８號十四樓之６,25.0547300023282,121.541520031887,12913195.569710124,10998002.978332028,11747560.135663794,12706481.748848097,14349177.889719147,15775531.374215303
臺北市中山區新生北路二段４１巷７之１號,25.05538002,121.52819,11084102.431283161,7511976.672802657,8957269.991009418,11238001.960841551,13750963.14622677,16359381.205834093
臺北市內湖區成功路四段１６８號九樓之２,25.083219,121.593023,9916231.33200448,8571052.604575548,9289420.479599899,10135394.927819218,10655478.238829607,11260808.193933839
臺北市大同區民族西路１８２巷５號二樓,25.0681500160453,121.514930036624,16886337.539438065,13376233.253021026,15190319.059946699,17293895.895870496,19019897.694237016,20418754.781894643
臺北市士林區華齡街１８５巷１２號九樓,25.087943,121.519222,24780286.61472965,20096329.970049273,23218450.457051527,25787200.468479563,27958894.231713764,29778539.484664924
臺北市大同區延平北路二段２４７巷３之８號,25.06233901,121.511992,9601107.986207878,7261738.949034773,8664238.982254708,9842242.42490611,10990591.238618392,11939070.621871851
臺北市文山區保儀路９號九樓,24.98867398,121.568653,32122852.763285495,27827970.559440218,30731758.25502657,32478111.994911846,34382361.55012218,36633940.46665372
臺北市萬華區西寧南路１２５號九樓之２,25.0445800204969,121.506560035751,22416618.64382466,20304575.064353608,21517468.971993405,22563862.714990504,23500653.07057049,25230029.87103012
臺北市信義區松山路４６５巷２７弄１３號三樓,25.0403599837052,121.579050003355,16135668.787886119,13989991.686536489,15229627.919440616,16171245.595915098,17233302.187946223,18416593.75001721
臺北市大同區寧夏路３２號六樓之２,25.0559699791744,121.515170010512,13247026.637316592,11232021.176154938,12289588.21193518,13273337.367174437,14829477.845530301,16096787.30324856
臺北市松山區光復北路６之２號七樓,25.0495070105732,121.557947058331,24965006.773483768,21935278.641094573,23432454.47796516,25296264.053699367,26627847.235347886,28249896.67416457
臺北市信義區信義路五段１２７號,25.033964,121.573943,16035388.835570244,13222923.001421722,15255186.504128983,16385657.763784155,17591985.848747328,18768652.271604367
臺北市內湖區文德路２２巷５９弄２０號五樓,25.0753400125892,121.580090029901,22553074.545019977,16557522.782893723,22118374.692014962,23903235.716051396,25410401.599763382,26562808.21510763
臺北市信義區松德路２６號十一樓,25.03926799,121.577044,32661656.4260169,28066785.08106731,30992975.86041005,32759932.88092684,35342741.77952071,38371647.51633856
臺北市士林區士東路１２０巷２２弄５號,25.11110702,121.529411,19699824.405746438,17023441.257756233,18793150.689038787,20188681.57082232,21279954.995036174,22155968.51622068
臺北市北投區溫泉路６５巷９之１號五樓,25.135337,121.504222,8638206.371321335,6162399.487801972,8178843.198403891,9055398.781795021,9812613.791525327,11072151.387438148
臺北市南港區研究院路三段８６巷８號,25.03449802,121.613266,5205612.311467744,3142326.654539055,4055374.537583173,5463482.0411224775,6543435.802263068,8236210.516454022
臺北市中山區松江路４５巷４１號四樓,25.0479599810429,121.534310002594,15971807.312695475,13698566.042730028,14899277.196074635,16234239.312114187,17651047.4065295,19705732.55758631
臺北市萬華區萬大路３２９巷３弄２５號,25.02433399,121.501022,12750333.336591264,9858662.647063874,11334988.64375817,12882740.177144539,14369560.563223053,16636473.071908765
臺北市士林區中山北路六段２３６巷９號五樓之２,25.1082699955945,121.526179975609,38209211.35879595,33909728.61391559,36384531.50685023,38674063.27797824,40707049.58570059,42687833.8343066
臺北市北投區行義路１４２之５號,25.129857,121.528211,8308546.124999852,5717178.441107533,6796216.5499426555,8667013.539658576,9944004.296705576,11105188.857038274
臺北市大安區信義路四段６０之３８號五樓,25.03319018,121.5457185,9418084.869696673,7041104.293859707,9026672.971420085,10168083.503271582,10674531.77909861,11341636.198232915
臺北市文山區景興路９６巷４２號,24.99472199,121.542512,11202876.32762954,9019873.684560843,10016703.508459529,10982607.86296003,12137289.918030558,14379470.69672462
臺北市信義區莊敬路４２３巷４弄２號三樓,25.0278600095901,121.566870008394,17840874.65982169,15836356.471326564,17021721.367231127,17882971.11062894,18865845.394105844,19818756.094044935
臺北市大同區環河北路二段３８３號五樓,25.07754739,121.5093508,11741728.675805937,9434906.376840541,10619234.653189905,11645307.832709119,13041822.714708788,14530384.445430076
臺北市南港區經貿二路１５７巷３６弄８８號,25.06174901,121.614719,19583169.70660968,14650606.967402546,16877826.535037223,19910706.65421107,23363343.941204183,26813907.777031478
臺北市南港區中坡北路４０巷２１號四樓,25.0460999948187,121.581519982583,6227930.947914094,4270326.754010843,5418244.627437033,6324940.036146973,7327226.161429618,8584501.293026017
臺北市文山區和平東路四段６５巷７７弄１９號,25.006819,121.569667,26312553.24267093,20859120.52060243,24016642.505692914,26143918.02183335,27457561.84410037,30166444.045767967
臺北市大同區重慶北路三段２５２巷７弄２之３號,25.071470004074,121.51317997906,9175442.994528586,6143342.924438719,8148638.486475816,9705840.646851843,11276644.120207619,12480780.781415207
臺北市南港區福德街３３９巷３２號,25.038363,121.588917,11750990.225386277,9251451.572997833,10787658.37800465,12170665.652670238,13328722.75000444,14139431.95967353
臺北市北投區中央北路三段２５０號四樓,25.1359599899202,121.479880018849,8825895.9749548,6863049.977856804,8009808.0702517405,8902374.096125588,10002752.334170215,10969887.903876781
臺北市松山區市民大道四段６３號,25.04526201,121.546638,23998900.770591676,20088773.47818308,22028190.3001415,24906645.413848884,26715251.820270702,28279924.76823307
臺北市信義區虎林街１３２巷１９號,25.04022998,121.576217,17582292.68460874,12350819.417024171,16399239.063823521,18378130.25778387,20579087.06414103,23147833.496511143
臺北市大安區復興南路二段９０巷１２號二樓,25.03021968,121.5423855,19887750.60549399,12989790.269498195,18053532.317026407,21324960.619574167,24270288.497896172,27005863.399256177
臺北市信義區松山路１１９巷９號四樓,25.0475099985709,121.578920000037,19146948.36111214,15679921.886499412,16891346.594056766,18544262.477460198,20257583.50650414,22548959.391267028
臺北市大同區延平北路四段１１１巷９號,25.07140802,121.511403,11529317.242864197,9353270.120812539,10634273.47965749,11788224.211643353,12808358.57055417,14211550.37429265
臺北市內湖區環山路二段５３巷５弄４號,25.084477,121.573118,16576318.664355898,15211618.06431219,15798235.03149976,16481474.663290884,17293059.50207559,18428554.220866732
臺北市信義區市民大道六段１０８號七樓之３,25.04899401,121.5724433,13732731.338270653,11505232.162660245,12394137.827865187,13903167.038196439,15147859.45719958,15885276.12425313
臺北市松山區敦化北路４巷３１號三樓之２,25.0500866,121.5455173,15600911.633043472,11965117.924620654,14560400.650285741,16245228.716545913,17340882.584533088,18467504.519195493
臺北市大同區昌吉街１１０巷１２號二樓,25.06544501,121.514672,14782951.288640626,11897633.40961676,13230530.030605389,15346659.815170705,16881182.885896925,17683258.716444205
臺北市內湖區新明路３７２號三樓,25.0548499892721,121.58059998489,13584553.460984517,10210013.146664418,12298547.96520648,14586233.793365486,15675213.381499687,16358504.058244832
臺北市中山區大直街１２４巷１６號三樓,25.0844599842487,121.548910020641,16553526.7267133,13959902.371950528,15332885.477973288,16829048.33287934,18205434.352961864,19940002.52318911
臺北市大安區仁愛路四段３００巷３５弄４號三樓,25.035185,121.554447,29442352.943569966,26009818.955073673,27417562.40864417,28804075.0317635,30960750.562968917,33737748.84321485
臺北市內湖區內湖路三段７２巷６３號五樓,25.08837002,121.591062,27565244.51870436,23110359.906719536,25888127.19153759,27661353.559177324,29711265.499143004,31119894.272318453
臺北市內湖區安康路３１５巷１之１號,25.0667999848103,121.614579968906,11831926.197927997,7771146.049069289,9019647.990237346,12364677.176351499,15759525.972874004,17179085.262357112
臺北市文山區指南路三段２６號,24.9831079,121.579933,9523110.905358238,7657074.280044489,8408785.832305504,9783226.218517978,10734952.006765036,11433928.945648924
臺北市松山區三民路１６６巷３３號,25.06209401,121.5643,14905916.988434633,12036020.095331613,13405176.670246117,14734122.166513477,16820843.953622147,19057136.98195638
臺北市文山區景興路３９之２號三樓,24.99736099,121.544881,18493158.9710374,14535524.916196985,17042020.41091294,18612044.339374825,20637279.282819394,23399973.46823583
臺北市萬華區寶興街８０巷２號四樓,25.02599298,121.494193,12426840.82198479,10057836.608804079,11207524.102980735,12737027.943527592,14130704.619085275,15790794.264575485
臺北市松山區健康路２２５巷１１之１號二樓,25.05442201,121.562242,31473703.367004234,27928469.857179735,30126586.741285678,32063620.71369523,33745567.55459962,35801644.42249637
臺北市內湖區成功路四段１６６號,25.0830486,121.5933015,9660752.775838524,7957517.191258337,8715451.159304395,9792528.329729011,10652590.276849117,11783480.037997954
臺北市松山區南京東路五段２１２號十二樓之５,25.0511800148763,121.565150041862,28764335.972927943,23628528.93275203,26684391.238611914,29653823.447580956,31951086.955262393,33696858.23171892
臺北市大安區仁愛路四段１４７號十樓之１,25.03807801,121.551669,33377807.529094122,27947399.336872015,29791803.951964196,33586062.89900589,36741745.92420516,39892708.4423407
臺北市內湖區康樂街２０４之３號,25.07630498,121.621279,12854097.299125027,10644797.483451245,11569380.396414336,12758849.442350902,14404247.484804865,15650208.062494162
臺北市大同區寧夏路１６５號,25.06155501,121.514243,19479686.67499724,17410530.140892502,18245376.176711272,19661363.39168786,21102093.001229912,22351964.706758175
臺北市大安區安和路二段１７７號四樓之１,25.0276800082194,121.549969996116,35423700.413100705,31325067.531504385,34022742.897054166,36152272.48817197,38361293.70834472,40485554.54595757
臺北市信義區忠孝東路五段３７２巷２７弄４９號二樓,25.0398799940198,121.57536003812,27135791.14095785,23000639.15513187,25277050.658754624,27352658.921166983,30073121.129174694,32174431.153422136
臺北市文山區興隆路二段２０３巷１０７號,25.003237,121.546147,33339083.70732169,17041359.932824206,31156538.070851866,38372180.3094522,43329850.05033294,46407785.82336978
臺北市中山區中山北路一段８３巷２０號六樓之４,25.0499899941729,121.523679989168,7553323.900476621,5848756.263842914,6929335.069915256,7659246.600964806,8453915.843183273,9232704.948882306
臺北市信義區忠孝東路五段４６９號十九樓之７,25.0409700186183,121.5771000374,44726148.18197519,36981680.31759645,39155722.898401685,44341098.6445434,51291864.318070404,55069023.86693251
臺北市中山區復興北路１９２號八樓之１,25.0556202,121.5436589,21701539.442948382,18158286.321870882,20693795.86551193,22088442.406767625,23909959.261844408,25723361.66628446
臺北市松山區民生東路五段１４號三樓,25.0590100116371,121.561929966119,27370204.5354005,22623662.774455093,24948305.488593034,28109908.204751395,30552917.532743227,32472958.904465728
臺北市中山區中山北路一段５３巷４之２號四樓,25.04919799,121.521956,8608499.090110391,4438939.485384381,7265685.6371995425,8865093.94844643,11505403.15458504,13753714.418366432
臺北市內湖區內湖路二段１０３巷１８號,25.08055339,121.5820451,237877170.59804678,171089383.922085,208562589.259117,251395255.05024645,275023752.8248574,300821151.4222435
臺北市大同區民權西路１３３巷６弄１２號,25.06345301,121.516695,13736851.388988214,11660545.267317107,12586966.768933935,13711392.550688844,15158668.398563202,16294504.220229143
臺北市中山區龍江路３１號,25.04864,121.540522,30437220.27944499,27112842.674055144,29352153.33844648,31101633.491618596,32688544.79231486,34056572.12718818
臺北市松山區塔悠路２１８號四樓,25.058069981196,121.568940003202,17518069.608099,15431670.73006797,16148208.782409092,16915032.741607305,18811861.647435136,20305741.579459105
臺北市文山區政大一街２５１號,24.98660349,121.5850991,20021131.55526926,15640005.293643363,18833570.607772034,20803193.974846,22185832.392493162,23680185.09150265
臺北市大安區青田街５巷１２之７號,25.02853999,121.532518,24046672.576001137,21773519.24424602,23091830.954308074,24427343.149724346,25768110.80986462,27338658.0987173
臺北市中山區林森北路４０９號,25.05960299,121.525702,6605113.9400718715,5991660.455967801,6236723.035693707,6532181.70196793,6971277.042805766,7452096.060627648
臺北市大安區臥龍街１３７之２號,25.01865601,121.550653,5109707.125985364,3596399.5478483485,4454117.127015396,5267957.86342427,5961943.557628589,7149378.232575172
臺北市中山區中山北路一段５３巷２０號三樓之２,25.04892629,121.5228801,9037718.41884667,7113542.935348481,7861188.311894634,8864108.855607986,10329994.760532461,11249547.697169896
臺北市中山區吉林路４４７巷１７號四樓,25.0674000033491,121.531329984558,19122953.454875212,15536532.196277937,18043394.306910027,19621101.916478742,21265766.420478955,23154117.084323812
臺北市文山區秀明路一段７９巷５弄２７號五樓,24.99043599,121.564786,15258313.815233283,12358745.577625664,14141978.732082207,15615310.261471154,17395876.05346537,19155019.14212739
臺北市南港區經貿二路１５７巷３６弄８８號,25.06174901,121.614719,14688464.811640734,12701548.140006665,13759881.408615384,14829708.234286083,15637487.853614666,16259360.3496403
臺北市北投區中和街４０號,25.13825839,121.5026573,4999461.048756876,3430824.005388774,4390740.595198708,5133499.788278511,5864318.727434013,6669339.771571228
臺北市南港區園區街１９號四樓,25.05886819,121.6107328,18730069.10477271,13543024.630794428,17083507.121392068,19913585.91133949,22066440.756280307,24242342.85707476
臺北市內湖區康寧路三段５６巷５３號二樓,25.07048001749,121.609470025454,19469089.732436102,16991434.663949974,18037551.308270387,19528422.95950289,20932253.336022116,23529086.562937006
臺北市中山區通北街１２２號,25.08610137,121.5362297,23378266.69208188,18791574.912374612,22053812.98267275,24653655.625910826,26779227.063947864,28400157.62761294
臺北市文山區木柵路二段１０９巷２５弄１８號,24.990468,121.562366,13573822.03883939,10369949.281085318,12603273.18357859,14000627.912976058,15337467.413641779,17297177.875561427
臺北市南港區重陽路５４９號十樓,25.0630899868268,121.613830040029,48918164.69170061,40670835.046234764,44381558.87222591,48839116.66942592,53632141.95801993,59379883.6674769
臺北市中山區雙城街４３巷１號四樓之１,25.06755498,121.524483,7687031.382640439,5596648.590388652,6947431.54688556,7994561.9185487395,9009498.071338857,9707624.85585192
臺北市南港區昆陽街１７７號,25.04827992,121.5940283,106519062.10013315,67979309.90489021,89872195.87662256,117616747.54713248,129396157.2406871,150960825.21235293
臺北市士林區基河路２３８號,25.09103161,121.5215466,7607560.498930188,6303276.44568765,7317925.84256137,7993210.989342102,8510977.803798545,9071947.742273742
臺北市信義區信義路五段１５０巷３４２弄１７之３號五樓,25.026780001366,121.570529966415,16281742.884582039,14061222.29036477,15594620.806153769,16495878.700363794,17571766.361293647,18634134.93828541
臺北市中山區建國北路二段１０８號六樓,25.0584255,121.5365419,23190477.56300265,19108058.83713726,20888390.31450788,23606183.800780803,25939315.847114608,28084225.59177233
臺北市萬華區康定路９７號九樓,25.0396499945967,121.502040010645,7996604.351747036,6808484.084563336,7589797.0209252555,8061203.870384813,8705293.567192903,9453065.595829863
臺北市文山區保儀路１１號十二樓之１,24.98860802,121.568737,22031702.87343579,16436650.681714881,21244576.987249367,23112228.031426992,25268925.437903326,27107419.325433623
臺北市士林區葫蘆街１３５巷３號五樓,25.0845699967279,121.508019995647,13151067.903526073,10403382.265475575,11836694.23597983,13396556.1697598,15022776.145825915,17070949.376115628
臺北市大安區和平東路二段１０７巷２３弄１７號,25.026212,121.541635,21118158.077808745,17192960.521382578,19000245.701151896,21461223.648792416,23891573.712755132,26439200.83564313
臺北市北投區新民路６２巷１５弄１號,25.13935002,121.5110127,13977940.990268383,11730905.075829187,13609565.614968587,14492916.986494597,15298375.80247553,16095378.15412137
臺北市信義區忠孝東路五段３７２巷２９弄３７號五樓,25.03907998,121.574855,34868377.003936104,29983219.48985659,32109574.583114438,35110867.37612852,38652144.27589588,41410862.65553453
臺北市大安區仁愛路四段１５１巷３９號四樓之１,25.0406199903417,121.552090030886,69461501.74527465,60939190.860747784,65170952.14121071,69029449.03518201,74419458.59154992,81610136.62143981
臺北市內湖區內湖路三段１９１巷７號四樓,25.088058,121.588589,13454088.918986687,9787513.13994746,11608794.925743952,14562898.654730571,15767704.203899076,16343342.174127858
臺北市大同區大龍街１３９號六樓之１,25.0675399811322,121.516029993778,10131980.867312469,5748093.191675212,6934621.3297235025,9793192.834494283,15262055.481384452,18619648.264845245
臺北市北投區承德路七段２８０巷３８號,25.11666502,121.507165,13680023.18953842,11405720.880459148,12928365.22634724,14077075.43171498,15219967.685988799,16658658.434231592
臺北市北投區光明路２４０之１２號六樓,25.13633001,121.50782,7597755.007140898,5872722.750575066,6872548.756343251,7684249.436466724,8512670.627871744,9278811.305006865
臺北市大安區和平東路三段９７之１號,25.024609,121.550843,22703600.29639431,15445902.67539822,18128573.71630474,22743635.71681781,29616863.74819584,34585981.99684267
臺北市士林區中山北路七段１１４巷４１弄１１之１號,25.124269,121.534788,23163018.41299091,18374249.27436118,21182407.01682532,24118784.459823426,26141202.795943916,28048698.0515586
臺北市中山區林森北路１３３巷２８號三樓,25.05082198,121.526143,11462895.897687815,8836107.512960242,10290554.70264294,11292775.73043536,12518047.333916107,15726898.076222805
臺北市信義區忠孝東路五段２３８號十二樓,25.04078801,121.572094,26287760.3700927,21179200.16140973,24533602.984593302,27186127.59357832,29175045.441731766,31182666.85990676
臺北市文山區景華街１２１巷１７弄３號三樓,24.9967699800603,121.546009965961,15278080.722596986,13258442.297563417,14243040.572922777,15318708.484577063,16671962.05162264,17916174.69465351
臺北市信義區中坡南路９８巷９號三樓,25.0414599827684,121.584579963975,37543346.029516704,28207663.409567613,34202361.07872236,38422601.1029793,43099407.87899076,49253747.33142817
臺北市中正區南昌路二段４２巷１４號二樓,25.0275599793659,121.519809980653,22144009.24706257,17549637.70514001,21116425.822608046,22980706.559087988,24682450.90914057,26249242.60186161
臺北市中正區中華路一段７號十四樓之９,25.04710599,121.510328,17228192.676557608,13149249.61700518,14733551.39264624,17395679.41862649,20116003.427440394,22400661.289628092
臺北市士林區德行東路３５８巷１４弄２號四樓,25.109918,121.539194,26322517.592614777,21641068.70428092,24696779.752105735,26645961.974695865,27917499.126301885,29975273.186163384
臺北市中正區杭州南路一段１０１巷３１號,25.037414,121.52755,16668086.739020746,10438839.912358737,14033509.865266873,17947813.58927015,21010832.41202541,22921789.82119624
臺北市士林區天玉街３８巷１２號,25.120552,121.529355,6807447.527938269,5150777.167511718,6375863.347998731,6938132.066999934,7785207.306178093,8858306.926966744
臺北市文山區景興路１５３巷１７號,24.99396598,121.545835,12697754.670183104,11165810.15708921,12044786.20739162,12852446.59926539,13669799.87889164,14583987.401899118
臺北市文山區和平東路四段３４６號五樓,24.9992700084109,121.573969983297,11604313.013883784,8540014.440818634,10042648.535422267,11898493.277026445,13973317.37240329,14710738.998459222
臺北市萬華區國興路８６號十樓之２,25.0267499941526,121.506029964195,25248149.25887336,21191012.1400603,23955192.801067203,25583964.959293596,27233143.297289297,29531195.71640883
臺北市大同區環河北路一段３８９號,25.061396,121.508657,45161420.7651963,38287380.00224241,41976477.49090711,45618258.36098849,50394346.937836275,56001270.30821963
臺北市中山區民生西路３巷２之２號二樓之２,25.0584400003117,121.521600019895,7284065.205036871,6070705.288446628,6464010.290465974,7520607.422280671,8344914.11924059,8856252.401986873
臺北市南港區經貿二路１８５巷５８號,25.06167001,121.61671,43663069.50350119,33779751.81277451,43147444.04854128,47109180.42172407,50698165.92690823,56137745.72736042
臺北市士林區中正路４３０號十五樓,25.09305399,121.519055,36079361.77094855,28640238.400284484,32887734.09547906,37178873.96294372,40056848.505912885,42859108.27491552
臺北市士林區社中街２７５之１號四樓,25.09180098,121.506615,13356589.315852126,10620865.846391266,12544692.999941753,13746645.02313862,14895337.773275895,16070929.650816068
臺北市文山區羅斯福路五段２３６巷１４弄１號四樓,25.0017899856911,121.537750019477,15247831.705951635,13273555.111025797,14476527.24481969,15507222.18266696,16373185.077269152,17290495.40907072
臺北市北投區知行路３１６巷２２弄１５號二樓,25.121761,121.468785,14593713.517041108,9702445.94462384,12558424.124018494,15660325.826952698,17677850.670883518,19637967.340302173
臺北市大同區敦煌路８８巷８號十樓,25.07580491,121.5169188,33826862.61473694,30182695.99035982,31864750.267603826,33976512.7448196,36814344.13597725,38671445.435424335
臺北市大安區新生南路三段２３號七樓,25.02469299,121.534947,33425923.008737028,28526319.583125822,32764835.5283604,34761056.653832756,36135910.81487966,38524683.9984949
臺北市內湖區民權東路六段１８０巷６６號四樓之１,25.06664002,121.59253,21956891.538665593,18864894.85796989,20390729.21166651,22224585.331282828,23604737.300927054,24850999.877025314
臺北市松山區光復北路８０巷２７號六樓,25.0502100191313,121.557120010982,32638922.239534505,30114642.762947336,31404763.534344025,32749721.39818561,34257666.99369728,35838993.50575797
臺北市萬華區民和街９８號十樓之２,25.02549501,121.497558,32548000.95165985,29627541.253538612,31220689.271978926,32685754.360077247,34105643.44046714,35403631.721041314
臺北市中山區民生東路二段９３巷１９號,25.05873701,121.531054,38556808.99772184,34403318.75167319,36469594.82265576,38568241.26246002,40267247.61296662,43173536.866320446
臺北市大安區四維路１７０巷３６號三樓之６,25.0281900051181,121.546339961489,16533771.773606224,13293811.16588568,14910266.449168516,16408979.019911574,18672384.904630385,20555202.46165165
臺北市北投區光明路２０３號二十二樓,25.1361000096128,121.503710021034,42078972.987648286,36165750.40032598,39929521.30862276,42908382.794844046,45461985.23197761,48943379.40813246
臺北市內湖區文德路２２巷５９弄１３號,25.07496002,121.580046,16678929.646668157,12549672.451153923,14595953.37608367,17127592.20061613,19355221.995939575,21548272.4467024
臺北市內湖區民權東路六段５６巷２５弄１０號五樓,25.0674800086149,121.585879997157,14552162.30309337,12216767.244837083,13668174.15371055,14973729.599614456,15975162.694633089,16653505.404326232
臺北市松山區吉祥路５號五樓,25.0503699877534,121.562619964388,16855161.622337006,14449890.175814863,15752168.460084982,16965039.030331563,18487837.626225397,19754392.431180067
臺北市內湖區內湖路一段７３７巷７１號二樓,25.081378,121.579327,16976031.317194093,14873566.555735637,16225228.754404899,17223900.249403164,18191346.29395494,19387106.32842279
臺北市文山區景興路９７巷１４號二樓,24.9954600143225,121.545560025398,5654907.622751373,4533277.876619452,5108898.593052005,5637183.009831989,6241297.0771474205,7046902.377986254
臺北市文山區辛亥路四段７７巷９２弄１１號三樓之２,25.00875748,121.561276,15145517.533958824,11662670.974440226,13739164.905828448,15360365.151076408,17344570.432998694,18728331.175607875
臺北市文山區辛亥路五段６９號七樓,24.99825601,121.553315,10919264.395078814,8764451.520032827,10180842.715156963,11201741.905429943,12266600.205992501,13667281.750525314
臺北市萬華區國興路１７號,25.02681801,121.505491,17831455.277656913,15704047.40243303,17463460.194756683,18467640.969577115,19390875.519570645,20178918.167270213
臺北市大安區仁愛路三段５巷３弄８之１號,25.0395600148661,121.533940025388,36074989.676218644,30314346.26889441,33657120.00526871,37033855.6401285,39401973.9625824,42281388.08353278
臺北市內湖區內湖路一段３８７巷３弄６號,25.082363,121.570736,41326416.44892339,32553138.520185035,38482270.07673876,42998630.99360772,46641407.51643737,51110253.894371405
臺北市文山區景福街１５３號五樓,24.9954800051616,121.536579989612,20868223.740733795,17093151.42718983,19806620.397645082,21869103.09933147,23635936.870695762,25097946.484329276
臺北市大安區仁愛路四段４０８巷９號,25.03715202,121.557063,28489157.875464052,25429027.19943616,27363512.91224157,28813315.88381251,30733563.857980475,33827503.03742771
臺北市中山區林森北路１０７巷８２號,25.049559,121.527588,7964984.513025121,6815622.695239388,7429625.280192895,7977626.692082764,8571569.528673597,9426270.873122541
臺北市萬華區成都路１５５號,25.04358098,121.502913,9605335.120261066,8075763.930868102,8855311.163799021,9595902.550857002,10665286.733020306,11637544.011656169
臺北市松山區民權東路三段１０３巷２４弄１號,25.0637400034181,121.544800038238,17223025.89196239,15518063.968757696,16204774.620789085,17200009.19034855,18234195.67729806,19761885.452078264
臺北市文山區羅斯福路六段３９巷３６號五樓,24.9981599929734,121.542259986299,20500300.490603175,16129231.91950825,19345116.127596363,21335016.303122755,22894300.4526594,24472849.254925627
臺北市北投區溫泉路１３９號,25.13995799,121.512059,5259898.711220311,3702914.3442141623,4759024.55155164,5257814.469116624,5926768.011167539,7157979.953913009
臺北市松山區健康路３２５巷１２弄１４號,25.0553700025451,121.567869969442,38967690.43206264,30519600.55136285,34729059.40340756,39137803.81339535,44794109.304588534,50890926.203148805
臺北市中正區信義路二段２５９號十三樓之２,25.035189983917,121.52528998513,22193516.045434278,19114452.431276638,20550593.666432418,21844907.69512351,24017131.076303355,27737750.79557136
臺北市萬華區和平西路三段１８７之３號三樓,25.0354400160887,121.497689970535,11791631.173925288,7654341.5748948315,9764718.516267689,12421801.67788302,14147439.387270063,16840241.714917555
臺北市信義區信義路五段１１９號十二樓之３,25.03334999,121.5739149,43826776.417906955,35301636.808800355,39202581.10982245,44980755.42070711,48486185.21604469,52573162.244902894
臺北市內湖區內湖路二段１０３巷４２之１號三樓,25.0817799964369,121.581040034807,29997397.55603715,25185336.132794857,27476082.8520466,30114133.11817211,32985803.607496895,35134568.12717135
臺北市萬華區長泰街２３０號,25.02175199,121.495323,8994972.384919373,7334074.495584703,8511407.549040535,9370256.67909543,10027829.341436204,10519748.086790465
臺北市內湖區新明路４２８巷１０號,25.0543751,121.5795827,34862340.629753426,21297086.66736356,34828344.23293894,38171732.17085829,41038926.32160438,43836803.299722485
臺北市大安區忠孝東路四段２３３號,25.04165511,121.5536086,13243564.958531972,9689602.636327418,11009245.339160204,13567748.548108622,16133019.74116321,17884253.451961335
臺北市文山區興隆路一段５５巷２７弄２８號,25.00463602,121.542165,15351408.447247319,13782054.753286319,14728778.630175885,15604164.129454276,16380781.930717139,17126944.564170428
臺北市文山區新光路一段６５巷３８號九樓,24.99067701,121.575434,31553210.530701175,26402401.257186398,29143840.664140776,31802127.461768445,35287958.67748944,37920703.07308552
臺北市信義區松山路２０７巷４弄７號,25.04493202,121.578288,2479136.83616655,1812122.9974555387,2019128.4298738583,2268358.631391366,2699055.4126069127,4122023.4391493495
臺北市信義區和平東路三段１７９號九樓之１,25.0238999794349,121.553180013575,11856609.317086384,9227324.262597391,10992372.989803646,12309319.242641937,13335719.717281424,14095697.407863822
臺北市信義區忠孝東路五段４６９號十九樓之２,25.0409700186183,121.5771000374,48901825.74727898,38661476.136484124,42770790.779602274,50647798.98037271,56151091.74812761,62811440.99379268
臺北市南港區成福路１９４巷６號,25.04073499,121.58789,16767762.363611998,14595171.793801727,15835331.937423982,16929304.87869912,17843441.817998044,18838271.97679479
臺北市大同區承德路一段７７巷１８號,25.05208899,121.518003,12625028.332906608,9987846.993163278,11259313.471062694,12621774.331673875,14251722.626185521,16562197.698833063
臺北市士林區士東路８８號十二樓,25.1118989,121.5287451,54176240.88175978,40532872.92872083,49152867.053658575,57737773.00074573,63445914.0658253,66863695.69065964
臺北市中正區汀州路二段２５５巷１２弄６號,25.02297701,121.523775,24692465.62032214,19632787.77131555,22028765.095479757,25328283.486208618,28583332.596039563,30492775.41809022
臺北市松山區光復北路１８４號三樓,25.05405279,121.5559977,48944650.31503891,40049850.48791596,46230806.22804979,50332636.18326403,53814032.397137254,58800838.36378684
臺北市松山區新中街２巷１７號四樓,25.0571799907168,121.561390003917,19662396.476392753,14457947.976348473,16376772.277437748,19599680.269417353,23728628.505530056,28968056.00045912
臺北市松山區新東街６０巷１６號三樓,25.06202301,121.56607,20409192.40744871,17457875.095571134,18585661.78156553,20183462.917156547,22359627.190956026,24860768.238831993
臺北市南港區福德街３８５號五樓之１,25.0397064503849,121.589272506797,20747047.800931923,18207578.67251667,20108345.50062203,21879825.007399358,22973449.29562343,23883231.517274298
臺北市內湖區東湖路１１３巷５０號,25.0706964,121.6159801,17073420.61836269,11467145.133186013,14826471.850190913,18079724.22740411,20978574.678183615,22739689.443060867
臺北市士林區中山北路七段１００巷１０號,25.12174101,121.532516,19608614.048504185,16572189.156766215,18199107.937719222,19685369.16293425,21347420.47883863,23639502.388558254
臺北市士林區天母東路３６之２號十一樓,25.1179156,121.5325982,43498982.56946234,35244178.005026326,38386638.147565894,44074757.23568545,48946331.217161715,53614390.26218414
臺北市內湖區安康路３４８號二樓,25.06589202,121.612022,18546557.804903723,15699412.791407675,17294342.463511568,18691890.25277319,20222340.225532252,22142078.657720964
臺北市文山區萬安街３７巷１７弄１號四樓,25.00063601,121.571643,14247303.034472138,10130751.27105419,13312245.020419536,14857091.467690697,16700065.454246553,18805832.114025656
臺北市內湖區環山路一段１３６巷２０弄８號四樓,25.0880400208235,121.567969965547,12279878.193141432,9153893.65968945,11232139.066743445,12775345.672744295,14477647.850408334,15269820.066683749
臺北市中山區北安路８４１巷２６弄１１號五樓,25.0860900129592,121.555960039401,16590346.089843962,14318931.425490387,15662249.682638925,16711983.756576736,18254621.90234723,21372442.174862742
臺北市文山區指南路二段４５巷１４弄５號,24.98906001,121.57483,2598935.2989423457,1337671.3497592816,2013331.9264222598,2743687.5379249128,3489014.513003177,4327092.80323471
臺北市中山區龍江路３７０巷５５號三樓,25.06651001287,121.537880022795,15722684.92064558,14402539.9014967,15347613.951109827,16112268.016464489,16809910.695922766,17580424.51200895
臺北市信義區林口街１２２號,25.039953,121.58053,16393624.020298012,13764423.472548611,15108241.179795763,16244945.80145358,17988308.707262684,19882853.90436883
臺北市信義區莊敬路２４３號,25.029534,121.562468,31098868.98413007,22203948.387572534,29206304.672051102,32125522.58296791,36109984.373190686,38403530.3084115
臺北市中正區三元街２１７號,25.02766702,121.513382,9688017.968232846,7755917.624561265,8828716.769492779,10061858.882814128,11003403.688472852,11889590.097469158
臺北市文山區辛亥路四段２５２巷２弄５號,25.00180491,121.5544961,13573457.781623548,11681878.754281469,12725447.7589548,13678250.642067438,14869036.357159145,16418917.97769171
臺北市中正區汀州路一段３５０號七樓之２,25.026469996677,121.512719980214,34165548.03057293,26217430.663445693,31893913.60712496,34933065.2835877,39406870.203421004,43012732.608304694
臺北市內湖區環山路一段１３６巷６號,25.08679401,121.568799,15052619.758496216,12902974.745045535,14537673.3123678,15539504.8143796,16328857.145497981,17065261.5898927
臺北市北投區文林北路９４巷１０７號三樓,25.1070599840521,121.519570006765,9620100.652799271,7071801.968866989,8200026.07284589,9590689.932431072,11296907.244414726,12902399.237980584
臺北市大同區敦煌路１３０號,25.07613801,121.515952,12503988.969876185,9197007.036466736,11588192.035517376,13217505.809018593,14585532.862532016,15504663.196649328
臺北市大安區敦化南路二段４６號十四樓之１２,25.03123699,121.548312,24019185.884053886,19201402.343493953,21421825.038246457,24902905.174111396,27117768.63361047,30231622.096329346
臺北市士林區中山北路七段３８巷１２弄４之４號三樓,25.11960501,121.531795,18500850.51441503,15772542.812951393,17195638.22719892,18415245.337057274,19945468.42762847,21790848.770075172
臺北市中山區林森北路１０７巷４３號三樓之４,25.05010202,121.526454,7851839.072790562,6554739.646338275,7366025.332523344,8104872.037537281,8537936.505528098,9011286.589484856
臺北市大同區延平北路四段１７９巷１４號四樓,25.0735500152565,121.511980025802,9373826.432152119,6619453.693346472,8172928.438427371,9587597.191271301,11099991.530162152,12830836.536491899
臺北市士林區承德路四段４０巷２號三樓之６,25.08078402,121.522128,5369345.0799021805,4791039.558193399,5133458.508810088,5419770.9246673845,5770366.576881644,6127167.171916497
臺北市內湖區星雲街１２５號十一樓,25.08042401,121.595661,52538632.48629598,46065490.47329569,50021742.20694719,53913171.175172985,58282236.13935145,61794872.85153824
臺北市文山區興隆路二段２０３巷１０２號十樓,25.0011060389595,121.551620849996,17092533.53411721,13691120.164234754,15873169.400967898,17396246.431710515,18989941.30639815,21607968.87101737
臺北市內湖區五分街１１１號十樓之２,25.067309981709,121.616760018103,17834070.15020398,14199490.104631191,15609606.615669869,17929645.75099693,20646891.57847508,22835967.927907437
臺北市松山區三民路１０８號八樓之１７,25.0579813,121.5639054,12973154.359348241,10735165.846959507,11783680.847002681,12858001.267591637,14410150.133527603,16057582.231596485
臺北市大安區復興南路一段１０３號四樓之６,25.04375,121.544039,9821174.380271768,8613590.452219207,9410988.387701174,10078336.952304162,10557065.01272856,11033127.540302016
臺北市中山區民權東路二段１３５巷３６號四樓,25.06437799,121.534872,24389841.79028562,20433706.619206205,22134950.672790296,24560735.017804384,27093432.32461474,30021529.640149396
臺北市南港區重陽路１２５巷３６弄１０號五樓之６,25.05752398,121.597146,16476804.344666475,13335274.092278548,15302328.085140418,16626811.023196021,17962447.9053472,19361980.421758752
臺北市中山區合江街１３０巷２３號,25.05959,121.538036,19233302.111457262,16942105.493642725,17921950.634082522,19030182.835192278,20519601.22383139,22074756.197933994
臺北市信義區松隆路３２９巷６號,25.04848201,121.579304,23853752.087648872,17706270.780330762,20563453.898966923,23190448.202913195,26220440.740225088,40380633.407655224
臺北市松山區市民大道五段１號,25.04547701,121.558144,9820334.382085806,8484994.920782069,8872420.605314333,9531176.55077381,10746987.002368832,12034205.073053233
臺北市北投區自強街５巷１０４號,25.11212198,121.511421,8861723.442362376,6801081.266519153,7841539.035378751,9029830.709182873,10219550.282775212,11416787.064856408
臺北市內湖區星雲街１５０巷１４號六樓,25.07976151,121.5958296,31275142.071389932,27846226.365461633,29493270.736611713,30926939.97712773,33264622.034958635,36821606.624369554
臺北市文山區興隆路三段２５５巷２號,24.99244802,121.559554,7557598.862046031,5741309.497363207,6414393.680353572,7475335.020457563,9041802.319219438,10075394.710160537
臺北市大安區安和路二段３５巷３號,25.03182201,121.552837,37086737.92424914,30512473.693499446,32469059.27561443,37985171.260689415,41858210.19625481,47234010.6900672
臺北市內湖區文湖街２１巷１００弄２號四樓,25.0909399916841,121.561120022815,13591732.695574649,11080232.326025132,12644529.956860527,14302300.42839133,15285796.24484509,16112110.34867222
臺北市中正區汀州路一段３５２號十八樓,25.0264599803027,121.512749987427,23400024.947569825,10653146.867723046,18438542.845653333,23286904.093943544,34126768.37301427,45234508.045165434
臺北市士林區重慶北路四段２２２號七樓之５,25.0861100037983,121.511390023637,20151787.292614084,16230391.710309206,18430001.91278215,20840133.005966745,22159469.08306665,24007676.78518433
臺北市信義區忠孝東路五段４９９號三樓,25.0413500121987,121.578480033939,21498713.21660312,17573692.61767504,19452537.04054307,21487253.667624228,23933846.828645803,26215997.541106388
臺北市士林區中山北路七段１４巷５弄２號五樓,25.11902201,121.531467,8005919.179393994,5309432.507283641,5981578.905182477,7225284.326764906,10314253.901652107,13948324.29935909
臺北市北投區三合街二段４５０號,25.126945,121.502398,20878334.144690912,13505806.193073384,19026022.000780366,23038364.05307503,25155122.313373245,26586981.398877148
臺北市中山區中山北路一段８４號十二樓之６,25.0491899834244,121.521059973874,13144047.63969733,11377148.906215727,11923058.50516014,12871784.64945656,14345850.43021378,15540474.729912544
臺北市信義區信義路六段３１號七樓,25.034720010606,121.575909974787,8568583.862501184,6283946.562807687,7756495.5646723565,8802671.63402636,10039218.663982991,11280937.715160618
臺北市大安區忠孝東路三段１８０號,25.04145889,121.5389122,24867147.75222199,21605922.6358265,23299834.184011765,25041712.63220549,26804174.34717018,29465349.17932634
臺北市中正區臨沂街３巷１號三樓,25.04342101,121.530964,36988122.631903715,27471622.371753395,34774259.92232144,38114805.95377484,42577018.757214166,46752776.3027729
臺北市北投區中央南路一段４１之１號五樓,25.1322499919367,121.501450008481,14453219.556853395,11954017.594113108,13045680.852419643,14261938.84071501,15878296.765563268,17694347.45479334
臺北市內湖區民權東路六段１４６號三樓之２３,25.0688168,121.5895168,11338008.510837808,10225547.25611046,10658876.333197603,11345955.490076862,11945014.97268381,12511582.182883395
臺北市大安區仁愛路四段５０之８２號,25.03760062,121.5473785,9104496.179205772,6718304.89418193,9008487.35070543,10049041.971158499,10716441.014671698,11714263.385506473
臺北市中山區民生東路二段９３巷１９號七樓,25.0587399886263,121.531050028992,38681954.608875856,34647158.731613286,37019172.79399242,38704947.253511176,40602234.234766625,43317154.81140941
臺北市南港區研究院路二段２巷５４弄３號五樓,25.0486400048475,121.613000315434,15538363.455873646,12896585.533499822,14352001.120854951,16028151.17378528,17386834.114116073,18567601.803989757
臺北市中山區龍江路３３１巷３號六樓,25.0629800162571,121.541230018037,31211664.97281977,27845823.96326491,29660617.47427917,31671074.104683407,33343897.859207258,35407716.48823775
臺北市萬華區環河南路二段１４９巷５號六樓,25.03354399,121.493174,7671493.027963424,5704457.959276427,7087807.521600647,7935059.414431513,8615103.194626613,9267556.496681962
臺北市內湖區內湖路二段２３５巷２０號,25.08214618,121.5891462,78525008.35458341,61489918.42097989,66005434.62448717,72118788.08981709,84956229.77439307,121770541.76168297
臺北市中山區中原街２２號三樓之１０,25.0567399827096,121.528779958155,6217189.999233086,5243859.807294367,5837781.795965241,6210511.412504422,6648107.658445046,7652185.382168767
臺北市南港區園區街４２號八樓之５,25.0591600057945,121.612019968038,27886336.095893078,23523129.08397634,26205536.829058953,28757690.757280007,30829787.87713155,33657813.46105901
臺北市大安區和平東路二段４２號九樓之３,25.0255199917711,121.537230006204,21551106.688749585,17751718.12110038,20164436.4511649,22091424.943065,24000134.25631778,25713142.05472541
臺北市大安區金華街８０號,25.03035702,121.524772,105280544.94858938,84128965.28048982,94319759.66873625,104869888.83532217,117996580.21575232,131597398.20336586
臺北市士林區中社路一段１１巷５２號,25.1099400059832,121.562070027721,12224807.14678648,5219040.218632265,11543046.99383201,14944844.102255119,17202469.09015722,19197872.74042789
臺北市南港區向陽路２５８巷７號十五樓,25.0584899983641,121.595360013468,51397109.01772842,44730887.473975256,47747170.29270006,51823551.52323739,55398248.93665281,58820651.98665735
臺北市北投區溫泉路１３９號,25.13995799,121.512059,3477701.403757294,2987887.7220370835,3134222.453501841,3335666.8387893722,3638771.9646624113,4358263.905355313
臺北市內湖區陽光街８０之２號,25.07585102,121.585999,29108425.521836836,24708654.617765203,27620980.148024727,29700727.28734966,31133624.697605867,32950705.42676694
臺北市信義區吳興街６００巷７６弄２０號六樓之１,25.01845971,121.5704981,26723913.53381856,22191132.973704565,24386909.67917925,26456849.268397354,30133537.346639056,34905572.872707255
臺北市南港區中坡北路５０巷１５號三樓,25.04648438,121.5814262,12198672.90470799,7514291.991157932,10101140.631738655,13251058.787506392,15708478.145263467,16695984.998364544
臺北市信義區松隆路９巷３６號五樓,25.0447039034395,121.567415470114,31991046.925381664,25014964.731787488,29793659.855062936,32961364.207156,36462638.698284306,39660668.00077063
臺北市中正區青島東路３之１號六樓,25.044079998063,121.521440009364,39460026.30021935,24336186.684021026,36997326.488822974,45213296.5200692,49428428.63524842,53000768.01593125
臺北市文山區新光路一段３２巷４弄３號二樓之２,24.98943401,121.573129,13931814.325511608,10711648.718819689,13094284.72683413,14372882.187664751,15421792.889990497,17561781.54784716
臺北市中山區民生西路４５巷７弄５號二樓之１,25.058778,121.5210859,14588311.204992414,11821653.82766537,13420007.71462053,15160067.119799536,16654546.93795835,17825084.455809392
臺北市中山區雙城街１９巷８號五樓之１５,25.065328,121.524851,9604433.066670638,8505345.337915767,8855707.329540703,9485124.708819136,10242260.745654384,11217780.565144405
臺北市文山區羅斯福路六段１７０號,24.99481398,121.540947,64382530.61210131,48970570.545502074,57334748.21650439,64615548.948144235,71643244.11700714,85597585.48268189
臺北市中山區中山北路二段５９巷４５號十樓,25.0559699791744,121.524539972434,9685919.3226951,8179759.298238138,8946658.720204655,9776044.869204199,10704402.967879472,11553562.525396528
臺北市大同區寧夏路１１號十一樓之６,25.0599899818469,121.514740018879,11150114.627343655,8842225.536150562,10296156.931956777,11327477.783199888,12423829.898695592,13769376.73564998
臺北市內湖區文德路２２巷５９弄１８號七樓,25.0753600034282,121.580079971617,11451234.161539119,8661782.194127966,10066941.836650504,12038484.80032161,13345145.353271212,14734858.666271746
臺北市內湖區成功路四段１７８號二十一樓之２,25.08355201,121.5938529,68647882.61121836,59266092.32032538,63690666.013961695,67293527.89458205,72105550.83557181,82007986.50849201
臺北市南港區成福路１２９號六樓,25.0420600013072,121.587440036976,14344083.754055489,12308147.258153409,13337801.124414373,14484958.74524649,15573639.754703227,16525982.64906363
臺北市大安區通化街２６７巷５號六樓,25.025608,121.552549,47799053.16289747,35653238.92780391,44523567.97630455,50054532.83475935,54053925.57423963,58521234.59462871
臺北市中山區新生北路三段８２巷１６號,25.06702801,121.527004,16151702.134270502,14495367.227488134,15442103.838316023,16263752.817016577,17141749.803211074,18523211.23125054
臺北市內湖區江南街１１１號十一樓之３,25.0764799933305,121.576239970315,20814089.85641832,17536893.390105158,19539275.4051326,21241508.57569246,22599218.88713161,23956497.64541046
臺北市中正區南昌路二段４３號四樓,25.0324700000001,121.51856,27691471.529268876,22971918.076630324,25916665.581067786,28598360.122976862,29875009.340455234,31511937.84021583
臺北市中山區新生北路二段７６巷２６號,25.05738099,121.526696,7435159.1076102825,6237021.854797145,7009332.57099586,7788358.916870115,8275561.837589606,8652919.435239406
臺北市南港區東新街１６８巷１４號三樓,25.0460699876054,121.589789987351,18055113.537827875,16027221.914153514,16846530.90004051,17685980.86637304,19075336.9314998,21442802.534136068
臺北市中山區松江路２７號十二樓,25.04718201,121.533177,3521160.8417250095,2259203.787716843,2798759.640871439,3774092.7191131925,4409355.566118943,4996236.94596796
臺北市內湖區麗山街３３８巷９號三樓,25.0824399874929,121.573479977238,21872854.824233484,18865433.89414938,20284801.4300357,21851356.155154895,23819123.019055508,25685168.949001245
臺北市文山區萬美街二段２巷７號五樓之１,25.00352258,121.5629436,13190700.955752855,8795300.051523525,11722786.939245194,14371003.854249168,16008680.276479876,17520985.164793666
臺北市松山區南京東路三段３０３巷６弄８號,25.05232498,121.547423,21023495.947502803,17027071.576717425,18741535.207041256,21645357.273786437,24017142.105940767,25068927.666185774
臺北市內湖區民權東路六段１８０巷４２弄１３號,25.067587,121.592109,26208471.142415386,22603907.98123006,24143378.26994706,26417186.24143043,28654457.124308754,30295088.71137981
臺北市文山區景文街３號,24.99354898,121.541404,17187687.353308283,13480896.80560713,15398724.176593706,16863627.13761153,19411659.334760375,21841780.806930937
臺北市中山區林森北路５３６號,25.063898,121.525544,13767947.924543746,11286105.366563171,12657955.395050813,14042340.160387088,15216442.219957927,16376149.368855767
臺北市士林區通河街３２５巷２之１號,25.08151278,121.5177658,2357242.7712223325,1777465.3590567308,2059767.1451828144,2320344.263574311,2658435.049210328,3028729.1756757367
臺北市文山區羅斯福路六段３９巷４６號,24.998096,121.5424305,18706019.785947423,14337006.504082842,16195235.839341534,19107794.51810419,21835499.83434925,24044308.844746403
臺北市南港區研究院路二段７０巷３７弄１２號七樓,25.0458800117699,121.613610015071,21160044.0495279,16838679.832195353,19520490.207328282,22207233.2753622,23856937.33165651,25378902.056267932
臺北市內湖區內湖路三段６０巷３３號,25.08846221,121.5930694,53934352.342681654,47688523.42198369,50973762.908772655,54744912.047431596,58360478.70324455,61698734.80508021
臺北市北投區三合街二段４２２號七樓,25.1266899821938,121.502679968953,13100691.162032915,8864206.348147243,12465224.807048406,13903027.142154805,15123899.405815003,16686811.358542256
臺北市中正區廈門街１１３巷１號,25.02351802,121.517676,18410979.9717693,16007387.023759052,17005500.473718565,18179047.8532843,19730774.1539061,21799436.51101295
臺北市北投區榮華一路１０號七樓,25.1116600144243,121.52345996421,30790412.714238912,26142350.76179541,28343997.79333493,31422771.55363367,33935135.559753366,36308476.77931563
臺北市信義區虎林街２３２巷２１號,25.03637401,121.576874,18730238.241706926,15820242.098459778,17179669.217954945,18668551.626918547,20544261.962578427,22704132.49512788
臺北市中正區同安街７２巷１４號二樓,25.022537,121.519216,26272329.087677784,20723205.15194133,23845125.296601295,26697472.95157127,31091821.70076766,35552085.658364944
臺北市萬華區康定路１６６號十三樓之２,25.039449,121.501804,28296964.469425604,25142186.004830442,26483970.29436956,28274596.35541018,30062813.38579856,31688817.997558527
臺北市內湖區文德路６６巷１２弄１號四樓,25.0774199818622,121.581419986478,29959812.10763233,26269320.442757938,28352871.007226057,29968413.974393927,31750158.554667387,34204847.86584373
臺北市信義區永吉路１８５之１號五樓,25.04578002,121.572279,41606212.73970944,29129084.354684934,37624258.991991885,45069601.31117691,49441674.28268236,53689311.13296759
臺北市文山區忠順街一段１６號十二樓,24.9838600051514,121.558409985881,58428592.95413417,45939813.66964115,50018571.33483801,57184255.16564787,66297803.878089204,83313406.83561249
臺北市文山區和平東路四段６５巷２７弄１６之２號,25.007905,121.566944,28765686.411163356,21575673.598601237,26318793.54823733,29938629.17249078,33753610.093466714,39554090.76516023
臺北市中正區晉江街１７３號二樓之２,25.02117599,121.526799,13106008.478304086,11431759.482993241,12243629.608592972,13045458.704292482,14034512.845490312,15318559.11062849
臺北市信義區和平東路三段３９１巷８弄２４號四樓,25.020438,121.557443,2236174.9093708917,1611147.6724588862,1962328.6962645478,2220973.1401427127,2471485.107763757,2913094.986538798
臺北市中山區中原街２２號三樓之１１,25.0567399827096,121.528779958155,6807608.944445053,5580522.135714216,6213515.203255328,6873048.958935642,7660819.662799019,8286052.999587754
臺北市大安區安和路二段３５巷１６號九樓之２,25.0316500128394,121.553089991935,26017880.266663026,19953115.990602523,22728122.737487707,26445354.227579813,29639462.00146161,32709624.987969942
臺北市北投區天母北路１０５巷１５弄１號十一樓之２,25.124068,121.527441,9854692.62731591,6458089.776829347,8834516.612226875,10581276.017353103,11640856.69856906,12699614.746132063
臺北市中山區民權東路二段９２巷３號二樓,25.060949,121.531803,13437597.958572779,11034329.245770216,12783496.407682434,14327652.282998119,15982463.195806505,17411481.610871293
臺北市內湖區成功路四段３５８號四樓,25.0848699850425,121.600039965287,42861034.90594372,35070410.53191742,38414874.77153009,43372307.96970909,48885504.40815291,54728662.28148579
臺北市內湖區康寧路三段２１７巷９號,25.06848898,121.612548,15561432.162441725,11781481.515337821,14171009.953516679,15839319.228701625,17527104.07690499,19015618.753652357
臺北市信義區永吉路１２０巷２７弄８號三樓之２,25.0445399969092,121.570670028017,19711770.9274842,16655470.080340605,18117833.046898514,19752738.83217609,21630266.24603966,23474360.929482307
臺北市大安區安和路一段１１３號十樓,25.035128,121.552743,38735551.52667191,36050651.614485584,37623366.86826855,39458104.597526446,41001620.46707881,42739057.82348947
臺北市萬華區大理街１之１號,25.034589,121.503253,2215807.037093968,1189907.1513706946,2043142.8624409062,2422959.5567524796,2666080.7251491267,2945491.8737162836
臺北市北投區榮華一路１０號二樓,25.1116600144243,121.52345996421,30779736.57551538,26001152.31081833,28230266.366294656,31349527.072867088,33935135.559753366,36308476.77931563
臺北市中山區新生北路二段３８號十四樓之６,25.0546600134367,121.527269958298,13149024.316078061,10530259.229064127,11637922.504982246,13104794.209476072,15223010.306773365,17026578.806276057
臺北市萬華區環河南路二段１４９巷１號九樓,25.033603,121.493094,9763168.392973943,6190378.339696813,9101903.407603266,10477085.453735221,11567506.27501651,12569990.542587457
臺北市松山區寶清街８９巷２５號,25.05241702,121.568795,15464209.515055254,13136819.400457967,14113775.817189611,15056932.709125897,16673570.407250382,19185357.360022806
臺北市萬華區寶興街１７７號二樓,25.023230013914,121.495660041224,9084570.851835448,6435916.733061153,8624348.820098143,9656799.102746077,10485962.856585313,11281569.33603061
臺北市中山區伊通街１２９號十一樓之２,25.0543800159611,121.534939986437,10668909.828361178,8885789.640008606,9804956.896376543,10838772.5922788,11652708.552743787,12309262.288655963
臺北市中山區林森北路１５９巷４６號二樓,25.051380007086,121.526650032739,15382417.538250873,12974478.683705505,14341080.78792774,15588507.698190456,17148525.083252393,18741845.51030415
臺北市士林區雨農路７６號,25.09962239,121.5335532,7239830.967412528,3385029.716792321,4528185.911509758,6344834.661608966,12086666.609867387,17116980.59830346
臺北市內湖區內湖路三段６０巷１２弄６８之１號四樓,25.0890999962991,121.591559993844,7893169.248532588,5804475.013094998,6917908.408720785,8474024.169840923,9457223.630380793,10176017.351936812
臺北市萬華區康定路１０５號十二樓之８,25.039469993226,121.502059959575,17291981.699354082,13772548.283012968,16161690.340363443,17672031.03410353,19353218.068690747,20846939.401853085
臺北市中正區和平西路二段９號四樓,25.02809202,121.514225,38155340.99906218,29121225.268113747,33735387.05804236,39252237.37212266,45119639.30673875,47817280.530665845
臺北市萬華區桂林路２１４號四樓,25.0385100138553,121.496650027808,6572373.585249989,4646289.896403911,5452096.816025083,6692687.004335505,8042964.520568226,8648679.812870365
臺北市中山區農安街１１９號,25.06492298,121.529665,17217113.21951078,14532859.611832535,15740319.448479602,17407062.380232703,19131762.74944367,21362632.241043948
臺北市北投區中和街新建巷１０號,25.1402500156035,121.500920020743,8612423.998267937,6454122.083313407,7626189.259431428,8558591.4988682,9371086.061401831,11078957.276708417
臺北市南港區研究院路二段１８２巷７９弄１４號,25.03702998,121.613808,12443373.363290735,9248669.354903562,11440798.813436631,13107254.323725328,14372008.595685093,15217907.919106845
臺北市大安區忠孝東路三段２５１巷９弄１０之３號,25.0432200147972,121.542129982981,7060003.142204067,5220798.647609782,6172123.429533887,7058288.772930447,8377730.741094319,9918669.286838628
臺北市文山區汀州路四段１５８號,25.0047835,121.5352857,17572560.707953434,12898374.524330575,15772709.5010253,17981273.17362408,21209762.807962086,23969533.52921078
臺北市內湖區康寧路三段５６巷１５８號五樓,25.06725001,121.608725,60122686.606981784,51565263.59635212,56007124.10407591,61392226.84746587,65919881.322272316,68915512.48193824
臺北市萬華區國興路１巷８號十二樓之２,25.0234533623791,121.508505700339,10879290.338565009,9519151.590615544,10455390.694587242,11106411.679431695,11705629.168623831,12250643.131596211
臺北市內湖區內湖路二段１７９巷３弄３號,25.08190049,121.5876535,15805249.057057835,13967644.21608901,14758085.965744467,15863158.439116048,16783025.94174803,18009797.17760728
臺北市中正區羅斯福路四段５０號十樓之１,25.0148999947193,121.533689993217,21737557.842690878,16116002.415680297,20083203.673514113,22770241.715937387,25270645.07375883,27076550.374772295
臺北市萬華區中華路二段４８４巷８號十樓之２,25.026657,121.506697,11563915.69066454,6556648.850251071,7824539.442331195,11208342.886652816,17908021.348932862,20649202.223099828
臺北市中山區長安東路二段６７號,25.04855602,121.533981,2732426.045963343,2126867.4976301156,2420381.1704237717,2716656.70192267,3112765.8633016804,3630305.675989701
臺北市北投區自強街５巷１０２弄２６號二樓,25.1124899904767,121.511750026379,11276448.337091487,8388045.586252898,10244325.796656523,11568901.82400271,12964773.61555745,14909070.996756338
臺北市松山區延壽街３３０巷８弄５號,25.05568998,121.55953,52169367.51605788,47142591.84737538,50172388.9584117,53009944.402424455,55917229.7700645,58484909.92560674
臺北市內湖區南京東路六段１６０號,25.05556601,121.579395,39299417.64969919,26330015.583218746,32458226.760262154,41574812.90882403,52439611.34160818,59146967.34396166
臺北市萬華區康定路１６６號,25.039449,121.501804,26987326.404134795,22803810.82072677,25413388.279411606,27464975.65447907,29271549.270780865,31055045.771058157
臺北市南港區舊莊街一段２９０巷１弄５號四樓,25.03682999,121.623836,7261375.8563841265,4804927.695911957,5694890.79239343,6844443.987445336,8899451.45794668,11337452.082491122
臺北市南港區重陽路１號九樓,25.0555399875415,121.596010030059,37451789.86694327,32947791.585800916,35902016.03824975,38022966.41978194,39777662.36984964,42822761.92407679
臺北市中正區杭州南路一段１０５巷２３之２號五樓,25.037113,121.527069,34774964.52661087,29389223.547096148,32942305.73382119,36027455.034043334,38475428.31882875,40592277.15482548
臺北市萬華區萬大路５３６號,25.01859679,121.496609,12647916.403925575,7392530.8030830575,10383758.789886747,13110009.630181773,16618269.289742203,19614145.28644882
臺北市中山區民權西路６３號九樓,25.0630199979353,121.520350026675,62311739.65326293,52527731.054521024,57509749.36452776,63144902.78607483,67469150.2232138,72149656.17155157
臺北市中正區水源路３７之２號十二樓之１,25.0186032,121.5239452,46700141.34702061,41499180.21842694,43326324.06794226,45875900.174172685,49220001.97446193,54662791.79140635
臺北市文山區保儀路９號七樓之１,24.98867398,121.568653,33060825.281725284,28197283.66860856,31109674.519753598,33320847.57916272,36280889.376265,38630192.933979064
臺北市松山區光復南路５７巷２５號六樓,25.0459699915005,121.559029995258,23597560.368156455,20391659.24889085,22255128.066317763,23937222.932827547,25381483.350178394,27060479.680573627
臺北市文山區羅斯福路五段２１８巷３８弄１５號十一樓,25.002739990597,121.537179966242,10123109.13117571,7981843.343511406,9235061.980638979,10305750.845844734,11416231.425200006,12839202.600867936
臺北市文山區景興路１５３巷１９號十一樓之５,24.99400001,121.546,16695947.900476228,14488299.179587614,15488626.545400627,16861100.405854516,18112616.12863332,19162213.691761527
臺北市內湖區成功路二段３１２巷４３號三樓,25.06729401,121.588554,17131264.24597162,15278887.69758775,16394020.270411089,17271313.692060534,18197860.510911874,19692619.61736986
臺北市大同區環河北路一段７３號十樓之３,25.052817,121.507484,8551110.75236989,7170446.162206832,8007806.630463626,8618555.9403695,9291718.152421677,10058618.590262756
臺北市大安區仁愛路四段３００巷２５弄１１號二樓,25.0358899985607,121.554980027282,41162113.85885393,36927525.28897165,38400687.391400695,40177461.63425871,44367205.27993512,48214281.50626078
臺北市萬華區康定路１０５號十一樓之１６,25.0392682,121.5020232,18543961.28967752,15814929.223496964,17294102.989845697,18825391.16960824,20248978.759952404,21352602.518667266
臺北市中山區松江路１６４巷６３號三樓之２,25.0557100144474,121.530560022933,15709007.752721805,13959155.277119238,14767244.304407084,15732433.598856553,16433397.76463867,17804867.11454653
臺北市松山區光復北路２３０巷３號十六樓,25.0559600047096,121.554249963516,34075199.254396,30892071.290772356,32546240.94979731,34349902.147361636,36361970.92355207,38023478.11652434
臺北市南港區重陽路３９巷１００號七樓,25.05737089,121.5942176,35249229.75420795,31144083.462770414,32765322.156828873,35917114.26924913,38272408.89337875,39717647.376007825
臺北市文山區指南路三段７３號七樓,24.98292299,121.580295,11151429.857942343,8689472.57715458,10535521.435864266,11805023.301737325,12615606.101546638,13445567.508842077
臺北市萬華區民和街８１巷９號,25.025184,121.498166,21618145.084943213,17738062.60930256,19932506.461386107,21767103.748717967,23333883.151117194,25872073.032679606
臺北市內湖區新明路３８０巷６弄１０號三樓,25.0553899933842,121.579890037691,8049550.075990249,5238435.059210356,5966573.8111819755,7526363.858558334,10977710.061431143,14587704.478388572
臺北市松山區民權東路三段１０６巷３弄４４號,25.061137,121.548668,22038133.221213877,14396744.113204563,16994177.244305726,23274239.420053907,28423496.77182114,31669389.488490097
臺北市士林區葫蘆街１３５巷１１號五樓,25.084799996151,121.50795998122,11261478.742481656,9063137.775590977,10249598.654994318,11688346.231468076,12830051.62444587,13729454.608770095
臺北市文山區興隆路二段２１７巷８之４號二樓,25.00218188,121.5493808,20820772.156316716,16988218.537132416,18955889.394755673,21604715.31331009,23301227.64697593,24947994.693864197
臺北市北投區崇仁路一段１６６巷８號三樓,25.1228200155882,121.502219970106,26310268.880970277,20882152.760853797,24461893.404843885,27350346.542257443,29591892.534316227,31494066.0414791
臺北市內湖區麗山街７２號二樓,25.0826900196647,121.579010021677,17879435.51633976,15958016.328458853,16804737.5771886,17909536.840891954,19154339.725241054,21425632.172740802
臺北市北投區珠海路１１號二樓,25.1418900187788,121.506029964195,9074347.724145116,6218326.760180792,7622699.438496409,9194654.843497511,11176547.95173511,13280527.75952934
臺北市萬華區萬大路１４７號四樓,25.028736,121.5007,5849917.376508555,5028875.973477293,5453744.74987572,5921820.917689966,6337419.142811295,6846450.4723058585
臺北市中正區博愛路７７號十五樓,25.0436199992167,121.511609964777,115333010.73956004,99453169.94703473,106688303.84476301,117395996.92954901,124698315.20817477,129832112.58217618
臺北市中山區德惠街１６號,25.06659999,121.524068,6912318.698923372,5503391.660443512,6395614.852124568,7189997.476339646,7831473.939994978,8517078.078144364
臺北市松山區東興路９號七樓,25.0503999949668,121.565539967998,31668853.557492424,26629426.49598484,29493533.782478414,31904426.704578258,35071241.946832255,38230363.924025305
臺北市北投區公路２９２巷１５號,25.13289,121.50253,22154804.47582479,18630092.923714846,20448621.89117221,22393471.329505697,24692077.888216473,26786052.059449993
臺北市信義區虎林街１３２巷８６號三樓,25.04046099,121.57416,20336516.468371667,17728214.218880795,19332953.215073787,20827044.680302043,22055846.759724364,23245104.9690233
臺北市中正區水源路７７號,25.02114699,121.519977,36028973.49263923,29757962.11206801,33914453.86176238,37237263.67279474,39658866.97825322,41800817.43405643
臺北市文山區和平東路四段２９５巷７號七樓,25.001249981579,121.573089967283,31138073.925859038,25597657.084993884,27725169.748579726,31107073.782783315,35932158.98140039,40085148.006111816
臺北市北投區稻香路１８６號,25.14401267,121.4879366,16077343.781277673,13728488.109660892,14735241.211731005,15657136.735335,18217980.649941094,20337143.787789173
臺北市中正區廈門街７１巷１２之４號,25.02474802,121.518696,12038065.699797738,8955439.894588217,10796662.53300633,12307844.261626309,14155077.179182397,16108126.290863944
臺北市萬華區萬大路８５巷２０弄１４號,25.0300600077166,121.501770029544,9601577.072538305,7546178.921106531,8861194.43657478,9921152.867760457,10971079.163573334,11909691.913566962
臺北市中正區中華路二段４１５號六樓之１,25.0257699820333,121.508419980066,16068349.423374264,8986403.47188254,11935511.042332951,16901293.308940254,22240541.117049776,26235456.849367965
臺北市信義區信義路五段１０９號,25.03299354,121.5665155,22027114.123114344,17970639.71863383,20280229.301711664,22625123.759274997,24336925.12151025,26174167.31508966
臺北市大安區忠孝東路四段１４８號十樓之３,25.04129398,121.549941,19127320.348183796,15577859.832876861,17774772.902389783,19563277.05120235,22060993.76288876,24380358.911242448
臺北市大安區通化街１７６巷１０號六樓,25.02775498,121.552756,34535901.967365034,30687380.225927025,32884352.51044698,35110235.786484286,37466176.55505324,39097359.822068654
臺北市大安區基隆路三段６號,25.02067001,121.548073,25452257.643827677,19796045.247085877,22274037.22864504,25739913.97225758,29786779.441569973,34390420.148519024
臺北市內湖區文湖街２１巷９４弄８號五樓,25.09032698,121.560749,17473412.09782381,14378303.83881755,15831436.451389296,18046487.647696618,19640194.781191118,22071467.7365811
臺北市士林區德行東路２８４巷７號五樓,25.10976399,121.536346,16535732.486283226,13247580.78925264,14879495.595188964,16774143.550768945,18500766.683416266,19765228.471404914
臺北市士林區美崙街６２巷２０號五樓,25.0976499985427,121.522720009798,16957223.541114297,13381078.660706654,15373018.636319667,17642131.751426984,19324225.348958272,20562068.09247666
臺北市信義區信義路五段１１７號,25.03334999,121.5739149,8882793.783162262,6640653.565473221,8169022.165197636,8895415.043485016,9802930.5419659,13506952.975736508
臺北市松山區延壽街３３０巷８弄８號八樓之１,25.0559299974963,121.559269969146,48446166.12956239,39830988.85216504,44535525.246897995,48575848.354631595,53760429.698156625,60652794.90335846
臺北市士林區福港街２６４號四樓,25.0836600154097,121.51753001917,15862181.915309412,14196944.798158148,15182205.376799837,15991299.737402089,16615802.559404282,17605359.9445683
臺北市中山區農安街２５７號三樓,25.0647799880546,121.535390010819,18609246.97137285,14370850.867013702,17718924.060656074,19605528.122250795,21442518.50067658,23112362.078369964
臺北市萬華區長順街４３號四樓,25.03088102,121.491843,9956918.320126746,8341523.528270985,9183311.495552108,10097133.54799357,11028462.79397779,12210527.610192224
臺北市士林區延平北路六段２５８巷３６弄３號三樓,25.0907200086353,121.50397002767,2244033.415086536,1275599.6090859582,1824350.4329448133,2213644.106806602,2697033.6227978673,3579705.5098892692
臺北市文山區秀明路二段５號,24.99203898,121.574446,48497912.347084865,41401928.34170827,44841208.555405006,48427623.24704761,52037214.64074794,56696118.72139128
臺北市萬華區萬大路４８６巷３７弄６８號,25.01982801,121.495762,8122469.531622381,5131689.524622867,7722747.138223244,8739887.19512032,9510718.788013749,10349891.846061764
臺北市中正區臨沂街３２巷２號,25.039623,121.529612,14603214.681871047,12189481.211196434,13522774.828649621,15196409.543741828,16305422.335864175,17373518.80417833
臺北市中山區雙城街４３巷７號七樓之８,25.06755301,121.524802,4635937.319241507,2675915.630985052,4041403.161255149,4835898.1070636865,5820814.3359914385,6758445.494116331
臺北市中正區羅斯福路三段２４４巷９弄３號五樓之２,25.0176477433969,121.529939374438,29090237.143314693,24070690.332436748,26419008.585031707,29183544.644695725,31913188.510557503,34955701.60362951
臺北市北投區中央北路二段４２巷１１弄１６號,25.13780602,121.494943,14210606.531496594,11047352.417109475,13751459.440825896,14774255.661062907,15900833.37838188,17137539.05700886
臺北市萬華區萬大路６２８號,25.01694979,121.4955557,18133102.50475549,12248260.471735973,15685820.036901655,18751735.080629654,21690549.143788677,24207570.517393444
臺北市中山區中山北路三段３９號七樓之１,25.06603799,121.522533,4947572.86635763,4330182.188651529,4643481.57396205,4933030.674344863,5392389.234229593,5918433.505714456
臺北市內湖區康寧路一段１４１號五樓,25.0793300080482,121.594099961964,13945117.837322913,10007061.126223506,11980174.114330545,14736363.677074675,16800707.33424246,17845346.603272174
臺北市信義區林口街１０巷８號四樓,25.0369799812497,121.579760034373,18746397.5522685,15707830.334582446,17161473.029565174,18849540.746676456,20945961.96482284,23982019.25503862
臺北市北投區中山路４７號七樓之２,25.13876298,121.511686,3282304.4931993624,2956886.34427736,3076562.88153755,3242282.885562267,3462162.7992664333,3667426.7195311724
臺北市北投區中央北路二段３８１號二樓,25.13821598,121.487209,12263091.228525557,10507948.637513448,11453412.113544645,12304124.994769815,13460680.667290729,15028535.459707893
臺北市大同區民生西路３２３號十樓之３,25.05704701,121.511926,11396145.223159328,8990703.229349008,10224808.627648009,11561225.141334591,13103139.771679837,14579024.039126959
臺北市內湖區環山路一段６９號,25.08628598,121.568468,15421886.282492032,13970538.258488443,14845699.08977707,15648560.525661945,16380940.060054312,16772073.884506838
臺北市北投區泉源路５０號七樓之３,25.1409900119253,121.509399992185,21790592.39289287,15837281.822914016,18252699.101408333,22629390.972023793,25882348.955726363,27920405.094925717
臺北市信義區林口街５２巷３２號,25.03862899,121.580569,17307747.612575136,14859950.925767858,16244991.869106757,17538310.00021145,19021393.718897108,20516473.800655454
臺北市南港區三重路４１巷３７號五樓之１,25.0607300200782,121.612839969626,47785830.304303914,39627419.36781521,43227459.19062214,48156381.1289532,52924961.50128084,58562085.92887445
臺北市中山區新生北路一段９０號十三樓之１,25.04776401,121.529611,17173658.87049563,14385289.697789157,15695401.707992025,17128730.86220138,19198911.678723,21055303.409009736
臺北市內湖區民權東路六段１２３巷３４弄２３號十樓之５,25.0705099827938,121.592200035971,34342510.45802717,31016980.735873327,32334510.691125773,34488060.830620274,36567300.0968171,38008927.35446773
臺北市內湖區內湖路三段７２巷２５號三樓,25.0868399837459,121.591569968309,16653172.672214847,13904396.4219489,15640949.123770423,16900915.335727386,18066270.1958002,19209755.363182694
臺北市文山區羅斯福路五段１９２巷５弄１０號,25.00321202,121.53786,4553675.753041972,2933870.2225228683,3768802.089042651,4443646.327149192,5549515.320956012,7264889.83949365
臺北市文山區福興路１０８之４號四樓,25.006668,121.549188,11096498.435285661,7616765.418332904,8618058.944036238,11071416.843546849,14133992.748843681,16735948.182347804
臺北市士林區中山北路六段７２８巷６號,25.11456501,121.528173,16968152.50118044,14834422.196335122,16217313.0582006,17509609.77111584,18476290.10955258,19937728.381924134
臺北市萬華區長沙街二段９３號十一樓之１,25.0405000033977,121.504479982659,20530652.554240793,15283910.099169705,19202757.001119375,20980326.328786835,23125365.46377828,24921047.794627383
臺北市松山區延壽街１１號,25.057411,121.568607,4125603.868569644,2651248.0040343213,3559041.21572632,4291657.038362454,4927170.634355211,5839311.758689101
臺北市南港區東新街１４６號,25.04641591,121.5896764,45622766.05104908,39622158.540833585,42908485.44846909,46041602.93572734,49784208.897653624,53398956.90001569
臺北市北投區中央北路一段１８０巷１號六樓之３,25.135991,121.497976,13139183.148743648,10298377.355603967,12069597.999423187,13570410.107116772,14671581.325390017,15923642.207611887
臺北市大安區安和路二段２０３號九樓,25.0264199986246,121.550130006648,20486062.742811866,16364154.848976705,19088882.761619262,21392555.25762691,23052670.06087465,24249592.95915811
臺北市士林區承德路四段４０巷１２７號,25.0818900089161,121.520439964496,5724994.868681269,3909711.087124396,4719514.994532377,5425949.1741544735,6770349.880171832,8805802.361619899
臺北市北投區石牌路二段３１５巷３７號,25.12397068,121.5220981,58759805.88226274,48390243.92316742,51983964.54655947,57256792.170141056,63556916.3077922,70310993.56930578
臺北市北投區榮華一路８號十樓,25.1122799818927,121.524019959161,43810013.23052195,37856027.860664934,39969374.51571774,43120130.48445971,48298504.290907845,52346177.81736183
臺北市中正區中華路二段３１１巷４１號,25.02908498,121.506685,4923414.219643664,2764660.0657344693,4264756.713222972,5294576.054780491,5937558.288404949,6637069.561850371
臺北市文山區辛亥路四段７７巷８０號二樓,25.00854932,121.5604902,22869097.43436525,18975850.641628154,21555025.99806525,23609111.798407845,25510994.882934682,27452454.350762278
臺北市萬華區成都路１０８號,25.043628,121.501916,5998961.659500543,4848515.634967981,5402074.034771417,6016678.510854238,6704272.043802614,7439877.007201601
臺北市大安區潮州街６０巷１０弄１３號三樓,25.028232,121.523233,33671069.9765092,29453053.741266116,32174287.85337902,34254731.71606068,36186622.71399981,38896981.48192934
臺北市信義區基隆路一段３６４巷２０號,25.03514602,121.559255,9788518.806876916,5974356.599760375,7320793.384222156,10183488.429089623,12449889.843526158,15968034.163553031
臺北市中山區通北街１２３號五樓,25.0837999931927,121.538189985574,43312088.694298044,28827039.264284357,39190423.95331016,45784951.32383037,58983512.9725654,65907585.847475536
臺北市信義區和平東路三段３１９號,25.02133499,121.556098,30821464.790692043,25682370.372037124,28600829.89999885,30480258.568253003,33787778.25574676,36795112.656469025
臺北市文山區羅斯福路五段１７６巷３弄１號,25.00406999,121.538125,15702370.585550914,13782054.753286319,15097381.341885552,16054300.056925915,16877647.584325764,18180466.57590247
臺北市中正區臨沂街５０之４號,25.03627301,121.528399,26868889.34575264,23244543.100798286,24811431.191592857,27102140.3852956,29114558.68318729,30627539.603614245
臺北市北投區溫泉路６５巷１６號十樓之３,25.1359126321673,121.504417956576,6907556.295605021,5356312.285680509,6209526.5944554545,7072697.816841341,7836520.343904443,8398387.81129716
臺北市松山區南京東路五段２５０巷１８弄４號,25.05005701,121.566359,25155450.221919656,20479010.540682457,22280636.539444514,25052149.706538208,27750738.64206248,31993910.08771703
臺北市北投區磺港路１３６號十三樓,25.12934499,121.50251,44935405.61055357,36904774.14128187,42223032.406429455,46028567.515614964,49981302.843123645,53710030.493146196
臺北市信義區和平東路三段４３５巷１號,25.01916999,121.55845,15868417.986737223,14183435.291698877,15266148.674050555,16130837.868777858,16794143.29575076,17487244.450537443
臺北市中正區三元街２１７號四樓,25.027650001006,121.513369996805,9323191.532128215,7520869.161645025,8431025.349523904,9516451.919124035,10721062.597908888,11518773.87782789
臺北市文山區育英街１７巷５弄１２號四樓,24.9901900184295,121.539109983267,16769094.886722023,13937451.908427985,15190648.939475965,16811290.84671347,18352556.346691556,20437261.191166993
臺北市松山區復興北路３１３巷８號六樓,25.0588600174798,121.545079993804,41877594.277793586,35319088.57556859,38219563.52342054,41919857.1827522,46699507.783917524,48986051.36333968
臺北市信義區仁愛路四段４９６巷６號三樓之１,25.0370599865155,121.560260039549,15901277.967954215,11582414.370490292,14527552.015270054,16856161.89717049,18634957.449861724,20551482.46768197
臺北市松山區南京東路三段３３５巷２３號三樓之１４,25.0534300110552,121.547630020207,3981315.101950173,1806525.8437256564,2301001.9083740385,3356688.6494014156,8589557.457536712,9644640.961132945
臺北市中山區南京東路三段１９４巷３號四樓之３,25.0517542685367,121.542715071957,34763838.14043019,30770448.39271205,32440404.031069946,34595345.44089973,37628665.48991677,40758209.15853489
臺北市信義區吳興街３６４巷２０號,25.0246699829701,121.565710036813,14974786.25587164,12851606.562880367,13903760.241108788,14905756.485334199,16234302.276708897,18412615.190876015
臺北市內湖區康寧路一段２５３之３號二樓,25.0787299895094,121.59783996716,20732836.763054214,17749320.52289626,19426679.86429866,21034865.267297566,22740481.046042483,24767957.15266449
臺北市內湖區安康路３５０號六樓之２,25.0659299851702,121.61217997857,13246743.993652202,10870996.006831575,12002023.168197071,13169487.54248546,14404214.348177765,16732471.146583103
臺北市萬華區萬大路４８６巷３７弄６號,25.01993601,121.496146,6023917.057775559,4460280.562435582,5153701.547462591,5848399.876732889,7215685.812646685,8376744.18612885
臺北市中山區新生北路三段２６號十一樓之１１,25.0637099962047,121.527399961617,12789593.647642177,10580549.63887595,11647384.412420841,12842983.366241507,13944961.454947673,15689207.333774092
臺北市北投區行義路１０巷７號二樓之１,25.1245600148684,121.526550036635,18412232.24412636,14734905.219960697,17234471.536519267,18877133.454035148,20871003.331430994,22556111.00488582
臺北市士林區仰德大道一段９１巷７弄７號,25.10779298,121.538663,8559500.204354381,5370746.995295973,6867791.237391096,9108804.534182006,10666173.3257141,12508825.504855338
臺北市中山區吉林路２號六樓之１,25.0573100637638,121.530263268496,77005783.71779247,60856228.40206863,66168181.129301496,76632342.04433545,87132210.37721954,102116099.3284545
臺北市士林區社子街６３巷１５號二樓,25.0880400208235,121.506969994636,12851550.250853509,9466932.236254226,11604557.137414616,13385758.810290556,14680408.364914643,16257585.557757227
臺北市萬華區環河南路二段２５號,25.039126,121.497685,21840227.177639462,20199649.04312084,20896072.020198002,21808660.613204427,22711643.479548343,23465930.032165997
臺北市中正區泉州街９５號七樓,25.0268299994184,121.514310027247,14396127.099775502,12247947.342519144,13220489.237065092,14471572.262450296,15762425.684376368,17542691.633935936
臺北市中山區長安東路二段１１３號,25.04868409,121.5353812,63024757.691917844,52752597.83183789,59448830.6852259,64500912.98734767,67687660.08438824,71752076.20027988
臺北市信義區松智路３２巷８弄８號三樓,25.029757,121.564582,117921409.55769688,91819489.57323253,103792839.0841384,115132400.59533334,132449241.3665926,159450300.91267312
臺北市文山區仙岩路１６巷７０之８號三樓,24.9962300178577,121.550230002753,6684591.202204509,5298377.510409262,6015271.565511873,6746353.16533728,7538331.46763335,8435495.86026348
臺北市信義區中坡南路８６號,25.04124201,121.585142,23404292.712520383,19805315.825961273,21716672.78659536,23693352.08200464,25778025.05771233,28933033.571710564
臺北市中山區建國北路二段２２０號,25.060834,121.536567,64523406.28460121,55137782.23734726,59904389.428405076,63102451.60318655,67122530.21632178,81066182.0729309
臺北市南港區研究院路二段１８２巷７７號五樓,25.03674801,121.614073,13518688.507158319,11351834.905707601,12776789.932413464,13800109.85603065,14866145.409656132,16108024.383976156
臺北市萬華區貴陽街二段９６巷１２號四樓,25.0393099826944,121.503169975012,15181729.986102933,10389723.281706965,13406336.875752714,15489925.650086263,17838420.621581286,20900577.58816178
臺北市北投區大業路２８０巷２３號四樓,25.127650003474,121.499410020886,12911921.824785272,10562388.97716362,11784798.388694396,13250140.155020125,14310438.297889257,15439053.079785502
臺北市中山區松江路１３２巷５之１號二樓,25.0528499833554,121.531929961188,12330118.895374663,9685088.369015483,11295177.277383868,12640541.770190366,13923590.250011394,15502324.850527141
臺北市中山區林森北路５７５號六樓之１４,25.06507801,121.525813,9759059.974363083,7744623.756089541,8719447.478911115,9850392.282562511,10765433.53882341,12047360.113328546
臺北市士林區磺溪街２１巷１６號,25.10626701,121.522501,22493000.87041775,19096836.904725652,20979802.968496326,22476820.092669047,24948089.127404787,26605955.72571999
臺北市內湖區港華街５１巷６號三樓,25.0833200035073,121.57556003033,9152977.945162471,7135832.610804301,8832523.927389149,9678790.70209668,10642007.058536576,11760981.474328414
臺北市文山區辛亥路四段２１巷１４號十二樓之１,25.0086600030813,121.558950031902,8851245.677433489,7389244.688295112,8107063.893341239,8873617.083623743,9758042.42841712,10683184.329915002
臺北市萬華區國興路６號四樓,25.0258400128343,121.506930012958,11294001.991565278,9996947.823134243,10858891.34655223,11421710.853054464,11900060.88551842,12549049.666036125
臺北市萬華區康定路１０３號十樓之１２,25.0394800096003,121.502019977897,18641259.260519255,15662296.721143888,17123490.722951744,18791060.19325701,20717656.69463085,22540823.48520209
臺北市信義區信義路五段１０１號十八樓,25.03299354,121.5665155,80754067.37314858,53581314.97946395,68060659.53456415,86775173.82630676,95493450.4510884,106696539.08094545
臺北市中山區雙城街１３巷９號四樓之５,25.06417201,121.52485,40135043.47864794,35291393.590942755,37346309.70052986,39605451.30155395,42675973.32328872,47739793.64882757
臺北市萬華區康定路１０３號九樓之１,25.0394800096003,121.502019977897,11861908.760730034,10816304.904642029,11254476.362478176,11782628.733585486,12356360.515659768,13020579.499202374
臺北市大同區承德路三段２９７之１號,25.075453,121.520469,11568665.22667917,10447212.314960536,10963946.229484033,11548399.665982245,12116039.463812906,12704256.996974884
臺北市萬華區寶興街６８巷２９號四樓,25.0259200181001,121.493519973705,14044015.030099284,11509842.342503738,12681066.614489544,14055486.794311104,15945681.385427872,17432739.61987611
臺北市大安區新生南路一段１６５巷３１之９號,25.03424149,121.535263,23296828.55907434,19302202.79199004,22042139.96505273,23950457.571692906,25720835.316278424,28037425.095853977
臺北市大同區興城街７０號五樓之８,25.05928498,121.51738,27433715.853978835,21698253.18879731,24164745.648587856,27657793.503913168,31819869.01843992,34971712.25077123
臺北市南港區東新街８０巷１０弄１６號,25.04532702,121.586754,23871148.856277324,20581394.228793863,22113559.125282932,23887928.27590498,25813397.49118542,28678879.70127116
臺北市北投區懷德街１４巷２號四樓,25.11150298,121.519608,20120623.4167632,17548151.044111922,18919686.23040331,20302070.926779184,21525493.03931114,23035039.405439757
臺北市士林區延平北路五段２８５巷８９號二樓,25.08437738,121.5069839,11930829.76627225,10455813.69210559,11166663.200223215,11911116.132978998,12865424.545429949,13527699.979612838
臺北市北投區清江路２１７號,25.127024,121.501836,10128520.609571084,3422464.183797079,10043021.497666026,12304647.918509312,14289247.893320555,17446455.792968057
臺北市內湖區康樂街１８６巷２弄３號,25.07603198,121.620214,9167077.889201257,6396569.917927573,8127219.56180997,9474056.317343757,10991331.936447095,12534946.511040548
臺北市大同區延平北路三段５號八樓之１,25.063545,121.511289,26905318.816705484,22795482.3456923,24704464.718486685,27130274.35574048,29386928.347100683,31899223.82670913
臺北市內湖區內湖路二段１７９巷６９弄５號,25.08587699,121.58413,56594898.923307925,45644845.84314568,52192729.23664509,59801708.97565351,65459086.53094573,69045469.61146939
臺北市信義區永吉路２７８巷４２弄１５號三樓,25.0443099974861,121.573549966129,15795271.09500752,13778676.322372144,15391369.61182327,16348254.96380583,17429786.300447535,18638157.076705445
臺北市松山區南京東路三段２５６巷１９號,25.050919,121.544642,23195910.585000183,16608466.470836302,20244647.91583635,24464284.45977906,28153546.750876613,31236188.409945294
臺北市萬華區民和街１３號十樓,25.0249400059809,121.49643000285,18678614.57784125,14252828.81551653,15857600.065730939,19317977.622965287,21528815.546176214,24121550.679972585
臺北市大安區文昌街９５號四樓,25.03277101,121.551861,34843792.659477554,24319615.248289168,33809181.42867644,37400832.45635508,39725691.35654687,41734856.31744838
臺北市文山區福興路８２巷１弄１６號四樓,25.0066900043779,121.550550023816,9496382.542450827,5642521.997091977,7860988.881422342,10157025.400758304,11601875.666114962,13591800.802532092
臺北市中正區汀州路二段２０１巷２號三樓之１,25.02382701,121.522522,15253741.461661808,11054368.954516632,13109419.082237063,15396209.749910709,18013428.453988172,22337698.658821378
臺北市文山區新光路一段９５巷１９號四樓,24.991229,121.574428,13679287.91270501,10639257.914894298,12906300.944992151,14146221.07843928,15185548.45965655,16341114.356603922
臺北市內湖區康樂街６１巷７９弄１１號五樓,25.0710999849584,121.620489965016,23386250.385866567,17502819.52202154,19907045.196005505,23512018.23338107,28177863.8455136,31049609.818537794
臺北市中山區明水路６１１號,25.082392,121.550891,100725723.32094651,78187758.14437753,84805116.01331538,100660214.96871926,112902672.15679401,143249818.71245474
臺北市北投區復興一路３３巷２號三樓,25.14014859,121.5027096,15104116.098376231,12271314.387929097,13896982.190824393,15227716.271260897,16998539.437522117,19088459.866236743
臺北市信義區信義路五段１１５號十一樓之１,25.0336299860075,121.573890019941,15320999.52859466,12685667.120964982,14151426.89975027,15553828.040980034,16936106.32013764,18001714.77677115
臺北市士林區福港街１２９巷５號,25.08810301,121.518415,6722415.385254669,5114386.717493693,5823816.257466378,6572346.003973409,7938719.586892589,9214964.119603653
臺北市內湖區成功路二段４９８巷６號,25.07343598,121.589363,15307470.255826218,11583449.199249612,14618993.776016414,15892435.23350992,17091162.24859566,18033988.200529385
臺北市文山區指南路三段５７號,24.983449,121.580086,11323470.68658242,9181776.930386988,9992929.350474915,10950504.338112455,12900635.349300906,14720006.18785982
臺北市信義區福德街２３２巷１６弄１６號四樓,25.0390299852188,121.58476998172,14584937.636268882,12823934.071661977,13860533.175723195,14885540.554178497,15951258.133534422,16915444.593166087
臺北市士林區社中街２１０巷９弄１６號,25.09167399,121.508291,11381169.031051043,9719895.153376896,10596518.045636682,11489066.413530087,12415647.354213132,13137026.488302678
臺北市松山區南京東路五段２９１巷４７弄４１號三樓,25.0536999921565,121.567300000026,19613678.584218938,16820955.98150147,18364365.252945893,19668810.51518146,20988643.708573222,22484437.13874206
臺北市士林區重慶北路四段２２２號,25.0858689,121.511468,7587938.62157168,5431625.273659462,6945832.254810936,7950661.979393923,8873658.770956827,9622134.429843253
臺北市內湖區康寧路三段２４９號,25.066674,121.611399,18702326.96584533,15210332.790186347,16994711.445568286,18966217.862830997,21004725.01282639,23024182.53211164
臺北市大安區和平東路一段１７７號,25.02651702,121.532223,21404306.13366017,18167845.73884162,20168252.840668544,21924667.50455878,23315099.276660465,24643921.140474822
臺北市大同區庫倫街１３巷３弄２１號三樓,25.0727199972946,121.517939978055,17435300.06354527,15716811.74233329,16576597.096472884,17305348.957480002,18308266.66464864,19543683.282154795
臺北市內湖區大湖街１６０巷２６號四樓,25.0819400069685,121.601400012896,38950964.4281258,27861627.03605821,34427785.20726406,41652952.50270645,47279088.190564536,53694558.687591456
臺北市松山區民生東路五段１９０號,25.05868199,121.564245,8975968.538111586,7568236.866521404,8253052.347614971,9020600.163572105,9985928.134342114,10442318.629371442
臺北市中山區新生北路二段９６號,25.05913599,121.527228,6043554.546556772,5220242.381089684,5835020.9000115665,6185864.88015078,6441010.545012396,6833852.356557382
臺北市大安區和平東路三段４６４巷６號六樓之２,25.0170300039542,121.559929960202,24720963.841946043,21610072.376527406,23508615.46041517,24960815.41224838,26705683.233122088,29744846.43141067
臺北市北投區永興路一段３６號五樓,25.13920299,121.500281,10053961.09102051,6017373.32596357,7727114.744396818,9853415.758241028,13797947.26025245,16297572.624508062
臺北市北投區新民路５７號三樓,25.1404899894914,121.511130017001,13799782.81447994,10843039.205338178,13442347.914577305,14369511.590738539,15080288.92712723,15816770.701512134
臺北市萬華區康定路８２號七樓之５,25.04206201,121.502225,31675470.584717926,28400869.235362586,30647493.599876486,32230226.438611552,33515274.04511242,34675898.28192278
臺北市松山區八德路三段１２巷５２弄１３號四樓,25.04602301,121.550077,25392110.153263196,18008047.932977576,23595669.420172278,27436805.402689658,30224375.51696849,33427689.651853275
臺北市信義區松山路１１９巷３０號,25.047301,121.579549,23076448.726469524,19715851.125717364,21509772.565845605,22961660.845150646,24705827.69518803,27809219.301718123
臺北市大同區西寧北路７１號六樓,25.0551500194963,121.509009982231,24580975.11480593,20545566.761237755,22587244.537652984,24863413.65219271,27001352.022405952,29668337.85002801
臺北市文山區汀州路四段１９１號,25.00418201,121.535736,52793505.35626566,43847381.03796474,47727788.86428648,52997461.44478647,58591201.00941855,63410362.66513032
臺北市信義區基隆路一段３７巷１之２７號,25.04776301,121.56885,5923481.185505759,4141869.867228109,5350960.213656805,6094937.6086976975,6784920.577362343,8221330.669569752
臺北市中山區合江街１７０巷５號,25.06078098,121.538777,24126483.30124049,21014960.895645335,22199397.43006386,23731979.344763096,25708833.58681902,29323677.68893684
臺北市南港區中坡北路９２號五樓之４,25.0479399902038,121.580539970463,15448383.737972938,11372722.264793875,12960970.803648878,15618995.840082217,18270220.245516814,21335349.813183073
臺北市中正區齊東街７０巷１７號七樓,25.04287099,121.527785,16618646.521111907,12384837.79989807,14927546.853447933,16996084.156491064,19540839.826140225,21388132.754267324
臺北市松山區新東街３巷５號三樓,25.0576500059374,121.565739960208,19518197.69278946,16940674.173177592,18067122.073880717,19507070.18643164,20997142.56971454,22485384.4724522
臺北市北投區文林北路３００號,25.11050499,121.511856,9215890.428212853,6320898.465029694,8063057.12691432,9722338.155596746,11032387.86143218,12111053.241017997
臺北市中正區西藏路１００號九樓,25.0303799868703,121.505190013677,21516278.94734019,15693323.654586134,20220885.08762627,22511101.59985038,24476296.012857854,26191879.30254829
臺北市松山區民生東路五段６９巷１號七樓之３,25.0595099921615,121.558089964817,9064833.82446256,7380549.15820514,8405318.182907192,9408832.391057976,10343583.213109158,10756596.713086458
臺北市信義區嘉興街１７５巷２弄１２號二樓,25.02740001,121.557281,24156373.970917497,18537733.03016849,22379986.591076497,24963770.106109947,27866886.65881408,30281399.011647806
臺北市大安區仁愛路三段１２２號六樓,25.0371899898337,121.540359976487,132876724.02041546,91266044.48533401,114014208.51389357,144247840.39540836,163349795.49401176,174389333.69482931
臺北市大安區忠孝東路四段３１１號八樓之８,25.0415800116218,121.55580002887,19750356.241250128,15078236.7156279,18307583.519802317,21174079.875123832,22917615.88930045,24475474.937547833
臺北市大安區和平東路二段１０７巷６弄１號五樓,25.0262299808796,121.539839963214,38472104.56000668,29453324.974699173,36875672.45262028,39744666.54621414,43820544.67637632,46464049.930242926
臺北市文山區辛亥路七段２０巷１弄２５號,24.9870199826486,121.554139992946,12787909.313351791,8166213.135204332,10009315.763914725,13463518.732058855,16219188.441794088,18877209.17694545
臺北市文山區政大二街２０７號五樓,24.98865553,121.5869132,18084350.52899937,14922020.328250205,16966101.163439795,18632861.555522893,20151534.49635403,21314126.511205684
臺北市文山區政大一街２６９號四樓,24.9867899832254,121.584829996147,27002511.56079211,24979653.568572976,26048593.269295618,27004546.997211322,28170115.262334134,29880078.744890705
臺北市中山區農安街６號,25.06485798,121.523225,13786512.097841911,12168668.810544621,12777746.080236092,13742969.02761605,14719037.341714544,15756659.960233517
臺北市南港區經貿二路２４５號十一樓之１,25.0610800064453,121.61440998391,27524395.508882135,23163692.86088518,25979322.693013113,28936385.550430976,31132404.78253478,33964880.00453569
臺北市信義區松山路４８２巷２４號十三樓,25.0387400132784,121.577690039565,24134292.5372316,20982356.428913426,22408565.60412538,24606256.811487168,26235928.26237626,27528106.19065955
臺北市內湖區康寧路三段１８７號五樓之２,25.0699400133779,121.611940004682,19623157.33347616,15901784.693888146,17941603.572033964,19965749.208942167,21592037.064251322,23200593.68176339
臺北市大同區迪化街二段２５４巷９號,25.0701599964267,121.511169998679,16063708.412912719,13036721.352806069,14526156.606618362,16583662.33925308,18192996.665655337,19692005.44442551
臺北市北投區知行路３１６巷２２弄７號五樓,25.1220299793044,121.468810039325,10526958.574682934,7873255.3082700865,9609155.58982272,11033902.697937487,11988281.388726924,13212195.467099154
臺北市大安區延吉街１３７巷２０號,25.04192099,121.555258,12234157.382014267,8913304.996600078,10254952.28770922,12102675.464360207,14460478.426757328,17337095.658821926
臺北市萬華區漢口街二段５１號六樓之３,25.0458500045565,121.506430032433,10447760.028268507,8863248.427968519,9700843.047713323,10790331.24642477,11461840.995979588,12127268.576483108
臺北市松山區八德路三段１５８巷２０弄４０號四樓,25.0475099985709,121.554190032908,9329970.357824337,8108858.147607481,8809349.184818875,9630652.893586814,10354304.142052859,10766617.352951987
臺北市大同區南京西路５７號十八樓之１,25.05304398,121.519385,18614627.150601022,14848798.781620823,15788922.523247268,19065302.048030462,22208938.17991839,23530555.861470096
臺北市南港區東新街１４２號十二樓,25.04641549,121.5895338,48317422.59133202,42346444.04867862,45138202.17638686,48731624.19884473,52565023.54233716,56391445.85380262
臺北市大安區泰順街５０巷１３號三樓,25.0231800158616,121.530500008506,28492462.39723035,25275366.28962844,27361572.333175033,28749618.68334122,30193278.374705337,31768305.659108516
臺北市北投區致遠一路二段７０巷１弄４號,25.112535,121.513937,12611146.996008916,9557740.940383859,11208305.642647613,12803355.56101361,14712912.508538773,16914379.98046741
臺北市文山區景福街３巷１７號,24.99885401,121.539635,16847155.474685963,14540851.14394563,15885610.396209275,17213903.024438743,18254548.421164677,19469491.368828796
臺北市萬華區長順街１０７巷８號二樓,25.032570010532,121.489439998516,8498842.076769104,5700654.336719884,6611170.475685729,8413804.10879423,10935076.193230292,12168465.674019434
臺北市大同區承德路三段６９號十樓,25.0656999857471,121.518559987433,25807558.739118114,20994325.295223087,23180096.012069046,25903382.97495132,28992848.82877369,32021982.186790183
臺北市中山區民族東路２７４號五樓,25.0680099963527,121.535639959171,16862771.82790668,15455038.650044654,16009012.841603424,16838808.188141674,17699443.973378338,18971898.479183048
臺北市內湖區康樂街１８６巷３２之３號,25.0771199935475,121.62030003109,13333245.291193258,11168704.297914047,12071029.22474974,13177799.855875403,14561951.775512954,16700014.344787546
臺北市大安區光復南路２０２號,25.04194999,121.55749,23518848.97604359,20732897.561504915,21743302.37479291,23269812.381742414,25222046.91527114,27980243.193352286
臺北市中山區明水路３９７巷７弄４０號二樓之１,25.0778799807084,121.550109973899,27506493.35386085,23575540.599058814,24875446.935160078,27049222.209353432,29945573.654352825,33828519.97425843
臺北市中正區信義路二段２５９號,25.03388199,121.531611,20265796.268148594,15714350.914856944,17232056.130330548,20997489.270184778,23247161.13472057,25136823.91444617
臺北市文山區辛亥路七段５巷４弄１４號四樓,24.98701001,121.553283,11697596.813547436,9216499.473987576,10656629.886854274,11924869.16932413,13434372.416693531,14537194.368954219
臺北市內湖區康寧路一段１１２號四樓,25.07944199,121.593292,17663074.961378135,14370199.367173735,16209090.76863122,17777872.48957682,20143891.380130723,21661685.38153606
臺北市萬華區大理街１７０巷８號五樓之４,25.0329228301789,121.492930916466,15926015.126099607,9281569.455062475,13181907.318051115,16997338.347174495,20731976.76069283,23693924.381943423
臺北市大安區光復南路６００之１號,25.032755,121.55728,18750757.3102251,15064145.312821098,16548930.855049264,18568840.957795627,21092569.704388544,25055756.42130533
臺北市南港區昆陽街１４２巷６弄４號二樓,25.0494199828475,121.594029973072,13810871.930564703,10904414.182213053,12810504.907077923,14378343.60650384,15548718.004599769,16467384.520176554
臺北市內湖區內湖路二段２６３巷３０弄１２號五樓,25.0830299896575,121.589269974078,16805325.95681025,13178167.54181885,15094097.447383374,17066999.46173168,18592027.5860076,20290325.830625404
臺北市北投區懷德街１１巷１弄１１號,25.11123799,121.518781,14539480.520628579,10750200.861085411,12911603.23980512,15385149.663037522,16876986.356853373,18213536.319001123
臺北市內湖區成功路四段３０６號四樓,25.0848499942035,121.598120006546,18960807.482715406,16301634.635117497,17672021.879949983,19151085.550951224,20561629.573389888,22249853.29956971
臺北市中正區廈門街７１巷１２之３號三樓,25.02474802,121.518696,14285869.880287046,11512371.89403132,12748835.073374728,14523156.33519839,16630657.422023876,19166798.72784136
臺北市北投區中央北路四段５３０號,25.1284913,121.4679756,19525581.321284525,12961164.131229479,14532029.097748742,17804944.14290959,27110722.453306843,35039212.59178842
臺北市大安區大安路一段２０２號二樓之１１,25.03499502,121.545865,17937463.10570541,15843161.39629435,16632620.151563125,18069666.235041436,19531054.716102585,20948474.263041724
臺北市信義區忠孝東路五段５０７號,25.04155499,121.578691,25622344.09542606,21233884.637355413,22821703.444434427,25002143.65088859,28366035.074464656,32374262.866664257
臺北市內湖區民權東路六段９０巷１５弄１７號二樓,25.0679200166221,121.586809969315,16991890.6272141,15597298.138080185,16303961.646735568,17104702.539886724,17926985.49265564,18789639.695000663
臺北市松山區南京東路四段１３３巷９弄３０號,25.0531700044187,121.556249969432,19476747.07675857,15061779.879002273,17147194.791100822,19500523.059781842,21903094.368540123,24950454.748017013
臺北市大安區復興南路二段５５號,25.03099501,121.543789,15130284.54415309,13292826.24595812,14319179.800864456,15254169.243010782,16218926.963473553,17001828.693260793
臺北市中山區林森北路１００號,25.05052799,121.524801,11812874.805427939,7605904.975977778,10969521.164523067,12574712.294982435,14862705.802697157,16529962.52910639
臺北市北投區公路４２３巷１７號,25.1323027,121.5026806,19515562.311788585,15448840.432419926,18175534.60822743,20366138.28293691,21892822.867444854,23267626.029730093
臺北市中山區中山北路二段７７巷１２號七樓,25.05738602,121.524161,24005670.133639827,21767209.182598814,23281259.978990614,24369169.02341492,25411631.473989725,26337728.197901476
臺北市松山區市民大道四段３９之１號十樓,25.0452700187663,121.545799999286,165015123.80378512,146191400.89475235,161106690.88772935,170349784.38149232,179432918.4683857,184907663.96962062
臺北市士林區天玉街３８巷１２號,25.120552,121.529355,19133632.049283188,16486577.004622217,17633345.797224205,19166821.946216945,21228742.25573828,23838550.818413343
臺北市南港區研究院路二段１５４號,25.03827398,121.616812,11233564.072678175,8359698.569764577,9850711.007241294,11452405.350791164,13051998.536958054,14362302.546426985
臺北市大安區嘉興街３２３巷３號十三樓,25.0223699887387,121.553429961928,56226982.102274455,43210524.98669039,51333764.27044744,60251286.22981053,64929623.29216232,69184627.56032386
臺北市中正區廈門街１２３巷１２號,25.022919,121.518233,18936802.342627775,14827487.290724605,16704355.615830876,18990784.527689077,21905191.869412072,25791681.05362206
臺北市內湖區康樂街４８巷１６之１號,25.06908401,121.617472,10817265.529759182,7397282.413416846,8673832.499472974,10690670.541080598,13821473.462511925,15687033.009193413
臺北市中山區復興北路４３０巷３８號,25.06328411,121.5421633,29617380.135272577,26415326.40414575,28482517.594566293,30469545.875027396,32083955.11990384,33460666.437927827
臺北市中山區長安東路二段１６號,25.04839701,121.530637,9362976.404492643,8245422.80418046,8674259.635257553,9153480.528046928,9837207.482319891,10688452.415066874
臺北市大同區承德路三段９０巷２０號,25.066319995125,121.517309994212,30866734.513630733,24811070.119670197,27368820.396937065,30290839.60595524,33513501.42168276,39093460.788673736
臺北市文山區保儀路３６號二十九樓,24.9879670846008,121.568546121116,36065871.24328228,29067167.447812084,33547210.738080606,37796662.37053171,41039417.47583996,43941933.42174039
臺北市中山區新生北路一段１０２巷１０號七樓之４,25.04871201,121.528544,10090881.519387655,8321940.361759165,9148953.969111433,10210904.03577944,11129556.607728144,11979437.96562476
臺北市文山區木柵路一段３２０號二樓,24.9885299825056,121.557320003192,9498428.492810188,7525579.206155101,8663026.002037441,9474942.24751117,10759718.095478812,11988683.804924402
臺北市中山區林森北路１２１號十樓之９,25.0507999793863,121.525299959595,8813638.498046432,7828009.868926025,8382835.577091208,8814054.535858227,9238780.508025803,9854774.277924778
臺北市文山區和平東路四段８８巷８號三樓,25.0051499973075,121.5672399856,14019653.28782281,10385754.0049716,12952927.627928382,14491229.426396377,15745644.180678193,17906864.161696248
臺北市中山區北安路４５８巷５號二樓,25.07931899,121.544648,11970303.530926991,9287746.658034638,10935452.010682665,12220396.748127691,13250885.661783678,14673457.987519942
臺北市中山區長安東路一段７５之１號,25.04851201,121.527865,10401978.826763872,8259195.843096027,9421991.969988545,10702793.179620251,11582887.315041568,13559069.3887594
臺北市士林區天母東路８巷８２號二樓,25.1149199880263,121.530479975757,21481182.268796686,19476028.254835308,20697491.68787442,21614231.95266152,23095869.416126274,24609353.52349494
臺北市中山區長安東路二段１６６號五樓,25.04821802,121.539741,27392011.08921384,21404925.025294833,24071725.59564714,27617909.0536799,31531906.848789215,34204727.19926885
臺北市士林區社正路７０號六樓,25.0888699968759,121.511019962612,16074959.795487305,12505719.47599797,14143274.811860833,15516879.804635247,18494615.284796916,22436321.628105007
臺北市北投區文林北路１６巷２３號五樓之１,25.1053400175205,121.519900002293,44533447.9338406,38159907.54091735,42351648.77266038,45251833.12049011,48582015.54291436,52711007.81912652
臺北市文山區羅斯福路五段２２７號,25.0019953,121.5394087,21896556.46198967,17046732.838982623,19626294.52660614,22469455.66150161,24810013.255100973,27049972.59366224
臺北市中山區新生北路二段１２１號二樓之２,25.05902799,121.527887,14247404.008591374,11495998.222600142,12790210.282023266,14371158.455591014,15901890.34889629,17678234.040773943
臺北市中山區北安路６３０巷２５弄１６號六樓,25.083549,121.549928,20868851.195209034,13488496.494265594,15592988.355440067,19926772.252298743,28392829.64337955,33526560.789885864
臺北市士林區社子街２５巷３弄１０號,25.08818354,121.508071,10860323.07646065,6965739.846612388,10115310.672142182,11723599.307838883,13042527.994870618,14370389.862258414
臺北市士林區大南路３５０巷２７號,25.08947002,121.517368,9521326.36080835,6737775.426850027,8222349.971869969,9621612.931934124,11594060.254673105,13035096.526347864
臺北市內湖區文德路２３６號三樓,25.0787499803485,121.588560026879,29567472.662596695,26990476.0632324,28352871.007226057,29860777.228897907,31214561.403305728,32610968.227518663
臺北市北投區明德路３３３巷１１號二樓,25.1161999884603,121.519570006765,8580509.835173942,6551610.989382209,7396859.730236709,8639152.02579586,10036517.210893815,11441336.486951139
臺北市內湖區文德路２２巷２５號,25.07682001,121.579986,17030667.984819934,15050120.470084134,16376963.827557579,17364924.083659243,18243473.62361497,19540885.116789978
臺北市萬華區長沙街二段１４８號,25.04063101,121.501331,19344210.81170942,12349598.850830585,14674941.555434007,18655276.4843785,26381149.85463226,29380437.581686743
臺北市萬華區康定路２３２號八樓之１７,25.03794,121.501592,3675562.4833361576,2611881.614851371,3051614.4112582495,3785327.2891377476,4266877.521005614,4838198.178226573
臺北市萬華區富民路９１巷１０號二樓,25.0190399843357,121.499229977606,8266390.023890089,6198194.359960997,8047913.881649642,8753771.070962578,9277722.321676442,9836564.31066698
臺北市松山區延壽街３３０巷１７弄２０之１號四樓,25.05477501,121.562125,31723300.105895713,24459277.19884055,30685259.77552171,33329162.464668125,35411523.40323813,37781804.703133896
臺北市文山區景華街１２１巷１７弄３號,24.99674898,121.546036,15665758.088715024,13523055.276264505,14586118.4340679,15922679.312692795,17237932.47000559,18388991.425838716
臺北市內湖區星雲街４０號,25.07843901,121.591418,37002972.27556576,31641120.44389526,34272848.75533722,37160391.558301836,39926083.042455316,42653938.59556862
臺北市中正區羅斯福路三段２４４巷９弄３號三樓之５,25.0176477433969,121.529939374438,27855505.469890464,23004465.036137503,25035406.51956557,28291724.480780266,31171800.23641278,33135971.90039233
臺北市內湖區康寧路一段２６９號五樓之１,25.07897801,121.598832,35046981.70895089,27127358.451213315,32686214.470553275,36820443.49911757,39404709.138245456,41874667.37851886
臺北市中山區中山北路二段７７巷１２號七樓之１,25.05738602,121.524161,14710190.481182309,12400530.822687156,13835535.209105577,15065938.226198783,15937516.40221867,16812369.521075476
臺北市文山區辛亥路四段２０９巷３６號十一樓,25.0025700056006,121.555500040555,23506722.657006484,19924927.30461552,21893812.16866087,23699579.318299834,25835283.506966628,27665950.739209883
臺北市文山區木柵路四段１４１號,24.99835001,121.57402,26352353.46014218,16837356.904398795,24370226.77464214,28697614.407662086,32150850.159856886,35089781.37753042
臺北市內湖區內湖路二段１７９巷２２４弄５號,25.08401,121.585031,59660938.18766752,15389281.954807019,32984609.333387796,79168432.16533369,125006411.5591112,144619777.7865358
臺北市內湖區新豐街１５６號三樓之１,25.0613199803332,121.585389991098,48112878.60549977,36447195.7675984,46006985.555492446,50196788.66060947,54331509.684119835,58629822.334188014
臺北市中正區汀州路二段２７３號九樓,25.022189987368,121.524179969693,30704129.069100033,24197776.783729672,28179941.404979423,31397817.975542527,33872002.30652817,37560314.073553056
臺北市大同區南京西路３４４巷３５號九樓之６,25.052870016104,121.512259981368,5866671.242661674,4773186.512867393,5488956.4258644525,6009080.092135239,6387149.070094035,7158488.007097116
臺北市松山區八德路二段３４８號十一樓之１０,25.04773199,121.545319,16706459.823981855,13839231.865664322,15438970.860067373,17070946.288656745,18562251.26676115,19833964.097950123
臺北市萬華區青年路１６８巷４９弄２１號二樓之２,25.0194400106647,121.501710015117,5372731.051408457,4792016.804019207,5089966.787771886,5386303.806102062,5724657.829519322,6186989.265802799
臺北市松山區民生東路五段１５１號十一樓之１５,25.0592100038469,121.562259961647,11547028.861003287,9977214.892507788,10778318.744640859,11718849.49239096,12560442.38656881,13421890.935077487
臺北市內湖區江南街９６巷７號四樓之１,25.07721219,121.5768142,29819819.804433394,26238187.519425336,28230103.6612786,29897474.472646758,31783510.242362157,34187698.39578628
臺北市大同區華亭街３６號六樓,25.0534999999467,121.513060034026,9043725.073077481,8127210.408544314,8584228.465883926,8972112.37846266,9588237.781349657,10281973.736054298
臺北市大安區安和路二段１８９巷８號,25.02664099,121.550747,22948457.547088295,19146579.264405917,20860568.641425945,23141414.288859762,25832671.015181843,27797039.498775486
臺北市士林區延平北路五段３０９號,25.08627601,121.509263,13734811.247372933,10672714.489349153,12121786.455961278,13521846.961745262,15513419.02867219,18544009.990880962
臺北市士林區東山路１２０巷５號五樓,25.11268801,121.539115,16933801.120465547,13717324.070888584,15673953.59120184,17252141.44289852,18832521.547100063,20768750.07552325
臺北市文山區興隆路三段２０７巷９弄１２號,24.99543298,121.561288,9973389.677796777,6114314.331128239,7208697.555962259,8975248.70040687,15048689.301864728,18564389.78448399
臺北市信義區信義路五段９１巷１２弄１號,25.03372659,121.5714009,25636979.39693426,21726592.4687763,24576764.78803596,26314462.064777177,27741569.32859456,28811303.612416755
臺北市中山區林森北路４０９號九樓之１４,25.05960299,121.525702,6706991.135064419,6000815.749680782,6279395.383932445,6629719.717350052,7269464.1053476855,7724736.535477631
臺北市北投區石牌路一段７１巷３弄９號二樓,25.11365981,121.5107586,23294637.001138195,18973217.133227944,21600056.02452647,23768484.299743198,25984671.000921935,28272218.044730496
臺北市內湖區成功路四段７０號九樓之３,25.0828499882868,121.593049960953,8515828.592168612,7300376.57398353,8146643.872681365,8703205.982872672,9621881.38522737,10369147.889313765
臺北市士林區社子街２２巷６７號八樓之１,25.08655225,121.5057564,23374846.04246238,19103107.197166134,21042115.666604698,23388145.704283778,26032391.306522906,28507010.233696606
臺北市士林區士東路８９巷１５之２號,25.11295401,121.528484,20670677.843783736,17228267.873989213,19209542.36422578,20842318.917395364,22405372.522126272,24084331.98968486
臺北市松山區民生東路五段２０２號十三樓之１０,25.0581999845142,121.564449985309,8345460.675223591,7286705.36359747,7754549.964950674,8351886.440097657,8946128.40514576,9723347.80486212
臺北市文山區光輝路４７巷１３號五樓,24.98555001,121.556259,14157630.547072774,12492225.699123228,13594319.293644218,14379338.380155778,15302629.91377441,16213839.338206964
臺北市士林區天母北路２４號三樓,25.11982998,121.526311,28465050.379240498,22141275.53999496,25682123.809592333,29649913.450965613,33168806.64862207,35644239.18185878
臺北市信義區吳興街６００巷１００弄２０之１號四樓,25.0174799864262,121.572239958482,16786555.610705443,14555074.436866386,15801451.763980087,17160793.174848493,18303259.82301157,19492496.36029958
臺北市信義區松山路１５４之１號,25.04677,121.577595,23744676.027012486,18987783.417402253,21221919.687924854,22951211.573970955,24848389.95748526,32121612.572092064
臺北市士林區天母北路４巷１號,25.11891315,121.5261666,33240748.02975735,28030074.763432838,30605346.46920582,33030206.729548678,36393777.176242545,39836354.64545378
臺北市大安區瑞安街２５６巷１號,25.02701499,121.539543,36311986.91737282,31915171.715829283,34288000.28703495,36583636.39279215,39226862.67091991,41182562.51552698
臺北市北投區三合街一段３８號四樓之２,25.127187228231,121.506254551426,27562168.34150508,23052925.997836407,25882026.924699146,28107962.17595915,30942814.68520844,33058495.053595547
臺北市中正區羅斯福路三段２４４巷９弄３號二樓之５,25.0175690167436,121.529847486963,27622241.53239245,22486479.9925648,24999804.360841546,28489510.67533942,31397995.824759305,33161875.47113667
臺北市士林區天母北路５６號,25.12153201,121.52636,44144317.587156504,34242342.078036636,39017376.7165427,43088140.62921802,49999330.208185,59473110.07733109
臺北市中正區南昌路二段１２８號十二樓之３,25.02553701,121.522535,19511277.609688386,15433775.32776175,16878556.162993338,20111897.72555673,22403322.711840443,23839772.139214102
臺北市松山區民權東路三段１９１巷７６號三樓,25.06510101,121.544861,20095961.07911057,14301718.410432138,19287730.41436103,21416960.884213947,24202198.00585473,27128078.305277973
臺北市大安區羅斯福路二段９３號六樓之２,25.02517001,121.524145,15363402.576769117,13214831.31367324,14329979.86544682,15558928.585735861,16689857.301401384,17847485.60524108
臺北市信義區虎林街１２０巷１６８號,25.04211499,121.573388,14266734.009406637,10218356.875700114,12085658.13289551,15286865.25013234,16799265.06728587,18233031.34635124
臺北市中山區吉林路３９３巷２２號二樓,25.0655799988031,121.531450013412,19262114.755479254,15822160.511366516,17909376.48240335,19651597.182524413,21626441.44112012,23947500.739407957
臺北市中山區松江路１１８號十二樓之９,25.05169089,121.5327718,35016836.935711406,26519750.232321467,30511263.829290695,35058759.1367032,41227528.79413934,46035570.11346148
臺北市中山區中山北路二段６２巷９之１號,25.05674501,121.522014,16362860.344697503,13971369.938696224,15141375.458664991,16053329.189052569,17508241.37538572,20466525.712802496
臺北市萬華區萬大路４８６巷４６弄１８號三樓,25.0207700091511,121.496299999532,10173898.725095402,8001414.065254838,9305366.373664118,10317191.544966476,11365200.12919602,12283697.832037665
臺北市萬華區萬大路４８６巷５９弄２４號,25.0199500075634,121.495459965195,3825883.676298063,2772439.1763657583,3215813.467478269,3789054.291651989,4279329.53794402,5182316.4466892835
臺北市松山區民生東路四段７１之１號二樓,25.05804601,121.551202,22216304.35443642,19093761.748797167,21059902.27531407,22702406.513896875,24254322.38160527,26199695.22912807
臺北市中山區南京東路三段２２３巷１０號二樓,25.05295199,121.5434082,26917984.032303937,22876686.93893099,25364493.252424806,27665447.008540437,30282461.34980933,32852010.30262664
臺北市中正區中華路二段４４３巷４５號五樓,25.0253222128815,121.509993699718,11223979.63832278,8511594.497593576,10703391.887532264,11782391.025293473,13102642.326646984,14769336.784496628
臺北市內湖區麗山街４６巷１１號四樓,25.08097999,121.579899,14736016.281132298,12289511.419483077,13798368.241747156,14896060.792233525,16101852.276390709,16827897.51512453
臺北市文山區景興路２６２號六樓之７,24.9901100131637,121.542700036216,7380878.898144614,4797982.243032726,7003628.06707363,7724259.686049591,8494558.806755202,9652218.569070457
臺北市松山區民生東路五段１７３號十六樓之３,25.0598399876896,121.56460999584,47633557.45840027,40359788.77462273,45336402.57677498,48880677.95616259,51661112.12846396,53893837.20546035
臺北市松山區民生東路五段１３７巷４弄３３號三樓,25.0599500001687,121.562879971025,30519193.10120272,25873421.97375662,29418057.667323407,31735831.063848224,33592683.68662827,34996506.79870425
臺北市北投區大同街２２８巷２０號三樓,25.13941099,121.499942,8934574.837834949,7628520.6409298675,8522896.473929662,9132650.956260141,9707914.082483608,10392933.716934185
臺北市大同區南京西路３４４巷３５號九樓,25.052870016104,121.512259981368,5216985.1519332975,4357544.531118271,4730879.812156605,5247908.334290797,5906296.489845912,6331238.6839483855
臺北市萬華區東園街６７巷２號三樓,25.0266699888868,121.497749984962,12892932.801028643,10628471.594625458,12126016.033665363,12946933.136863887,14022396.754458737,15673521.259455321
臺北市松山區八德路二段３４８號,25.04773199,121.545319,18473291.599124853,15293807.895731997,16520687.006627794,18351788.32795525,20817325.79969564,22808911.659920387
臺北市文山區仙岩路２２巷９號,24.99860679,121.5494637,30550410.250225473,24894270.4935332,26875015.659711193,30390088.514177185,34756743.742397904,38685558.138864756
臺北市北投區泉源路４８號三樓,25.14094198,121.50911,7107338.501022702,5170425.466109378,5725512.9102163,7535692.228997941,8492492.001267878,9381428.86683589
臺北市內湖區新明路４９８巷１４弄９號,25.05397002,121.577247,21272201.13011156,17796473.448551636,20035925.235451076,22112925.28206104,23661148.006003607,25185443.36502045
臺北市大安區仁愛路四段６８號十樓之６,25.0374699873093,121.547930008521,13689653.982922994,10836984.436109956,12293824.158551428,13717173.170397267,15335736.957097393,16902848.863826815
臺北市信義區忠孝東路五段２３６巷３７弄２５號四樓,25.03815701,121.573639,16521801.681684032,11963164.108620495,14648486.553193355,16638866.146303365,19408183.784102634,21598007.017344825
臺北市內湖區麗山街６２巷１２弄１０號三樓,25.0810899981675,121.579870004943,16125215.45178953,13814564.518365217,15545522.695997864,16606905.969312437,17444806.73050923,18096043.178105056
臺北市北投區福美路２１９號七樓,25.1002499810887,121.504230034307,28940465.450164363,25046128.699629504,26328900.286785647,28225507.782945573,31476160.567100577,36116847.88659972
臺北市內湖區成功路五段８３號,25.07384502,121.6053,23890919.509734623,21078314.74896906,23034475.76966455,24883104.66550854,26624515.311389346,27526981.46714928
臺北市中山區新生北路一段５８號五樓,25.0464799883992,121.531150025097,26833033.75346227,21287419.1257616,24236647.101447403,26944195.174218424,30084634.397630863,33686318.58527537
臺北市文山區和平東路四段６６巷４３號,25.0054400111574,121.565130009113,35325285.99053618,29829426.298746962,32425502.305715717,35399806.50104582,39087092.43673123,43481711.558089115
臺北市大安區信義路二段２０６號,25.03341,121.530579,80992750.2671353,61769631.788446076,66319332.47540705,83284930.15460666,98146475.27496418,107602684.622604
臺北市內湖區康樂街１３６巷１５弄２０號五樓,25.07241699,121.618189,13657079.725598304,10484450.238741651,12816958.994576614,14388905.888431005,15456138.624818029,16296375.552725589
臺北市內湖區行善路９號三樓,25.0560499844402,121.57498000263,23601922.950136743,22024345.141628444,22797461.98852936,23748984.464562833,24821419.22444097,25945027.654373217
臺北市信義區莊敬路３４３號三樓,25.02798901,121.564373,19074221.668731283,15897260.12896261,17288952.937041737,19027731.09124172,20968276.87389846,23415756.55569234
臺北市信義區福德街２２１巷３弄１６號二樓,25.038198,121.585613,16039765.174893161,14554113.118221492,15373487.599210307,16228316.109479781,16976493.291456845,18241894.12346628
臺北市北投區新興路１５８巷３３之１號五樓,25.1393899904282,121.485699993319,9436134.490028147,6006442.551343561,8366952.439138209,9760681.744714543,11675355.621687025,13981985.950373378
臺北市文山區興隆路四段１０５巷１３號十一樓,24.98809601,121.561382,23109611.34680236,19788172.966338594,21966499.90039552,23563400.491901573,25561737.174806885,27382784.462838337
臺北市士林區中山北路六段２巷４８號,25.10351,121.528118,3859022.0939109954,2474940.7518499787,2867796.150996493,3463278.282198799,5133494.225504438,7353024.045267001
臺北市大安區新生南路三段２號五樓之２,25.0257699820333,121.534630023658,9795462.647445444,7464860.646105277,8597753.511720108,10300240.416701416,11409932.35958722,12094683.020065762
臺北市文山區景興路１３７巷５號二樓,24.9942199955668,121.545149982695,14489606.40159029,12822372.874407774,13708702.887023676,14759367.207711412,15688968.584276728,16736491.865614034
臺北市內湖區成功路四段１７８號十六樓之１,25.08355201,121.5938529,68416802.447335,60053083.97490349,63690666.013961695,67223041.60435975,71944898.09609602,80768956.44475377
臺北市中山區復興北路３８０巷２０號,25.06092498,121.54303,10367777.625932116,6426978.535732081,7434858.782873062,9244772.408977084,15148640.912011294,18478590.098994605
臺北市大安區光復南路４３２號九樓,25.0360899907705,121.557369959335,35548186.56088188,30506060.272316363,33869892.814866394,36216578.26351081,39142669.5110678,41065929.95585658
臺北市中山區龍江路２１巷９之４號,25.04785102,121.540993,17826902.34422477,15141452.039158141,16515827.703052755,18100525.710106056,19785236.929885827,21652781.375105664
臺北市內湖區康樂街７２巷１７弄７３號,25.0709900143887,121.617099988096,13064340.837414525,10538894.492176045,12415796.213256914,13551569.421308482,14393015.589319374,14988915.401846917
臺北市大安區建國南路一段３０４巷１５號五樓,25.0357700116168,121.536549982399,27089540.834627938,22512787.435810078,25766419.964569766,28056244.542149253,29448899.097260386,31502307.488633
臺北市大安區忠孝東路三段１０巷２０號,25.04085699,121.533353,20674173.198267184,16672003.543321302,19217770.020655274,21479986.87432532,23038054.64986559,24760428.983414657
臺北市北投區東華街一段３６４號三樓,25.10977702,121.519212,24502179.062666465,20690414.41682324,22607889.98594691,25290662.89893068,27999943.848524652,31675597.684354942
臺北市大同區承德路二段１０９巷１號六樓之１,25.0566600193533,121.518870034031,21043159.787877943,16794117.81438584,18093339.318344694,21401344.620039463,24150827.709922563,25648644.069653057
臺北市大安區敦化南路一段３４４號,25.03487298,121.548409,37365622.02212349,32377475.30219388,34747513.65277524,37470344.514743395,40554203.00212051,44247988.751424365
臺北市北投區石牌路一段３９巷７０弄１７號,25.1156407,121.5105577,11750808.658071015,7665623.626246394,8989061.734290097,11364851.29723188,16277774.55051658,18075406.20066947
臺北市松山區民族東路６７５號七樓,25.0639399956278,121.547690034633,24394402.587354064,22390102.244154315,23292097.67545404,24371394.819580242,25560872.5552557,27198648.425639424
臺北市松山區慶城街２３號五樓,25.053514,121.5452,62474707.69689292,49102111.016870365,56470436.76317538,63682195.4981641,68424281.33054271,76444176.70728086
臺北市信義區忠孝東路五段４２３巷５弄３０號,25.04188901,121.574289,32331241.843158536,23647797.464430388,27894589.769444566,31975117.22107771,37306161.51295077,46943380.49202169
臺北市中山區新生北路三段１號十二樓之２,25.06288702,121.527991,7513268.535958087,6477580.961153772,6989663.774569867,7644366.930705148,8203035.158254856,8758802.26482371
臺北市北投區文化三路１０１號二樓,25.1404500078133,121.498980029253,18555664.981003664,13986564.150411315,15638621.697489278,19429555.86061932,22306118.40570287,24391452.021693815
臺北市信義區福德街５１巷１３號二樓,25.0366100040435,121.58127003423,15489861.533238469,12986052.332459936,14321068.0333969,15669620.18679001,17120063.1570902,18674124.280055508
臺北市中正區仁愛路二段１６號十二樓,25.03809109,121.5263531,88574104.58509448,78130928.00048932,85039568.33555613,89776826.89999825,95335526.31181361,100635080.93712857
臺北市信義區永吉路２７８巷２弄１０號二樓,25.0451199826994,121.574099986616,15386590.319546925,13122705.94010463,14977462.108972097,15945582.509027272,16955528.116710417,18180805.833361316
臺北市文山區興隆路二段２１７巷３號,25.00198398,121.549101,14141132.000582231,11483224.748818282,13399889.24169629,14621204.183740713,15664926.59105931,16703134.073355751
臺北市北投區振興街３１號三樓,25.117971,121.522313,7588029.598597855,4238717.857552142,5345110.300086195,6788002.621597867,11799801.37522527,15012932.804811172
臺北市中山區民族東路１４８號三樓,25.0681700068843,121.529080030289,15830644.42558837,14431551.186361708,15282231.827398878,15945579.210031278,16604255.859348904,17295167.77515714
臺北市南港區福德街３７９號七樓,25.04089731,121.5910304,23715081.25007102,21428431.1744755,22463420.47717943,23691059.048716113,25414837.03279484,27434581.732408006
臺北市大安區溫州街５８巷９號,25.020531,121.532069,14915263.350192532,11359986.67957769,13659391.327759327,15703259.075116416,17124208.77650383,18440725.632428527
臺北市萬華區中華路二段４１６巷５８號,25.02736669,121.5043944,33385313.816169094,30550164.372151975,31592124.823082294,33094258.806125592,34637064.35978673,37684622.204459876
臺北市北投區中央北路三段２４６號五樓,25.136020004347,121.479980014954,13311697.502204843,9789637.59099931,13464687.839399286,14527744.901957117,15592310.73578161,16599361.958321199
臺北市中山區長春路１００號六樓之４,25.05476198,121.52795,11150440.193058882,9520257.629308261,10471916.368051741,11208956.094465338,12078885.6166745,13156684.580285937
臺北市文山區溪洲街２３巷１１號四樓,25.0057000177939,121.535160011395,13580944.089650402,10950742.577344954,12429135.934920717,13885611.623499665,15131169.478329726,15984646.207338294
臺北市大安區信義路二段２２８巷７號六樓,25.03301199,121.531869,29508187.78636504,23832892.024445027,27496975.353259396,30224741.210840527,32736052.694592398,35968070.21151571
臺北市文山區木新路三段６７號四樓之２,24.9822700000286,121.563680023683,9047955.427035717,6728077.093702966,7882797.004167176,9205433.609218145,10384076.701719876,11595477.716909166
臺北市萬華區武昌街二段１２４之２號,25.04536628,121.5037647,10192967.079832684,8687806.777075974,9494898.540938582,10291377.112074818,11197769.576893851,12106383.23299992
臺北市信義區基隆路一段３５０號六樓之６５,25.03701301,121.5617294,9956218.51598779,7108351.811014237,8402136.35219272,10143006.816279914,11787253.351147776,13711935.85408638
臺北市內湖區安泰街８７號四樓之１,25.07668799,121.6169261,26724625.058757655,23960063.569287375,25447021.654025234,26695750.672402013,28028273.55236759,30462431.284043204
臺北市文山區萬美街二段４９號六樓之１,25.00517762,121.5645728,6544073.395041069,5087144.907944031,5967579.688503605,6594959.227741911,7607432.77172793,8437144.673674168
臺北市萬華區昆明街４６號七樓之２,25.0464299903467,121.50571002695,9953186.507586831,8318729.100866359,9170616.862636149,10166705.40448622,11237795.97787639,12155423.89539107
臺北市大同區環河北路二段２８７號九樓之１,25.0711900065985,121.509439973864,22770469.556971747,19077773.366167508,21944675.188953225,23334972.185129553,25228674.442994304,26956131.70096569
臺北市文山區忠順街二段５６號四樓,24.9847399792563,121.564370021952,11949117.94203948,10105374.695375785,11287520.505925475,12328407.198814385,13304937.179681048,14640902.739043426
臺北市士林區美崙街８４巷６號,25.09713698,121.521576,14044730.84716469,5047008.04620648,13172216.837472862,17479471.78004831,21393610.344575204,24726944.018907756
臺北市萬華區漢口街二段５５號九樓之９、漢口街二段５５號九樓之１０,25.0459399842871,121.506189974726,9008069.179128258,7610703.128251171,8436066.209995737,9075585.03526607,9854764.268061211,10685039.138382234
臺北市南港區南港路一段２８１號,25.05453198,121.608495,6327184.012581542,4051006.072106113,5191543.448432941,6480509.670103077,7745702.068531198,9796154.4986791
臺北市萬華區中華路二段４１６巷６２號七樓之２,25.0271799857855,121.504089972705,31792688.203311224,28783895.027344055,30681917.66416374,31973160.246243186,33409596.01382908,34650444.32977844
臺北市中正區臨沂街７１巷１９弄３號三樓之１,25.0353900180363,121.529450007495,27618144.67656017,23879482.825295717,25771103.27348244,28282773.586073194,29813372.521155983,31502558.740984373
臺北市文山區辛亥路四段２０９巷１６號二十五樓,25.0025700056006,121.555500040555,38579220.159688294,32851702.90349686,35981532.25596351,39106109.608572245,41333541.57529213,45974533.49763284
臺北市大同區民權西路１０８號,25.06272902,121.517196,50682293.9265687,42579509.318233214,46607685.9583042,50859684.371072344,55870279.10118497,61409085.75698069
臺北市信義區吳興街６００巷６０號二樓之１,25.0197599898184,121.570280018062,13209096.263526687,11098831.76263559,12008071.287812429,13243545.555903794,14716607.595094986,15694439.262308367
臺北市北投區中央北路二段１１３巷１號,25.13688401,121.494698,12590673.668784065,9860545.927079584,11408932.640326522,13075691.619181665,14516076.719840959,16390368.913283357
臺北市中正區開封街一段４８號,25.04589699,121.512038,9420477.728318868,8234781.841916811,8649853.13887423,9150611.3528555,9941031.31336268,11523364.408709329
臺北市大同區民權西路１６０巷２６弄１號十六樓之１,25.0616125506636,121.515490031576,49802692.21657953,40680359.00461128,44047591.78336062,49901816.44316587,56104777.46919002,61592005.72522481
臺北市大同區重慶北路三段２０３之３號六樓之８,25.069714,121.51406,19427476.59323432,17180494.64833134,18104383.83065349,19522742.16217097,20756989.377616018,21893522.535298668
臺北市內湖區東湖路９８號四樓,25.0684199971466,121.615029993288,13036946.644740406,10441230.515005292,11933729.447078021,13606027.509426672,14653438.63305083,15475358.507861901
臺北市北投區溫泉路８１號八樓之１,25.1355100074483,121.505840030269,12586224.34489458,9807787.261351068,11802970.47418155,13332402.405808326,14268478.861847954,15318935.645082442
臺北市信義區永吉路１２７巷１０號三樓,25.0463400106162,121.570470035807,13940119.39744744,11584032.99342308,13314820.382329607,14413204.984193059,15514745.492960513,16523533.335194282
臺北市中山區復興北路４４８號七樓之１３,25.062720683849,121.543981115059,11948052.898102544,11070195.994372696,11463740.660202319,11887511.606967028,12549040.187011372,12896802.443069212
臺北市內湖區金湖路３２６巷３８號五樓之１,25.07406001,121.60364,37562961.28485569,33390040.332500815,35392675.47564946,37467956.60849996,39325852.5131438,41134685.638603166
臺北市內湖區文湖街２１巷７６之１號二樓,25.0886099902394,121.560010007378,25843117.81438048,21594735.983993266,24161109.932304416,26487302.810933065,28151537.05191558,31625970.638841204
臺北市內湖區康樂街１３６巷３０弄９號十二樓,25.0719300029203,121.617220016949,34471420.430850506,30774857.114911515,32715986.190320436,34682268.97949031,37154726.475467026,39136628.39816856
臺北市松山區新中街４巷１０號四樓,25.05752398,121.561178,19135039.83822725,15460487.191551685,17902375.17934195,19940906.104655124,21797696.365464054,24036413.667530313
臺北市士林區忠誠路一段９０號,25.10507741,121.5278301,23441296.62496202,19529986.066646002,21999102.92951317,24485548.882874794,26221205.757380106,28751366.54774812
臺北市文山區樟新街１５巷１１號三樓,24.9793699872584,121.55571000723,13348017.378630176,9831295.554927606,12089468.23337311,14060778.435132766,15745509.98533574,17403282.13928735
臺北市內湖區文湖街２１巷１１８弄１２號六樓之１,25.0914900121705,121.559859971311,20793932.48358934,17833661.638519354,19135934.350103743,20821608.883302644,22700058.3832858,24440117.463439647
臺北市文山區育英街３１巷３４弄９號,24.99036801,121.537356,15670005.58279465,12916048.179573085,14290554.100800175,15680461.336022777,17204606.877812486,18869150.756120194
臺北市中山區林森北路２５９巷９號五樓之２９,25.05438199,121.5260639,5196529.307173139,4471267.991691041,4840487.969357402,5337050.42353987,5900229.668844624,6368885.944480634
臺北市文山區辛亥路七段６９巷１６號,24.982213,121.554464,13945290.142538518,12417604.084049262,13357025.502022212,14185796.41388195,14866874.706416655,15577165.016120598
臺北市大安區和平東路三段３００號,25.02056201,121.556286,13141510.216337167,10427431.97832234,11907029.643474387,13117878.027300378,14544199.553390615,17015737.296814285
臺北市松山區八德路三段１９９巷２１號,25.04927502,121.556479,11867710.617848698,9921700.381962165,10945945.08668633,11992114.705219112,13094125.522532571,14645313.194202915
臺北市大安區仁愛路三段５巷１弄１４號三樓,25.03885141,121.5342939,33023556.51857879,28498605.25675755,30075803.07455562,32428550.03364229,35245073.61708958,40204250.722971246
臺北市北投區三合街一段８２巷１２８號三樓之１,25.1295700041249,121.504630018726,12118078.05408994,10584372.489664381,11431855.514668234,12107760.438154548,13269557.277877858,14395986.50337448
臺北市大安區和平東路三段３４６巷６號二樓,25.0193976,121.5571724,17576210.447633334,15143437.348065771,16191934.40632575,17463154.119945724,19001930.879913405,21270108.83610592
臺北市大安區新生南路一段９７巷３號二樓,25.04120702,121.534087,81599049.90197527,69655961.6357849,79059671.28937323,84472169.39143378,88946451.08859643,93792030.63924544
臺北市南港區福山街２巷１５號,25.0450600101822,121.617120020845,12595802.263709327,6255794.294289537,10838272.706844341,13887269.13646198,17009482.148369327,20893910.957447845
臺北市大安區信義路三段１５６號十三樓之３,25.0331800035356,121.54098996033,14236211.85812737,12903091.526952468,13493886.21806139,14388623.291384246,15275383.188336233,15893041.821053497
臺北市南港區成福路６１號四樓,25.0435700011643,121.587110041448,18892768.691772155,16478106.75651528,17289509.884992816,18728775.276778553,20406185.302454535,22753651.721374158
臺北市北投區大度路三段２９９號十一樓之２,25.12295999,121.46649,11565132.479308994,9585998.145651188,10620156.08952725,11597333.548512915,12632431.467681793,14091706.76047039
臺北市中正區南昌路一段５４巷２４號,25.03091899,121.516208,16504061.870499723,14172912.857775932,15458890.814827513,16647538.594987815,17964682.815396648,19297872.197364744
臺北市松山區敦化北路２４４巷２４號四樓,25.06071099,121.548616,24212921.4997326,19897013.75431935,21693122.161131322,24576023.49789282,26979785.251679674,29203550.389573354
臺北市內湖區東湖路１１３巷４９弄１２２號,25.07101001,121.61501,12621462.603703903,8325858.477962501,9690544.602367386,11669397.701471806,17515986.601623125,19798474.778114825
臺北市南港區興南街６４巷２６弄８號三樓,25.055018,121.602009,13877219.721552003,9535162.565782582,13527514.901623106,14844688.535625368,16018886.958607625,17247511.02106202
臺北市松山區光復北路１８１號九樓,25.0584099930983,121.555370037237,32404023.577958584,25667009.733947136,29482480.050103378,33810542.218585566,36309459.63680748,38141246.16319017
臺北市信義區松隆路２８２號,25.04824999,121.57543,11916724.352860576,8629273.864967454,10807923.171807652,12133083.588165548,13744887.509599846,16767271.10615911
臺北市松山區南京東路五段６６巷１６號六樓,25.0502800080228,121.560690031182,24914021.234916847,22065241.134523883,23425715.393812362,25074228.69167063,26824284.616602164,28778960.97484875
臺北市中山區大直街１２７巷１５號四樓,25.0833300198816,121.548640039539,15921792.795598097,12760235.631416086,15114165.628418002,16374099.748745853,17713355.91333084,18932988.76638522
臺北市北投區中山北路七段２１９巷３弄１６３號,25.12884241,121.5304101,16853530.233854644,13529542.730329411,15450325.42366927,17303002.87525793,18877695.12182948,20683805.567023177
臺北市信義區信義路五段１２７號八樓之６,25.033964,121.573943,26483314.44692591,23158905.44325438,25383767.61453174,26931635.09397891,28190588.570903353,29570286.608698823
臺北市內湖區陽光街１０１號,25.07526399,121.58597,23100532.095987525,19829964.956646174,21345462.100515604,23139919.4661045,24885542.718202718,26430029.243985683
臺北市萬華區中華路二段３６４巷３６號,25.02799701,121.502894,31606068.044762634,25122396.398941286,29338911.05253836,32454512.061515987,34257764.61196996,38255286.96861937
臺北市萬華區萬大路２７７巷３７弄１號六樓,25.025690018677,121.502279984533,19528014.36794203,15689453.375813276,17717438.04525025,19893349.457819644,21778690.37697435,23568095.287176892
臺北市內湖區麗山街３４８巷１０弄７號四樓,25.0823599822271,121.573850038263,16672117.528244302,15244386.535427652,15859515.112223385,16586361.409942321,17310586.90183155,18398221.80378938
臺北市內湖區民權東路六段１９１巷３８弄１５號五樓,25.0691799843075,121.597699989377,15312884.173121244,12608179.824604059,14370292.885304231,15568772.048910562,16762344.501169993,18613598.362582996
臺北市北投區致遠三路１１４巷１２號,25.1220971602584,121.510764482203,6800952.544495119,4161488.204588678,5397725.645075537,6479157.150177578,8161838.717045276,11471376.964022133
臺北市文山區辛亥路四段７７巷９２弄９號,25.00877882,121.5612194,10294903.585452992,8088254.121346933,9444351.634628428,10645019.748061545,12002129.948130392,12866863.987382676
臺北市松山區民生東路五段２７４號,25.059059,121.567813,19852689.336144842,16929754.74310978,18301354.60638985,19514995.126001388,21434228.658326276,23737404.197816275
臺北市信義區松隆路１２號,25.04310799,121.566674,29990186.487409394,21534971.322390534,25020625.413082257,30713750.201526348,36616879.66574969,42253600.080552325
臺北市大安區仁愛路四段４３３號十一樓,25.0380200077957,121.556709968279,60274618.21755363,49005555.21385644,53990386.754271775,61854665.9984784,67327320.41464204,72059375.44660772
臺北市松山區南京東路四段２１號,25.05192001,121.550331,35091291.105401635,31117738.35700215,33522718.413280953,35643286.383678235,37922818.936302334,40872737.47728021
臺北市內湖區民權東路六段９０巷１０號,25.06824201,121.585936,12879709.326617926,10458106.71616007,11994007.938929725,13209137.44048993,14532357.550739432,15425461.10705863
臺北市北投區新興路１５８巷１７號三樓,25.13896,121.486018,7977115.309181161,5348396.607907766,6225424.511886956,7722210.636884186,10852810.049746323,11996009.405278057
臺北市大安區和平東路二段２６５巷２１號四樓,25.026799992205,121.544129988898,25855994.494111937,21967245.303851485,24482829.271130756,26335770.866786726,28183740.792935602,29721363.138511904
臺北市松山區民權東路三段１０３巷２５弄８號,25.063668,121.545766,41072932.645139545,34309850.321490034,36790154.16768577,40536459.4952925,46331991.3538488,51309274.767823316
臺北市信義區中坡南路２７７號二樓,25.03876202,121.584252,15317501.552786719,12821321.55276429,14211619.085673517,15153558.947011117,16489712.448186025,17819827.49797434
臺北市北投區稻香路１６８號二樓,25.143630018059,121.488929959707,30279884.961114887,12788247.729893029,22030469.03673664,37561214.1602594,41955114.88978667,49060974.66127311
臺北市信義區永吉路４６８巷３６弄１１號,25.04455399,121.578732,6632046.235107887,3386282.8365221126,4196749.4708357975,5681898.4625126,11016865.663817499,15575182.858319126
臺北市萬華區大理街３０號五樓之２,25.03456302,121.501611,17847291.08308345,14102797.564643305,16252029.894752521,18351555.86432176,20245886.623774983,21696453.113969505
臺北市大安區瑞安街１３５巷２３號五樓,25.0267300033135,121.54098996033,17509558.039375607,12618317.718207732,15619321.270424003,18247150.31021211,20712794.353221215,23077908.325064022
臺北市士林區社子街９８巷８號七樓之３,25.0871699792739,121.505469969244,18984472.169567958,12566935.40507415,16978869.10421289,20093065.661949113,22808456.266392663,25464974.51807312
臺北市北投區三合街一段６９號,25.12671211,121.5056256,56463778.8111963,46568791.41437745,51092341.01455333,57004356.39307075,62067573.89151096,66534699.97858143
臺北市中山區新生北路二段１３７巷８號六樓之１,25.061240016977,121.52810001817,16050074.812769165,13241923.164738819,14814296.898848476,16337342.980143264,17264529.652864516,18355443.09209481
臺北市大同區重慶北路一段８９巷１９號四樓,25.0531500135796,121.514770026093,9301055.75334361,7561061.847612528,8317276.169490409,9360712.95724262,10432049.754108666,11283367.960132092
臺北市北投區明德路２９２號八樓,25.11520992,121.5224277,21550620.146936603,18376593.02014319,19749856.122596163,21635454.6132031,23444620.34628474,26152905.766867746
臺北市中山區民生東路一段７０巷６號,25.05764929,121.5263346,16320695.15021483,14017608.01722866,15297581.993862346,16635820.565818029,17422987.7834064,18444036.489099897
臺北市大安區忠孝東路三段２１４號十三樓之１,25.0414399919293,121.539999973746,28717743.082104266,23667114.64033585,27771676.074821897,29806027.18012752,31581882.338144783,33434417.62552122
臺北市內湖區內湖路三段６０巷４６弄１號五樓,25.0887599843967,121.592660034817,15997958.02582651,13578317.463589504,14961209.339141276,16155803.914870247,17275201.12580253,17946395.00410223
臺北市中正區重慶南路三段１６１號,25.02267999,121.517009,36806183.66038646,31932704.579303596,34097692.141570196,36959943.89417209,39343390.35490538,43725711.976262845
臺北市大安區忠孝東路四段４９巷４弄１６號五樓之３,25.0421053474034,121.545666643207,6284170.462356818,3713028.656041297,4848412.61440525,6883972.71960045,8837084.826553615,9817326.304895757
臺北市內湖區星雲街１６１巷８號二樓之１,25.0818799925418,121.596210022269,31860455.801735368,26980828.04296454,29647227.78296914,32074612.666905303,34638892.1136394,38292891.08051188
臺北市大安區金山南路二段１４０號九樓之１,25.02938401,121.526219,30137182.45186278,26307960.326609924,28176523.42438938,29856001.562642135,32284358.616097532,35206409.43940126
臺北市北投區大業路６３３號四樓,25.13718299,121.498534,29299609.361717727,21058084.108259358,25153113.36049246,30034589.99500408,34011401.25174185,39683921.61142359
臺北市文山區興隆路三段１３７號三樓,24.99831401,121.558763,7338460.592343958,6262747.517312001,6847438.546344908,7450308.310791476,8063180.963282689,8756964.942597156
臺北市松山區八德路三段２１８號三樓之１,25.0479800137915,121.556909960488,14751989.318009872,11763538.705494337,13685173.979708135,15443369.92732609,16535909.03682684,17734354.70801694
臺北市松山區三民路２９巷１號十樓之３,25.05456002,121.56349,53417476.21171495,48978561.00130628,51353340.82642035,53464398.44322724,56023290.306278534,58802733.94866802
臺北市萬華區西園路二段３７２巷４７號,25.02676415,121.490365,5459924.051175336,3480590.9604037125,5038840.067585818,5686178.0713393865,6512137.126698604,7418932.4710272355
臺北市松山區敦化北路１６５巷１０號二樓,25.0546300062233,121.550429994962,7858866.112362324,6582638.890054197,7355983.2685604915,8096046.989445024,8855783.918097965,10083607.55708935
臺北市中山區民權西路３５號十二樓之２,25.0629899907219,121.521159969979,13360781.496643309,11423563.110459263,12443027.678790156,13491704.177434098,14677046.789600976,16478553.280628653
臺北市大同區寧夏路２０號,25.05483201,121.514826,18420499.956574045,15200515.16658441,17024043.004052166,18624246.70474999,20413400.6922189,22033148.38941156
臺北市信義區吳興街８２號三樓,25.0305899954543,121.560600009542,17603801.211414915,15500049.604259923,16463791.686564824,17594932.85783968,18962088.356987953,20164752.38987751
臺北市文山區辛亥路四段７７巷９２弄１１號九樓之６,25.00875748,121.561276,10439014.191080641,8823342.101384964,9707272.435105449,10489403.162735332,11445787.107724518,12622454.17233125
臺北市內湖區五分街６０號六樓,25.0672094,121.6158018,22952913.622022465,16419150.2980737,22281465.51123214,24329656.932083778,25888677.007922605,27794478.430076472
臺北市萬華區成都路１３９號,25.04350601,121.503248,32404010.38229112,29454426.023092363,31157280.886252433,32821238.54657861,34287013.77581321,36654687.81858712
臺北市大安區新生南路二段１６巷２號,25.0325856,121.5324573,15276948.582517946,12598203.887661066,14027000.5006551,15449205.724766295,16609623.770352587,17925571.113273583
臺北市大同區大龍街９１巷１０號四樓之９,25.0672200019784,121.516929958722,14631088.171838421,12492719.950363513,13242552.702021822,14258773.11916332,15949903.144715356,17361996.737072565
臺北市文山區木新路二段１７２號五樓,24.98395602,121.568343,12125130.432129646,9274885.396950435,11202073.612537755,12766337.067362517,14077418.680328071,15434298.542647442
臺北市萬華區西園路二段３７２巷１０１弄４號四樓,25.0269999844148,121.490269974568,3812183.36984714,2730381.528030331,3124343.92131404,3492703.4161877446,4943669.99866135,5729040.632084549
臺北市中山區中山北路三段５３號五樓,25.0679400074612,121.522959983686,51545429.80062413,42001181.59579315,45491182.32944844,51145391.12032121,58824137.85501921,64595679.32815599
臺北市中山區錦州街３９３號,25.06036,121.541367,4098762.526055716,2575444.179609528,3040615.4135240503,4021385.293727175,5052277.858226709,6756804.738302672
臺北市中山區中山北路一段５３巷８號,25.04910101,121.522127,8867812.36491371,8041989.947928694,8452903.732367631,8868672.127876472,9373344.877773976,10031919.7343174
臺北市文山區政大二街９９巷１８號,24.988483,121.582752,14395206.950275391,12299339.878853422,13427746.73474161,14620976.148537999,15871456.86763909,17298296.702311922
臺北市中正區杭州南路一段７９號十樓之２,25.03920102,121.525557,34464918.83527602,29655781.988694128,33098985.98224873,35449943.10461944,37689052.90720725,39248030.64295075
臺北市士林區延平北路六段２５８巷３６弄１號二樓,25.09066599,121.503994,12456471.35076874,10478409.068506641,11475270.853780732,12536542.203039376,13885878.36107027,14863206.056901693
臺北市北投區石牌路一段１６６巷４３弄１４號,25.11386171,121.5150246,19942466.004086964,16192366.099526122,18495197.821789842,20371285.06430814,22102292.604398023,23959890.771721505
臺北市北投區行義路１４２之１號四樓,25.1298399852262,121.52819003981,9378166.184633506,7315783.965795801,8556477.148177147,9653514.284658767,10545386.864099832,11506239.83308795
臺北市中山區合江街６１巷８號五樓,25.05715501,121.539589,16558161.462594025,13513724.179272443,15540299.497304756,17184866.2754665,18399842.26205762,19951591.39589938
臺北市大同區承德路一段２４巷７號八樓,25.0505699799632,121.516519999838,27743509.858494494,22870022.1349491,25807217.5420051,28444614.322698206,30569277.508974507,32570192.19445747
臺北市松山區八德路三段１６５號十二樓之５,25.0481699896269,121.555399960631,31731396.155040033,25811628.618244875,29543558.514532134,32429346.86186921,34822867.835526206,37461076.0549325
臺北市中山區龍江路３７０巷１３號四樓,25.0664899801214,121.540180017026,15918947.038983468,14572673.158341128,15433436.434626045,16138018.978496915,16752698.871143268,17566676.53792492
臺北市中正區汀州路三段２９號七樓,25.0119299930576,121.535799969703,34204549.294826224,27698215.271449506,33684478.54729591,36591312.60674231,39465236.09264535,41453662.48529711
臺北市大安區安和路一段１２號七樓,25.0388200185442,121.550290017179,13976936.338592447,7835715.03186652,10150760.756973527,13241356.517510893,21633769.03571953,25425030.10840423
臺北市萬華區環河南路二段１２５巷１５弄６號五樓,25.034057,121.494202,12397147.03015795,9752515.24954494,11455204.152971111,12934865.120890627,14055172.944171231,15337208.107015105
臺北市大安區泰順街２巷１２號五樓,25.0257699820333,121.530930000139,28713045.253662534,24600841.352922782,27951726.912605252,30235899.345226713,32571350.908837944,34712129.792000726
臺北市中山區新生北路二段１３３巷１２號,25.06077599,121.528261,6185789.5310600735,5544425.933412396,5989745.66518457,6260194.3413975155,6600635.579712098,7031897.178676078
臺北市大安區金山南路二段１８８號二十樓,25.028170014279,121.526009990613,59591678.24896611,46766093.5242113,58722342.87665262,63569925.7472863,65970076.73428466,68323683.31513798
臺北市南港區興中路８０巷８號二樓,25.05736498,121.606352,1475010.1639430819,982507.2373985006,1118115.6128874482,1309791.691348935,1875478.3707752088,2659954.279296781
臺北市北投區泉源路３９之５６號,25.14144133,121.5071504,6031451.17810306,5237637.861899786,5518208.874197791,5994002.899193943,6570980.6813707445,6981673.876421942
臺北市北投區建民路１１０號五樓,25.1090000174516,121.51743999753,12436617.156387458,9397562.775846573,11758091.116032928,12912080.889145866,14405433.522900492,15697681.185749963
臺北市士林區中山北路七段２１６巷５之１號,25.12582899,121.533432,29006193.16732838,24474669.14179097,26449698.493580356,28167514.585810393,31773651.75948925,35083017.696753204
臺北市中山區長春路２６號十樓之１,25.0547600095415,121.541090040254,11425659.5447335,9618665.79003474,10374728.928393314,11333986.255693648,12507951.550106704,13706513.043427613
臺北市松山區延壽街３５１號三樓,25.05669501,121.559144,6450783.174921829,4290058.000758416,5527504.988636484,6630138.810021475,7697051.233356478,8941528.397245632
臺北市中山區南京東路三段４８巷３８號十三樓之２,25.05183503,121.538442,73148144.72672838,62775351.987221286,66087326.00168938,70634351.94400725,85398355.91645831,90503353.39692114
臺北市大安區信義路四段５３巷２８號七樓,25.0345799909134,121.545000030447,58095021.55266927,46729333.685359746,53414249.419074275,62016078.675120026,65374309.40440498,67125152.03853069
臺北市北投區西安街一段１８９號三樓,25.1102899923503,121.518080039657,14865918.055820618,12246425.053704765,13789544.576570995,15155658.791634513,16179823.151266217,17338162.588708073
臺北市北投區吉利街２５７巷３弄２號三樓,25.1188500109682,121.510429960448,16935352.405310363,14416485.5384149,15619368.501418369,17359898.396968964,18488991.022631124,20278304.69625057
臺北市中正區重慶南路一段４３號十樓之５,25.0449600140773,121.513349964057,11671477.241364632,8619630.646271635,10755210.895035526,12095874.935056366,13644542.490867393,15550571.305158626
臺北市文山區汀州路四段２６３號,25.00115971,121.5362157,37294847.34771239,33138106.664440617,34950392.44588117,37414006.3585101,39415043.20761316,41695043.892388865
臺北市南港區舊莊街一段６４號二樓,25.0410200166707,121.618600013488,12056962.454148483,9682847.173952827,11528756.127301384,12825056.033203013,13726133.35105415,14612911.8998255
臺北市內湖區金龍路２２２巷２號二樓之１,25.08776899,121.586574,8007351.85171082,6465748.881774926,7560659.440221634,8372016.14453948,9075786.505372873,9805517.123655481
臺北市北投區溫泉路２０號五樓,25.13372001,121.502992,10254658.89389845,8049711.083993554,9555424.630829863,10663914.583243737,11854592.51697197,13197550.123867981
臺北市信義區松信路２２６號,25.0413744,121.5718266,16651948.565317417,14284597.407400643,15524005.665126413,16760345.017968621,18255391.257170435,19738925.10743829
臺北市大同區重慶北路三段６７號十五樓,25.0662599806982,121.513899984543,31706588.94310262,25602178.21512151,29435656.98975176,32673294.36648532,35382779.03964329,37849045.11788345
臺北市松山區民權東路三段１３６號六樓之１１,25.0618599844453,121.546399975916,9908044.85060212,7710840.860473716,8656745.863162575,9845726.727394264,11123765.763909379,13175469.6090479
臺北市文山區汀州路四段２８９號,25.00148295,121.5355503,10983935.014710853,7080568.8902107645,8126907.609997018,10339864.153581515,13904408.456802642,20828967.82602677
臺北市南港區園區街１７號,25.0587539,121.6108427,23898164.307344604,20783471.850676075,22187576.25868719,24159677.854102418,26271333.807388157,27731173.212981563
臺北市萬華區康定路１０５號二十五樓之３,25.039469993226,121.502059959575,29284079.13315613,22658639.268177472,28187821.06235446,30969093.662618466,32746512.524857786,34567542.963912815
臺北市內湖區內湖路二段２５３巷５０號六樓,25.08397501,121.5889012,32496621.84717556,27064760.335414093,30124755.247503817,32757592.533714507,35369092.51829735,38894271.841880314
臺北市萬華區大理街３０號,25.03456302,121.501611,13992116.93389747,12010530.248769173,12893610.34810821,13999583.317721596,15165760.374960918,16399691.898322124
臺北市士林區忠義街１１５號,25.10727599,121.532816,20024258.485939473,17074640.891043235,18517559.416687954,20262319.40725705,22464621.99767456,24151452.124208946
臺北市中山區長安東路一段５６巷１弄３７號二樓,25.0469899852979,121.530030035195,37635934.66373443,32623777.50163441,35042970.691983394,37817975.402988344,40194150.016438216,43521627.329914555
臺北市中山區長安東路一段２０號十一樓之３,25.0491800089596,121.523939995805,16583127.678740527,13823996.703341598,15987924.337751823,17179700.76014521,18470477.146751214,20394555.51712512
臺北市中山區樂群二路１９８號五樓,25.0796799944153,121.558869984727,31038034.516641945,28453978.705619715,30066555.54924141,31426501.392716143,32523960.079313856,33916522.13883303
臺北市中山區雙城街３巷２０號,25.06326102,121.525319,30521276.65002627,23571213.46481114,26390006.339609224,30861174.446572147,34735240.621526085,39163354.25227553
臺北市萬華區萬大路８４巷３號,25.03056799,121.500149,13751442.275488941,8370675.650297069,12184425.115076263,14802341.391814938,17363910.74523024,19188710.90925219
臺北市信義區忠孝東路五段４７１號十一樓之１,25.04101901,121.577089,24820019.858435154,20158144.468117326,23319651.435372494,25061308.458529733,27275263.497691136,31792362.15632828
臺北市信義區永吉路１２０巷２０號,25.04474699,121.57019,12193431.963200742,10300409.044135585,11021801.389749898,11767014.921192383,13328237.740376897,15443060.413856307
臺北市士林區中山北路七段１９０巷２４之２號四樓,25.12579199,121.534979,23335558.795639854,15935870.922874857,18926711.638304543,22487117.07939385,28101671.359144386,37222484.896498784
臺北市大同區大龍街１３９號二樓之５,25.067572,121.516027,10278479.214392025,7774892.776171088,9341107.317299934,10858036.820995284,11780767.430982841,13195712.986698508
臺北市萬華區長沙街二段９１號十五樓之３,25.04055101,121.504744,18652417.929882385,15680472.145939255,17743817.48532535,19199344.22487972,20963007.676618535,22652723.41904591
臺北市中山區吉林路４０７巷２６號三樓,25.0659799832227,121.531440038947,15218246.02232672,13317559.448647344,14375343.759719009,15493462.458401479,16426717.094629826,17544444.17306786
臺北市信義區信義路五段１５０巷２９６號,25.02285259,121.5795203,16713523.789540535,13480917.551734654,15481905.358253736,17396931.947010558,18735254.327426016,20517884.562351625
臺北市萬華區德昌街１３３號六樓之２,25.0239299866482,121.496269992318,50200080.37266819,40015635.86777452,44646702.905708686,50636958.80944693,56015382.77600707,61876045.60762946
臺北市萬華區環河南路二段２５號二十三樓,25.0391299813237,121.497649988857,19828020.651475426,17056527.317082696,18828898.980141386,20316784.506410774,21774898.915767066,22646610.502631813
臺北市南港區東新街１２２號四樓,25.04644319,121.5885523,27283789.236917183,23215402.483424902,25160342.022658646,27432855.726895053,29820490.168328684,31788551.636395305
臺北市士林區德行東路１３２巷５弄４號,25.10713102,121.529537,80630.98609941965,21297.601448033492,40021.80909320269,66197.46221450728,212952.4276204077,300518.62991670915
臺北市中山區長安東路二段１８９號十樓之１１,25.0483699818367,121.542810006786,10631745.830977712,8976005.838259134,9780706.221638747,10480741.920735426,11732187.099524014,12972608.047473906
臺北市大安區復興南路二段１２巷２７號三樓,25.0328800152209,121.542189997408,50119867.36078688,44611840.05811482,47452524.50374726,50128978.55698324,53925085.80874555,56856624.22985267
臺北市北投區公路３５０巷１１號二樓,25.13289,121.50253,15883239.642138932,13368302.753220225,14486643.253704043,15961179.035049316,17777970.428560123,19479420.39980658
臺北市文山區辛亥路五段１２４巷２０號二樓,24.9971000174978,121.551059978805,17876936.995452143,12861074.602303741,15532467.06248177,18537872.091843266,21310707.225455645,24517277.54235671
臺北市中山區林森北路１１９巷３８號二樓之２,25.050322,121.526532,15189937.863585899,12489898.680445913,13461197.46814794,15171457.479841106,16950536.994981702,18105895.65378941
臺北市中山區德惠街１８１號,25.06666499,121.532232,10178335.153914416,8123638.30729632,9277427.8004587,10449192.135549372,11437853.657479806,12461757.64398778
臺北市文山區忠順街一段２６巷３０弄１２號四樓,24.9824600177735,121.558860010262,24189297.43072558,18973026.69665882,22102742.000345536,24678286.193220083,27678661.136099976,30371176.645610556
臺北市中山區中山北路三段２５號四樓之２,25.065020003852,121.522460003161,17905880.789506678,15503511.425146421,16975047.68820283,18286599.20566965,19704522.89257994,21335844.01040627
臺北市內湖區民權東路六段１９０巷６３弄２號,25.06583699,121.594488,66818503.54997205,50291395.06735049,59476803.27003733,68034609.95908159,76196348.06088263,86110513.44439061
臺北市文山區羅斯福路五段１９２巷２９號,25.00334902,121.536934,15408695.491594698,12803074.282077748,14902121.470135577,15931365.612325791,16900788.396049038,18010117.391133964
臺北市北投區大同街２０３之２號,25.1376900147357,121.499110032571,22919945.93495868,15393329.451733481,21038347.689463772,24743639.273516577,27186700.900876805,29565158.052572574
臺北市北投區自強街５１號五樓,25.11044799,121.513467,14419116.180963729,11459780.408288993,12957181.975836862,14723367.982145388,16352745.504961768,17961325.904359035
臺北市南港區研究院路二段９０號四樓,25.04448899,121.615577,43214849.45730269,32844623.803878002,38854163.16716859,44725533.04832423,50081997.88060619,54659314.33748147
臺北市中正區詔安街２６巷８弄１號,25.02478901,121.515616,14147070.14982791,11711844.82123787,13174310.3042353,14525462.255410254,15747466.914278228,16840240.267197654
臺北市信義區和平東路三段１６９號八樓之８,25.0240698,121.5532162,13690977.390622878,11913295.073004201,12607670.284751352,13665705.28613317,15092188.821290724,16085719.836039044
臺北市大安區臥龍街２５２之１號,25.01834198,121.556996,16906924.641069327,15145095.714207571,15957192.805443142,16728471.850134747,17844214.69820085,19653366.993564308
臺北市內湖區成功路四段３０巷２８弄２５號十樓之１,25.082989,121.591914,15397648.369121978,13240361.142082512,14531825.77014373,15605219.331527436,16797302.470176984,18244155.87883213
臺北市士林區德行東路２５８號二樓,25.109499997976,121.534419973164,60235108.91086209,51994221.96666681,56453014.83271759,61985258.25207888,64812703.94989299,68035884.53712207
臺北市信義區永吉路５５號九樓之２,25.04584581,121.5691028,21388341.959016588,18591534.15376207,20027704.048148423,21394554.01806711,23170783.836830672,24832792.32293842
臺北市信義區松山路４１１號三樓,25.0412399997195,121.577990027879,15206087.336682187,11997727.135924438,13958177.108941002,15853371.662521493,17016573.890976664,18628284.80736928
臺北市中山區建國北路一段２３巷１７號五樓,25.04738301,121.538073,20263837.953106742,15922715.644602163,18234837.29296417,20091359.903928056,22695738.639833536,26680275.24602487
臺北市大安區建國南路二段２０１號十二樓,25.0269999844148,121.53807004054,75605675.16119409,53709694.40300988,68323713.09489137,82173576.63370034,90449264.0040499,94820273.51896138
臺北市中山區松江路９號六樓之１,25.04627899,121.533204,26184086.343337744,19457207.153529763,24700961.230568696,27295226.212879315,29870409.768857963,31793401.58684698
臺北市中山區民權東路二段１１３巷１弄２號,25.06296602,121.534366,8201440.013312306,5906737.6082300125,7053061.878113166,8084327.188686676,9859704.401252458,12189835.057561764
臺北市中正區南昌路二段８９號,25.02722801,121.521045,20516263.801738832,17163966.711795587,19277566.212764513,20786059.361920077,22025928.015421167,23808617.36792308
臺北市大安區建國南路一段３２７號,25.034783,121.538236,7724799.46822056,4106912.234275641,6538063.59851047,9099458.669500846,10462883.077276254,11250525.072868094
臺北市文山區辛亥路四段７７巷２５號十一樓,25.0077400053887,121.560030040126,22368926.842974532,17533992.727833744,21432761.92620866,23033898.383101,25108630.275866605,26689340.58236522
臺北市文山區辛亥路五段１２４巷６號四樓,24.99700601,121.551573,15612998.120231133,12737160.830394253,14030609.114022426,15340910.935291532,17677131.116739787,19350330.605996627
臺北市北投區西安街二段１９５號五樓,25.1196299889682,121.510819970402,16553713.468579838,14013771.342993071,15814820.177147562,17400256.945133634,18463618.41107288,19782096.771796227
臺北市信義區忠孝東路五段４２３巷４弄５號,25.04147,121.575602,25713272.15215625,21456798.36827118,23316254.498975314,25677664.780003265,28022440.90497148,31196209.386208057
臺北市文山區景興路１７７巷２４號八樓,24.9926299904439,121.545519959901,17809134.6046219,15642517.154472541,16806304.93544607,17812583.313239317,18961340.0915362,20301586.13293934
臺北市北投區大業路５２６號二十三樓,25.13476402,121.496654,32362387.67625436,27770854.566111267,30987077.412088834,32844515.27386175,34488370.46693185,37064321.77866475
臺北市萬華區環河南路二段１２５巷７弄４號四樓之１４,25.03427099,121.493952,11845572.828896044,8696722.467854375,10985253.100827985,12623593.442406356,13817998.130709544,15049889.052908964
臺北市北投區大業路４６２之７號,25.13191899,121.496281,22756597.98236304,17025832.115810834,21653332.472455885,24077824.656314295,25981135.788635068,27659806.39326354
臺北市北投區中正街４９巷３５號五樓之２,25.1314599975624,121.49972995813,19510167.06517452,15880570.90035221,18573825.438911144,20293356.38004368,21743222.79852599,22873122.322618723
臺北市萬華區康定路１０５號,25.0392682,121.5020232,12410889.490754582,10921813.530596206,11442855.33244805,12148919.997183407,13368445.902254106,14747056.328745488
臺北市文山區興隆路二段２２０巷１４號,25.00078801,121.552229,2975398.973740625,2136681.5075306147,2403972.481734914,2746216.622746057,3466310.988999662,4621438.970661321
臺北市內湖區內湖路一段６８３號,25.07990002,121.576411,39990481.00894274,30783755.821146652,34874556.36726102,39347191.352249995,47458394.80532618,51587955.54343608
臺北市士林區環河北路三段１３５號四樓之１,25.085439996368,121.50601998973,15039589.177182708,11995776.981270438,13736629.656123318,15204995.982033178,17423455.339558575,19044609.366247244
臺北市中正區仁愛路二段９巷１７號,25.03876,121.525896,14351733.271723814,11852298.67023525,12892699.035449307,14693312.88527992,15875120.402773611,17055749.4359481
臺北市南港區向陽路１６２巷１０３號六樓,25.0568499951888,121.597239990531,49642891.75749703,42953630.35772383,47433257.06655626,51570441.87675492,54867936.32321325,58102067.5871412
臺北市士林區芝玉路二段８９巷２號,25.1126300101693,121.534960019186,17939095.963894475,15789293.25719303,16824615.755387656,17938954.17743481,18829141.17046216,20991981.070967663
臺北市萬華區漢口街二段５１號九樓之６,25.04586798,121.506388,11215228.338744577,9449122.597385427,10573179.716855012,11367310.150429495,12094861.357907405,12992103.235676307
臺北市信義區松山路４２１號四樓之１０,25.0404899870234,121.578009976809,17213318.290737823,14374528.897062205,15653511.056731764,17073337.610762548,19475195.166976646,21852013.197327465
臺北市信義區忠孝東路五段７９０巷２２弄１７號,25.04237902,121.582005,18336518.914897826,15537429.15211232,16193809.863323761,17518533.416956455,20936653.996652238,23784102.21806355
臺北市信義區虎林街７４巷５號五樓,25.04378701,121.576835,22389217.4066565,19813133.767762948,20968284.518783823,22368358.707190506,23737998.082232863,25359728.295995947
臺北市內湖區民權東路六段１５０之５號,25.06876839,121.5901577,20214083.717397306,17265615.22629679,18721646.704192907,20148079.15649533,22063656.70586209,24015110.415707648
臺北市大安區建國南路一段１７５巷１９號十三樓,25.0410599983488,121.538619977207,22769943.817198012,19910962.111950558,21306001.47336479,22685530.44683686,24865812.598071765,27030430.101783402
臺北市萬華區西園路二段２６１巷１１號,25.0254399865053,121.493010018716,9914024.141464721,7453482.244011088,8918999.626659365,10022421.696181435,10810011.486896556,11937154.491782092
臺北市萬華區莒光路１５３巷８號三樓,25.0306599843459,121.502890019446,6602218.020175321,5061796.404527063,5630409.66439784,6729742.494197703,7692665.165658734,8337758.07556308
臺北市文山區萬盛街８９之７號三樓,25.0055900053147,121.542629963505,18203894.742240686,14390321.659193534,17086777.3685276,18780188.07941115,20615597.113927238,22147026.59176227
臺北市文山區三福街７７號,24.9979200190855,121.543060038957,74081808.07514755,53614046.076875046,62174931.66809527,72654183.80553228,82755573.0750109,110435279.31006576
臺北市內湖區文湖街２１巷１０８號四樓,25.0908200047402,121.559729967993,16647178.651662247,13824573.073504517,14983030.714407317,16551496.478599265,18284598.629798595,20385496.561930403
臺北市文山區秀明路一段７９巷５弄２７號四樓,24.99043599,121.564786,15254102.53571485,12112272.379038345,13773081.052889574,15485467.99601117,17250463.743464872,19383923.86806641
臺北市士林區中山北路七段８２巷１０弄８號五樓,25.12074801,121.532032,30854659.4644254,24420024.761416316,28288149.804347277,31526868.21391154,34349830.36677314,38035369.20608801
臺北市內湖區成功路四段３０巷２８弄２１號,25.08307001,121.592018,15043100.471431952,12557083.597360998,14158260.825687014,15476445.96525969,16660263.88164932,18070877.493275873
臺北市中正區南海路１０５號四樓之６,25.0276600173803,121.507429993482,11371860.609801285,10252586.310647536,10853252.726455426,11440411.011650499,12044837.553490646,12576409.632549006
臺北市中正區羅斯福路三段２號十八樓,25.0188399921259,121.529810010237,63991368.81634224,47803885.39705405,55051350.29895679,65743503.238656715,73236411.34253867,88690004.88591388
臺北市中山區松江路１３３巷５０號七樓之４,25.05431501,121.5346844,10931219.68929998,9447675.207318781,10248032.407302838,11046038.91475571,11852685.36036622,12413080.896526575
臺北市信義區永吉路１７７號十二樓,25.0457699992907,121.57159002571,23653529.395221893,20004030.438856855,22086635.12313738,23974698.66583039,25600568.47368518,28025124.336327415
臺北市松山區三民路１８０巷１６號,25.06227099,121.56371,35156880.72780288,29129903.64448613,32514793.452822804,36127796.910293706,38879612.004220374,41672826.80860691
臺北市北投區大度路三段３０１巷１２８弄１９號四樓,25.1195799909158,121.464899965313,9417730.716920909,6279469.168111725,7993169.695721467,10206252.212050281,11394965.370988203,12205350.791304443
臺北市信義區福德街１０７之１號,25.0371899898337,121.58204997032,16429763.130610688,13839262.673099764,14842421.862108225,15981435.81898095,17521235.614963807,21606906.754147004
臺北市大同區甘州街５２巷８之２號,25.05998998,121.512343,15164440.922401631,10866426.105641486,14065986.06893643,16242148.023730582,18233405.47983167,19654424.25154082
臺北市大同區五原路１９號五樓之５,25.056692,121.517333,11148804.91791493,9347627.797203122,10239717.444326997,11308607.179186853,12112620.830933712,12902866.392778939
臺北市北投區泉源路６２號五樓,25.141409987184,121.512940005172,8291476.169289072,6022543.43952615,6853627.380127542,8336356.385691874,9803991.676655982,11255502.853407724
臺北市中正區汀州路二段２４４號五樓,25.02166499,121.52454,21429425.306237318,17797997.40002094,19874573.206221253,21695931.552986056,23314531.368310872,26751869.39562788
臺北市中正區廈門街８１巷６號六樓,25.024443,121.5178,21347464.531741507,15584692.10566906,19374800.754919533,22038408.597676642,24953169.527881537,28045089.308969136
臺北市信義區忠孝東路五段２３６巷１０弄５號,25.03994701,121.571407,23143348.147942275,18911804.941939436,21182326.779376917,23424629.60842534,26151787.15659228,27857906.157347977
臺北市內湖區民權東路六段１４６號,25.0688168,121.5895168,11367682.080942899,10255645.5652636,10718908.057484321,11381928.30926959,11918060.985247742,12411655.710030425
臺北市大同區承德路三段３０１巷２２號四樓之３,25.0756599917429,121.521349987724,21026088.437657315,18677993.08153763,20379087.22685264,21845628.51810907,23050341.968617123,23847350.813764486
臺北市北投區豐年路二段７８號二樓,25.1360000135079,121.495579994049,5860542.54802719,3351463.5230661593,3986244.546757114,5243690.943141098,9177907.33669322,10699047.294212755
臺北市內湖區陽光街９２巷６號三樓,25.07517799,121.58545,13400050.618031472,12153084.61961583,12750607.373338927,13480737.607061561,14271814.03937308,15192026.490897452
臺北市中山區農安街３３號十四樓,25.065020003852,121.525129974599,22258518.382046282,18439587.95531976,20812382.45694389,22972749.82272633,24715659.970288895,26927554.285488613
臺北市南港區研究院路二段１２巷５７弄３２之４號二樓,25.0480099790953,121.613310026756,17247015.79866618,13519546.130010275,15903388.188241811,17942906.853241593,19648247.046000358,21045797.599004198
臺北市北投區稻香路２４５號四樓,25.14398145,121.4881325,25624650.03141289,22657756.635557964,24280858.678101487,25828531.665864546,27433181.85569063,28802145.907865725
臺北市中山區錦州街４２６巷１弄５號四樓,25.059922,121.542656,22492780.13710358,19698302.382934272,20837654.658826843,22426881.288284518,23917127.894401163,26081123.790184796
臺北市北投區中央北路三段４０巷３８弄２２號五樓之２,25.1403099881207,121.485699993319,19250449.9902807,14457287.244812228,16545028.173598593,20066330.79051386,22315906.459382504,24050486.01064673
臺北市萬華區民和街６３號,25.02571902,121.498543,9533635.444441078,7025005.483742382,9443537.797542263,10139047.40100077,10764910.397166634,11472434.321636634
臺北市大同區雙連街７９號三樓之２,25.0598399876896,121.518919990174,59064903.55534894,48300669.09659375,54461057.81456911,60820945.702790216,65075495.95246564,70371018.54938857
臺北市松山區民生東路五段２４號七樓,25.05822718,121.5563771,43956586.708956234,38812413.133065015,41455827.141157426,44938073.23186439,47276318.22836375,49031645.323161915
臺北市萬華區青年路１６６號,25.020926,121.50262,5500467.357694102,4921279.410430574,5213393.001257132,5496839.553129298,5930951.451046351,6418083.100113509
臺北市中山區錦州街５０號九樓之２５,25.06016298,121.526107,6118206.837181242,5404218.201516495,5893572.965822138,6177408.7604737,6458313.343734803,6789711.395501679
臺北市北投區懷德街９８巷３１號二樓,25.1148600155091,121.521489965507,21913229.228456568,17815416.516312324,19724452.294427127,22089059.350480266,25144609.431909353,27225174.14292188
臺北市信義區光復南路４５１之１號十二樓,25.0346599961792,121.557789976503,20466654.228924196,15870425.966266401,19047850.97612289,21289484.15596763,22714463.180832006,25510846.937602717
臺北市大安區泰順街４４巷４號,25.02364802,121.530989,22869509.90011196,16436223.113576842,18623019.458294265,22851063.14899761,28777121.863109045,31401892.196651436
臺北市萬華區長泰街１３９巷８號,25.02172999,121.497425,12224020.43324701,8333020.757771239,9997310.014970394,12019086.619743537,15031008.149793554,18390215.317016583
臺北市松山區民生東路五段２１２巷３號四樓,25.0584400003117,121.565020038544,16180678.20457552,13343457.651491748,15254374.618578004,16584275.862764955,17640713.586709026,20067246.37278486
臺北市中山區民權東路二段１３５巷３０弄１５號三樓,25.06430201,121.534348,4850430.927320405,3639341.8765585637,4467802.220619474,4855240.483140829,5435085.301557941,6147871.913003248
臺北市內湖區星雲街１６５號,25.08104708,121.5965382,14754223.650315793,12633149.756701007,13698269.88440954,14754392.227252895,16098161.187260862,17656346.935095116
臺北市信義區忠孝東路五段３４５巷１號四樓,25.04135701,121.574151,28533528.210671462,22832652.58774267,25887475.594689872,28727367.392060634,31958929.49617117,35132990.03542155
臺北市信義區虎林街２０５號二樓,25.0379599933689,121.577070030187,17886283.650969137,14885565.62063559,17353862.260474894,18937023.363335773,20641087.522456206,22157999.10355515
臺北市北投區民族街５３號三樓,25.1337400009547,121.506419974149,11258426.66890508,7642923.38775211,10109562.423912143,11931581.870610721,13425348.010347258,14587254.364085648
臺北市信義區松德路２５巷１４號,25.03869999,121.576973,28521075.233873285,24182396.683008075,26854999.117814288,29151137.80704425,31286826.23939021,33274677.179751072
臺北市文山區福興路９５巷３１號九樓,25.0053100078391,121.547909975773,17777591.43038888,14220714.643291827,16043755.581887389,18396424.595575936,20601176.739240997,21991788.968665816
臺北市內湖區文湖街２１巷１１６號二樓之６,25.091230005534,121.559710019063,22580886.561400637,20571690.55724911,21552681.54203453,22674908.30678723,24159666.875364162,25181194.33281727
臺北市內湖區大湖山莊街２３巷１９號四樓,25.0852200133191,121.602799958364,21084595.24388182,6654846.966131725,11957901.751739986,17206147.336013537,56639330.50306259,66786133.33991611
臺北市中山區長安東路一段５１號十一樓之１,25.04892302,121.52611,37157594.544400625,32775239.88697552,34985459.244013645,37590403.838482834,39195331.879098035,40689030.50704526
臺北市內湖區文德路７３號六樓之１,25.07865401,121.582178,59955071.88138112,51355588.54501284,56498400.02142326,61402032.97877287,65120574.91227385,67743795.09992877
臺北市大同區哈密街５９巷７８弄１０號十樓之２,25.0756343,121.5148502,29475040.735253528,25490185.66237593,27793966.077674694,29974456.652605172,32092498.714995172,33955064.990173824
臺北市中山區北安路６０８巷４弄３號,25.08184999,121.549262,15365388.972912528,12600962.976921372,13942335.71110195,15851548.669593599,17199025.962457765,18538982.469648086
臺北市內湖區大湖山莊街２１巷１１號三樓,25.08513502,121.602102,18315273.29000982,13649478.646607386,16402728.78322843,18574011.449466486,21494205.924764298,24609647.215594452
臺北市大安區大安路一段１１７號,25.03948998,121.546168,53681196.11261904,44561732.75314362,49918123.610498704,54463470.50012104,61575546.12699047,68274132.21871808
臺北市文山區興隆路三段２２１巷４弄１６號,24.99362899,121.560099,1748236.1862935617,1166308.0249854787,1343780.348878859,1580892.498810086,2262965.7649722025,2900538.673965079
臺北市士林區至誠路二段９２巷９弄９號,25.10226202,121.527709,15320382.579285126,8149672.513436039,12910539.045730285,17749049.082740597,21825323.14281636,24920585.661498174
臺北市士林區海光里３１鄰延平北路五段３３號,25.07975899,121.510868,15945035.13308669,10417485.290788803,12779267.194851741,16737870.261486445,20257684.44396756,23321073.692806423
臺北市文山區辛亥路四段７７巷１０８號三樓,25.0091907033205,121.560140777204,22227483.236396305,16933058.667579696,19590480.56466563,22188149.135239147,25591615.08767115,28110342.949408166
臺北市北投區致遠一路一段１０巷１２弄６號一樓,25.10825101,121.518089,21730891.94112111,17056101.38382823,18668583.316751316,20849401.9856311,23834801.569642488,29842367.55298339
臺北市萬華區寶興街６８巷１８號,25.02610702,121.493614,6583963.998055091,3932153.011910077,4720368.634838529,6060353.6903444,9619354.372481558,11289436.126662793
臺北市文山區羅斯福路六段１４２巷２０弄２３號,24.99700991,121.5395575,25275672.73437876,22006813.062321324,23866839.593127765,25641634.82384077,27447604.092370946,29204752.159801584
臺北市內湖區成功路二段４２６巷４２號,25.070449,121.588505,16167778.567792553,14060644.10027149,15454059.81644064,16385283.582492026,17370327.35219469,18017318.40757889
臺北市南港區重陽路１４４號,25.05698302,121.600455,18165046.894727696,16343966.794384418,17143915.952951748,18232047.51606318,19274003.485418484,21522359.739555575
臺北市萬華區國興路６６號十樓,25.0259400089392,121.506819958569,8700615.15550534,7724583.111124674,8214485.865533418,8721324.20029823,9280112.176355436,9808284.943370966
臺北市南港區福德街３０９巷２３號,25.03912998,121.588196,8607120.657214526,5889091.631791856,7876532.0679285275,9176282.958998177,10249971.927069776,11316212.17846436
臺北市文山區指南路三段３２巷５號,24.982731,121.580205,10630220.170391895,8758274.623215776,9676851.26203001,10416535.240891663,11393335.895603297,13786036.184227878
臺北市信義區信義路六段２６巷１３號五樓,25.0334400101721,121.575660026435,17739921.518763628,15906452.275006054,16893536.246909607,18010553.658818144,19269390.968878653,20948366.49195938
臺北市北投區東華街二段３６號十三樓之３,25.1167699997857,121.514320001711,53123166.015816286,41871553.41779368,47552786.3772244,55260294.568027586,61954125.82245993,64499748.08127273
臺北市南港區成福路１９４巷６號三樓之５,25.0406899792332,121.587940017501,16844697.927311964,14684538.403889751,15993331.87712656,16978437.858261116,17893377.935145225,18857411.90155697
臺北市士林區德行東路２９８號,25.110032,121.536398,14530075.143711844,11587514.94253699,13187144.128903486,15254501.7807146,16430999.079548348,17579647.48663446
臺北市大同區延平北路二段２８６號,25.062546,121.510898,7250409.304979904,5862177.751448594,6471177.372667791,7173609.530392552,8053425.250606969,9075730.589934014
臺北市北投區中央北路二段３５０巷６８號十樓,25.1395000029074,121.488740025781,26320472.523156784,22577050.67332224,24300646.308019675,26114199.674643084,28198027.60299237,31774285.19454313
臺北市文山區汀州路四段２５３號,25.00190469,121.5362838,37477803.203822605,33507713.431220252,35337877.46017766,37751129.802025504,39644541.64321568,41637463.9418813
臺北市松山區南京東路五段２３巷１５弄７號五樓,25.052954,121.557739,20559240.103078775,17816577.804106552,19455913.007553767,20832348.033702448,22375610.092820104,23656490.328055754
臺北市內湖區成功路五段４０８號五樓之１,25.0759500055928,121.607600022856,23715698.745404907,20082700.182155117,22284306.774451565,24224741.076808415,26149627.649162397,27417995.51443206
臺北市北投區天母西路１１６號九樓,25.11881401,121.523,120715377.76496166,103777988.76289669,114873137.19588554,122843344.25588536,129662472.09595695,138607928.82820156
臺北市北投區吉利街３２０巷３弄２號三樓,25.1174599980551,121.511580041382,9643594.334464315,6425321.346599205,8513571.339164868,10215535.935663613,11480547.659911912,12408720.518082462
臺北市大安區大安路一段１７０號,25.036666,121.545894,34592615.46397643,21044145.80701916,25755468.698003575,34950126.842164814,50183607.88998841,59113646.376254216
臺北市內湖區瑞光路２３１號四樓,25.0744499802005,121.578390012299,19174183.441780597,16214786.418359531,17816570.720591497,19361211.614666127,21030817.867841184,22577042.7989298
臺北市內湖區行善路２５巷３２號,25.0558999902829,121.57702996469,23749113.19771485,22064431.020198807,22846223.831884313,23709581.32566598,24833131.062184338,25868851.352768466
臺北市內湖區大湖山莊街２１９巷１６弄１３號,25.08875902,121.599035,25208147.79460826,18714360.230491515,21918023.068421632,26379960.45230595,29565010.947408024,31772888.68474991
臺北市萬華區環河南路三段４７號,25.02635902,121.490138,7890067.22831348,6040481.521858675,7141298.431627529,8192939.567554283,8961168.62473528,9475594.302457586
臺北市大同區蘭州街５７號,25.06361398,121.515071,4534686.940423312,3089709.9752516774,3599109.530670191,4262711.056959947,5847290.745807935,7224185.039935582
臺北市士林區福志路１１８號七樓,25.09859992,121.5278051,64746494.11115242,60101693.13170017,62611364.436141945,64582494.571387775,67248677.13199241,69200551.56289005
臺北市北投區中央北路三段１６８巷４號五樓,25.13737699,121.482006,8554667.691681443,5399487.9357186565,6854357.343417969,9165218.42225183,10842448.353922682,11922906.947370641
臺北市松山區三民路７４巷２號五樓,25.0556100183426,121.564249993099,30065418.24164946,26548620.97231315,29224452.733347308,30904123.643475726,32085994.431411117,33498719.793137904
臺北市文山區景興路９７巷３號,24.9954999960007,121.545070019339,15787565.332124183,13971118.509486837,14848609.98590007,15886912.830568867,17052111.936848685,18245025.286679108
臺北市北投區石牌路一段１６６巷６９弄２０號,25.1134000137045,121.515649958288,10237684.4273065,6809963.97993919,8433023.025513735,10091576.290783418,12773367.315907896,15488694.586999284
臺北市士林區延平北路五段２１８號三樓,25.083981,121.510113,15099438.384757992,8307513.032224807,13251752.163057186,17645757.01400909,19593067.69195891,21573307.094411433
臺北市松山區復興北路２２３號十四樓之１,25.05679899,121.544502,1230160.3394897054,561905.5838470447,850499.3373724392,1271371.6047235003,1823198.379224137,3552455.647252064
臺北市內湖區內湖路一段７３７巷６７號二樓,25.0812200014858,121.579259970029,15738775.95127795,11060363.817205084,13208338.812990155,16697500.397152664,17938022.578559186,20390848.92598477
臺北市大安區通化街１９巷１７號三樓,25.03175701,121.555256,23351094.624365248,19996845.04841517,21136139.736870885,22768284.810783528,25353526.090759024,29141119.280183066
臺北市士林區重慶北路四段４９巷６０號,25.08093099,121.511016,9372452.753408225,6533591.623317284,8637732.561066585,9773510.119495109,11003454.195433099,12110533.573061924
臺北市大同區民生西路２２７號四樓之１,25.057170016252,121.515939972138,21022503.026016317,18423612.519901857,19619190.12205596,20915284.821247783,22602895.36515347,24137550.517104156
臺北市內湖區文湖街２１巷９４弄８號,25.09032698,121.560749,19379138.354260433,15670612.295111,17580550.7162276,19293488.63291222,21829447.799986873,23818047.030855175
臺北市松山區塔悠路３２３號四樓之６,25.061467,121.568938,10335915.751834808,8751527.635824284,9752927.10146337,10605898.4955705,11432535.71862344,12010308.614866668
臺北市士林區中正路６２６號,25.08680101,121.508551,9617365.281284422,6774980.510252334,7828831.424075843,9786029.905388976,11649609.040531687,13358003.97013993
臺北市中山區松江路３８巷２１號,25.04765491,121.5314594,71789814.56650105,61212687.640092514,65072117.96168205,69492514.7783684,80109816.97440384,88782775.41627796
臺北市內湖區民權東路六段２８０巷２５弄１２號,25.07061798,121.605882,16568724.730088247,6426645.5811351,9566586.317321355,14063369.198224919,36293215.525520116,48382686.30036418
臺北市士林區中山北路六段４４１巷３０號九樓之３,25.11660999,121.526995,61799443.62009107,56416554.125314444,59298969.87379068,62572914.121783294,65137316.354555465,68612245.59949912
臺北市萬華區峨眉街６２號八樓,25.043960011119,121.504700007618,9538271.27475766,7554585.644681759,9038087.479744349,9790851.773366163,10944845.75967152,11890903.74225568
臺北市大安區延吉街１３１巷８號七樓,25.0425699982059,121.554739969575,27406665.50466699,24895457.9015976,26393288.02715653,28091442.93916416,29566545.306184895,31842518.948828068
臺北市松山區延壽街１６號二樓之４,25.0565326928537,121.559850240494,15085616.514082473,8541894.230838608,10668944.489310438,13914425.661635492,24182679.52081478,28586681.13139177
臺北市內湖區康寧路三段７５巷２１９之４號,25.0763199827989,121.614400009445,13993082.31415793,11717181.846489973,13102882.027027275,14360942.192533124,15371350.97760019,16445093.275238018
臺北市文山區萬美街二段２巷８號,25.00352258,121.5629436,9504676.871976372,5447352.207629124,6604821.126886353,9388503.734920377,14275560.182798075,15781028.043425437
臺北市大同區寧夏路３２號八樓之４,25.05594102,121.515145,7097929.835714854,6123423.523929894,6453423.478426552,7030170.880489228,7763524.642944879,8405763.570031267
臺北市南港區研究院路三段１號五樓,25.03579,121.61708,52934891.572335936,40007730.80609169,43443372.31463796,50754121.781899445,64699036.028538,77948539.7129361
臺北市大安區麗水街３號二樓,25.0287800072826,121.528279977631,22944836.36836286,14928606.794360377,17489934.308247052,24164862.56783876,30434280.21536134,33912029.16476255
臺北市內湖區內湖路一段９１巷５５號四樓,25.0886700046662,121.562570008246,17044151.403650906,14398294.43002145,15253762.650448956,16765513.460231274,18806965.399642568,21676068.46186146
臺北市萬華區青年路３０巷６號十一樓之１,25.026020014205,121.504230034307,18939669.108182944,17648292.573555447,18249040.897855464,19010628.024065513,19883729.0737183,20759736.91581744
臺北市士林區仰德大道一段９１巷７弄１號,25.10737598,121.538738,17447503.750228982,5843185.171052429,13874407.566835115,21767603.957950965,28565250.379595704,32996571.06917098
臺北市中山區中山北路二段７７巷１２號十三樓,25.05738602,121.524161,24650690.63813804,21149005.13189718,23150953.023640126,24939098.24485838,26656054.413525328,28759585.36224793
臺北市松山區南京東路五段２３０號十一樓之１,25.0511399912886,121.565729985743,15008020.36064921,12084270.287696317,13742076.130608764,15523620.929513538,17014603.817373537,19080420.81127064
臺北市內湖區成功路四段２９４巷５號五樓之１,25.0851499825181,121.597680040448,70445736.83243823,59307383.08268521,64175178.55844038,68784197.8537493,76161478.12926316,84859721.66527791
臺北市中山區雙城街３巷２號十樓,25.0632399809841,121.524599986861,11460078.169452738,8236425.192216374,10017403.77522521,12006544.525608351,13448227.85449841,16019877.30613342
臺北市松山區延吉街１０巷６號四樓,25.0472799991478,121.553250002467,32378597.289596666,29239395.632912435,30645590.08980672,32390898.647596326,34247393.547146685,37033260.26435923
臺北市內湖區民權東路六段１２０巷３弄４號二樓,25.068350008255,121.587429978693,16979497.44533245,15586363.050263071,16195448.758835718,17020948.54567337,17768554.938279137,18627719.303863697
臺北市北投區新興路１５８巷１５號四樓,25.13890602,121.486065,11552534.277528435,9781386.928384697,10982083.391667195,11772013.329088822,12687089.990072481,13552425.571469987
臺北市北投區幽雅路７號十一樓之１,25.13729598,121.513111,12953131.907951735,9595846.748825418,12212562.609973658,13910807.031417903,14773830.17366857,15333987.903791998
臺北市士林區德行東路２９號二樓,25.10697901,121.526066,16325696.057908751,13293711.465583958,14853765.090848101,16423162.760020018,18184087.138783395,20169802.63555871
臺北市信義區富陽街７２巷２５號,25.02256399,121.555489,5557250.326027797,4022503.913863939,4968381.768586546,5844673.90861926,6341781.488214954,7008376.713094516
臺北市中山區明水路４５３號,25.07748691,121.5503538,35292274.14450803,29217527.76317634,31028076.215168815,35581775.00427483,39181630.321279526,45592356.77670944
臺北市大安區敦化南路二段８１巷４７號七樓,25.03005301,121.550537,45824210.4392299,40673090.568492405,44367335.07325679,46500667.73260379,48340684.59680905,50058663.60707666
臺北市中山區德惠街１２號九樓之２,25.06656198,121.523756,22153946.780910857,19332147.740502812,20786653.733632274,22432136.452254526,24202481.79314674,26181161.11297243
臺北市松山區撫遠街３７４號五樓,25.0636900053656,121.565729985743,20019486.913151566,16066368.500830889,18056280.332025833,20345037.395084936,22778361.60207704,26257971.884208396
臺北市信義區福德街２５０號,25.03875799,121.585329,22828730.756475855,19480281.07492977,21596116.773561724,23221470.17753777,24746110.71942769,26270951.79221994
臺北市中山區復興北路４３６號,25.06359902,121.544035,28164235.415951416,21942005.93714688,26603869.338296205,29371877.45407597,31529875.545926426,33175756.633082606
臺北市中山區民生西路４５巷７弄１６號二樓,25.0586899905739,121.521379994937,14125641.912658121,11930104.721459221,12790210.282023266,14367219.327351708,15816235.725637713,17216168.216227226
臺北市大安區敦化南路二段１５２號,25.02521908,121.5483706,35921933.90188831,32321628.525693282,34579794.13086654,36267547.543183625,38040714.17277762,39623526.313163996
臺北市北投區中央北路四段５４５號四樓,25.12765202,121.467595,10233374.648942392,8174036.8041133,9541687.862693807,10548066.732578173,11387740.472935535,12602993.895716345
臺北市信義區嘉興街１５５號,25.02813401,121.557321,4743048.160769837,3270002.9720570687,4410749.899410492,4975235.436648797,5497312.041765245,6331021.153947946
臺北市北投區大業路５２８號八樓,25.13479801,121.496673,32234133.833823685,29055239.090220153,31075816.01521679,32744023.49917937,34270525.54860546,36288475.151436955
臺北市中山區雙城街１９巷８號二樓之１０,25.0653199921666,121.524869967962,19714845.634578455,16514336.858858509,18135691.47223518,19912504.109037373,21754151.890817624,23337579.636854455
臺北市中山區合江街３７號十樓,25.0556500000207,121.539209979372,21778251.077159252,18939907.066617012,20397700.940420542,21946169.009621236,23615639.872958187,24706371.310891025
臺北市北投區文林北路３０２號,25.11088402,121.5115703,43991201.3315293,36897061.44819279,41612970.75775603,44531861.84175387,47798800.31794396,51123295.71229299
臺北市中正區寧波東街６號,25.03210289,121.5199038,77694772.3381447,57964254.41139138,73000045.94652848,86912076.76065956,92499725.51581544,99510129.98340319
臺北市文山區景後街１０１號九樓,24.99140908,121.5428724,42666790.02275911,32069379.02133769,40480051.14042459,45008995.12023832,49418636.67441617,53037358.072460175
臺北市信義區吳興街２８４巷３９弄４號二樓,25.022380005113,121.563870041428,15830710.786324702,14126252.550888758,15114180.5097025,15926676.977975456,16819477.345461346,17948915.426219746
臺北市大安區溫州街１１巷９之３號,25.02556701,121.534178,29274271.735412993,23442869.084734045,25879668.774813566,29869084.322146498,33391850.25620226,36183517.641100384
臺北市大安區復興南路一段１３５巷１５號四樓,25.0427100178985,121.54504998659,15605101.720036432,11291249.776782874,14364243.370206635,16414989.349448,18209400.993615083,19825070.801642712
臺北市內湖區江南街７１巷９３弄１３號二樓,25.0748500065295,121.579709994411,17928853.614743903,14371268.970851533,16635620.11017554,18627049.79426742,20164758.050571255,21296131.50062034
臺北市信義區基隆路一段３５０號六樓之１９,25.037009988463,121.561729973909,10565327.174909467,7576080.3702657055,9476157.34531819,10864509.18385776,12557689.013106797,14162981.097219897
臺北市內湖區大湖山莊街２１９巷９２號,25.090229,121.600286,16826100.86829494,14362299.79551056,15646108.910777489,17226374.300588585,18528324.89015125,19620711.970348522
臺北市士林區文林路６８１巷２０號,25.10085101,121.521416,6604327.611190467,1512685.3180510888,3309582.640646958,5809218.73906563,20630776.094334446,24018917.334794044
臺北市大同區哈密街７０巷３號,25.07308398,121.517315,13471578.661390634,11555988.989464628,12501190.368916739,13510679.603163341,14568761.900363043,16128119.71930937
臺北市內湖區內湖路一段９１巷２７號,25.08691802,121.562774,17599961.791823898,15088989.64929662,15933735.546606721,17114225.556836907,19228715.910068344,23025837.899375997
臺北市士林區中正路６８３號七樓,25.0854899944204,121.507060016276,15746781.03161962,12243903.976800697,14213287.384372147,15628664.795279805,18250338.18036253,20292564.627850424
臺北市南港區東新街１１８巷４１號,25.046288,121.588898,24162278.44107081,21339221.165625766,22875572.40994842,24252680.810054198,26092503.381284744,27987697.79533072
臺北市士林區中山北路七段２１９巷８號二樓之２,25.1274200040509,121.532509988887,32742663.624367073,25875082.360686842,28592062.809644867,33251025.283717193,37349773.135671474,43104577.055740595
臺北市松山區復興北路２３１巷２號二樓,25.05694899,121.544652,19115609.029246494,15485303.32929768,17738569.916890245,19828138.457131088,21410241.575615995,23746666.696856745
臺北市中山區新生北路二段１３３巷１７號,25.060921,121.528398,6728865.967217563,5632946.360305765,6181192.258621499,6726078.6217464525,7495113.999509049,8063119.048432042
臺北市內湖區康樂街１８６巷３４之１號八樓之１,25.0772499968657,121.620389968911,23236642.11673273,19406405.652428094,22328601.429552123,23862308.447152227,25574554.43901848,27631032.46388766
臺北市中正區臨沂街６９巷８弄３號,25.03538101,121.528744,83180917.96557413,74206257.01747051,82766719.22251289,90336300.9608707,98401435.24209636,107891064.28641784
臺北市文山區景明街８號,25.0018300092788,121.541579962495,16433270.324922523,13136709.221345615,15003979.969254315,16626529.168546394,18073505.28715041,21523701.501058478
臺北市士林區中山北路六段４４４號,25.114153,121.527412,14936449.842743075,9959518.741954602,13430644.642075127,16069838.11095243,17612350.198141392,19611574.334802188
臺北市北投區大業路２８０巷９弄１１號,25.12783801,121.498537,8914487.778257798,5402797.920345424,6515389.78900872,8826368.326460041,12802722.875923093,14728011.765733883
臺北市中山區松江路４１２號,25.06432447,121.5330757,51987526.34350857,40480748.995903745,45739104.02134211,51566457.88566293,60065491.71326755,66772262.334673114
臺北市內湖區成功路四段３２３巷３弄３號三樓,25.0840700162035,121.598689975961,13128379.136907903,8115528.3353627315,11554726.224443955,14236868.09134705,15955207.676635643,17839425.14314369
臺北市文山區福興路１０６巷３１號十二樓,25.0067700096438,121.549900007225,25916870.37440845,20553301.242937423,23084962.727920968,26241041.98763785,28218518.096267715,32869133.72323545
臺北市文山區辛亥路四段７７巷９２弄９號十二樓之１１,25.0087799900252,121.56122001892,14642662.052572861,11470606.776305102,13210918.388103835,14838577.65938582,16597255.31589156,18179619.417907488
臺北市信義區吳興街２８４巷２４弄２７號二樓,25.0236600055469,121.562540001032,18418833.959728573,15627638.47521046,17196316.934001837,18553459.87293741,20114971.911142282,22070900.165965512
臺北市信義區松山路４６５巷２７弄２１號四樓,25.0405600178244,121.578920000037,16515224.101386163,14473477.167815203,15551605.86014566,16623688.836498,17890195.440214492,19566720.40673206
臺北市大安區和平東路一段１８５號,25.026435,121.533101,28213878.55990193,22556968.60741383,25492446.0547805,28914501.529608756,32428598.81980489,36068721.697988845
臺北市內湖區內湖路二段３５５巷１８號二樓,25.08417492,121.5920088,38156601.302636325,33126934.492989335,35769758.77199453,38239523.761762634,40433863.23803179,43052437.228313304
臺北市內湖區康樂街１８６巷２弄６號五樓,25.0759199983794,121.620170027772,10125921.382011633,8050211.522812822,8776735.682245027,10196572.043861669,11796819.177563211,13009188.158144623
臺北市北投區實踐街２８號,25.115001,121.508423,16255525.470470317,11560157.486656766,13774712.831129981,16672797.810930034,19541867.5929071,22688067.448397674
臺北市內湖區民權東路六段１２０巷１弄４號,25.06869899,121.587394,16478318.909075819,14717444.472643593,15869477.305207258,16706340.297552029,17556700.994672857,18528971.177007437
臺北市文山區興隆路四段２９巷３弄１３號三樓,24.991,121.559386,13514290.69081797,11214890.783493152,13005460.702121824,14016553.054847691,14852041.210662622,15804382.183200628
臺北市內湖區成功路二段３１２巷３８號,25.06708698,121.588716,30160333.295647867,25369881.627899997,27208912.627408735,29810567.927030746,32686223.919518758,36537632.175536305
臺北市士林區格致路２０巷２９號,25.136515,121.547415,5487769.796008004,3611574.547238094,4749663.539023339,5463123.141329852,6601622.650578314,7860781.9054763075
臺北市南港區東新街５８號九樓,25.0472900155221,121.585680004948,57366232.595926486,45645793.67049881,55233881.30582327,61288870.652997464,66309218.036271796,72977918.8551326
臺北市中山區天祥路８６巷６弄１０號四樓,25.0638765,121.5199457,11977383.178187184,8527823.431780614,10868509.330803646,12617777.401674507,14562513.448948486,16868198.76497483
臺北市南港區研究院路二段１８２巷７９弄６號三樓,25.036847,121.613678,13546233.019341424,11161812.475388888,12802408.28564191,13903028.60285804,15065202.937251331,16148306.433799686
臺北市松山區民生東路五段１６５號十六樓之１,25.0591699802592,121.56394003032,48053811.50945085,38268802.679499984,45422581.99113841,50337306.310540475,56654794.018181846,62786981.62159417
臺北市內湖區內湖路一段５９１巷１１弄１３號,25.081263,121.573735,17487604.681575738,15847693.028608678,16740066.751352903,17566729.795696046,18578195.40049248,19749130.27002459
臺北市內湖區內湖路二段１０３巷１００弄１１號,25.08381311,121.5802655,33380245.36908089,27200979.92464677,29993216.621770676,32898519.09781869,36999960.03124847,40114851.826869056
臺北市中山區農安街１３８之１號,25.06472002,121.532041,15049991.968798708,13106206.445401473,14096380.593896644,15123942.479023522,16254374.459717127,17966641.71549568
臺北市內湖區內湖路一段６５９號,25.08025738,121.5753352,33656306.96851736,28825186.46995083,30492225.934491575,33237547.377862953,36516714.431783766,40147075.94219413
臺北市士林區士東路５８號,25.11191998,121.528107,27064540.72483925,20958493.631897695,24480068.942398153,28579275.738493476,31190077.823551495,32857298.147537183
臺北市文山區木柵路一段１１７巷２弄８號,24.98826302,121.548068,22231644.489161022,19364731.191803206,21041618.029676244,22397391.311612897,24335886.99553264,26293232.375713408
臺北市北投區致遠一路一段７８號六樓之１,25.10909498,121.515678,15511366.887787577,12982487.567073204,14346848.168406831,15751247.115835557,16892900.952489167,18073128.318612546
臺北市中山區松江路３７２巷３０號三樓,25.0630199979353,121.531949993936,14777255.787878148,12807012.223881394,13734901.308671555,14839570.242371209,15942001.686909836,16796536.088578805
臺北市信義區永吉路２２５巷４弄３０號二樓,25.04607401,121.573449,10888998.566038799,8309960.334835751,9969938.777887043,11108998.720215067,12277073.181799721,13774907.146162
臺北市北投區中央北路三段１６８巷２號五樓,25.13728102,121.482045,10734135.523773983,8878824.803572414,10009749.145997168,11023718.948185572,11827205.450093485,12927046.327679753
臺北市南港區舊莊街一段９１巷１２弄２號五樓,25.0414046622074,121.620026697228,6977146.41169535,3320205.434610961,5850476.288858065,8090890.523819672,9267349.153417688,10290031.695211412
臺北市大同區民權西路３００號,25.06283899,121.5104931,20173113.90600327,17180143.928336352,18608565.082311418,20166513.184387222,21802765.371113606,23679426.067217574
臺北市內湖區內湖路一段６９１巷２號,25.08022901,121.576813,16557412.654752309,12979339.174477462,15136019.286032615,16965814.948018607,19158680.39215802,21066464.87144549
臺北市萬華區漢口街二段２７號十三樓之１,25.04557902,121.507706,26075561.403274342,22835614.057339437,24335163.466959894,26541249.804679148,29092552.171809707,31278953.50454675
臺北市文山區新光路一段６５巷３８號八樓,24.99067701,121.575434,31164572.798389554,26085146.363064416,29088922.21664246,31746001.383514505,34913100.45490237,37523821.36494283
臺北市大安區建國南路一段２７９巷２號,25.03603501,121.538431,25622470.515256595,22470046.672901243,24204053.02754019,25999658.225771032,27874479.662782565,29234273.29185737
臺北市文山區景興路１５３巷１７號七樓之２,24.9940500105703,121.545890020926,5447649.5745198075,3650098.725187858,4772788.227854333,5832227.598300803,6495582.7659214,7115439.8903179625
臺北市士林區福港街１２９巷１０弄１０號,25.08773199,121.518532,14861721.309593631,12418570.544830669,14123991.269911863,15161548.154928235,16187402.656964418,17175128.355325975
臺北市信義區虎林街７０巷１７號五樓,25.04418402,121.576358,22244063.35929353,19484538.89657718,20711966.85219381,22157123.9003372,23522360.74598308,25423186.207557954
臺北市大同區迪化街二段１４６巷２之５號,25.06672744,121.5091706,5986086.071444434,4568085.432825872,5144920.459356075,5729641.034240075,7064509.862638485,8271503.61203668
臺北市信義區松山路４６５巷６號三樓,25.0394500023869,121.578590004509,16368612.16534245,14559841.771080002,15520886.601888347,16446106.984427674,17602597.323179945,19154428.900055256
臺北市北投區溫泉路１３９號四樓之１９,25.13995799,121.512059,6895880.914975189,5805524.156218325,6236687.15316116,6732122.425428913,7367225.14306985,8398106.691939808
臺北市松山區八德路三段１５８巷８弄１０號,25.04757802,121.554814,36233476.43713593,32075073.84713639,33904534.9542487,36418006.77523034,38907368.8558361,40886271.549469
臺北市士林區至誠路一段１３６巷１２號,25.10216801,121.534922,26498998.370431617,20825340.01158592,24744988.191168115,26807034.798429772,29073301.111024518,33077042.35336724
臺北市信義區瑞雲街３６號,25.01608,121.576492,6330679.702929689,4609374.36212226,5577923.921806687,6367571.924940333,7414578.223750904,8528571.646951614
臺北市中正區汀州路一段２２６巷８號三樓,25.0274200015829,121.509429999399,15641518.534697011,12063819.473599162,14290085.964339936,16623676.917178893,19042978.957204007,21667106.82628715
臺北市士林區至善路二段４２１巷３２號,25.1062399824645,121.556300009394,44033032.97375485,13739635.28773378,26625034.43226468,54519206.53649405,68301705.77642505,91526880.29184881
臺北市松山區南京東路五段２９１巷１９弄３５號五樓之１,25.0525100133626,121.56742002888,12010189.64582488,9730657.30466933,10829484.89287171,12093027.431554269,13412961.100249724,15428273.239204386
臺北市中山區中山北路二段５９巷７號二樓之１,25.05597601,121.523465,25966273.080442507,21079887.666548055,23612762.513751715,25866271.53609333,29159732.41090775,32216729.432706404
臺北市內湖區文德路６６巷３４弄３號,25.0761800050159,121.581840003646,19550881.99992629,13075644.591368001,17654072.050090678,20340867.05229723,24176041.803891286,28026714.485825494
臺北市內湖區江南街１１１號三樓之６,25.07645099,121.576248,16598024.278612934,13954004.78200613,15066956.752052791,16665493.884401126,18754528.72502892,20901036.697127655
臺北市萬華區康定路１０５號,25.0392682,121.5020232,30071183.783688962,21260445.021630157,24601146.755876184,29654991.65348488,36912210.422930814,44850647.178495266
臺北市北投區中央北路四段５４１巷９號十五樓,25.12745701,121.468269,16394426.027657451,13802522.324029218,14705081.645420657,16025738.71860323,19486768.641251385,20696015.344122544
臺北市中山區北安路４５８巷４１弄７２號三樓,25.07855564,121.5446086,49895243.78514843,37918493.24087244,41875050.53217665,50569076.71739864,61737981.15756044,65925278.96297555
臺北市中正區水源路１１１號九樓之１,25.02159701,121.5184347,27883700.940141425,22682838.45712638,24902992.12948484,27637979.526551202,31094321.95376139,35516976.681692615
臺北市文山區指南路三段５７號七樓之３,24.983449,121.580086,13491913.466296338,9803721.833057124,11245352.062865682,13074322.380740564,15799916.950396447,18867683.543463416
臺北市北投區行義路１８６巷２１號,25.13291899,121.529587,12048885.193882909,9696752.267768519,10635556.990041118,11811473.602384495,13974547.61407449,14957362.64418982
臺北市信義區松德路２３７號四樓,25.03458502,121.575012,21204621.2295127,15248827.475027835,17876816.200716462,21191512.65819225,26349249.924667202,28122940.898009658
臺北市信義區信義路六段１２巷３８號四樓,25.03207598,121.57488,8263582.8078010995,5528506.019239067,7539906.3378557665,8907556.56454327,9997354.466704944,11043688.27431474
臺北市大安區新生南路三段４號七樓之２,25.025535,121.534521,20562496.977511335,15102608.5452467,19595291.69150091,22185648.294582494,24098359.813702747,25575000.16926651
臺北市信義區信義路六段７６巷２弄５７號五樓,25.03351599,121.576372,18845639.140855424,16286091.210905734,17104269.319664605,18808608.98564476,20580858.271233987,22786107.89516048
臺北市內湖區內湖路一段３８７巷８號五樓,25.0824699947063,121.570199970887,61619327.92951635,52670447.487829156,58312864.92877071,62457393.88638215,65633079.38408733,68430374.29663189
臺北市萬華區青年路１５２巷２號十樓,25.02129928,121.502175,19168323.88513821,13907549.232709832,16469316.648357319,19663559.75449279,22863904.74150692,25931240.939426217
臺北市北投區致遠一路二段１２巷５弄７號四樓,25.1115300111061,121.514780000558,18886075.658217065,15329212.362038633,17531382.247205578,19543996.34993938,21258044.850107104,22676195.314079843
臺北市中山區林森北路４１６巷１號四樓之５,25.05979121,121.5250618,6640905.96807494,5411784.976391892,6238900.584195088,6692683.712530439,7359198.636510131,7873123.498159549
臺北市松山區八德路三段１９９巷１９號六樓之７,25.04915,121.556443,15341620.39341762,11573950.1541957,13949521.840368938,16358661.253936402,17866104.233586844,19180413.56839439
臺北市松山區新東街６５巷１０號四樓,25.0621000002428,121.564570014162,22050921.08152637,18498152.376524538,20376336.552444905,22352849.80239878,24050338.43040869,27370032.116512023
臺北市北投區關渡路３８號二樓,25.121009985507,121.469080020426,44009047.8805286,34895287.82163002,39080807.28440939,43052793.36432281,49970613.64260894,57226350.16609945
臺北市萬華區中華路二段３６４巷１５號七樓之２,25.0283700064888,121.503810017139,31553156.63951427,28785281.746277824,30737986.85350773,31990556.42806164,33377102.042412847,34435058.89724961
臺北市松山區三民路１８０巷２５之１號,25.062481,121.564095,17722897.584263794,13808381.083345523,15780928.150527986,17769885.88762591,20110706.77720417,22535527.51422894
臺北市中正區南海路１０５號,25.027592,121.507486,8102614.177455342,6787819.058450436,7468785.659362395,8124443.790401373,8864385.76100242,9697428.240772538
臺北市南港區忠孝東路六段１３０號九樓之５,25.047930015739,121.58535000942,14782588.269296095,12400312.613831222,13785704.711356122,14898420.718858201,15889544.37525004,17010856.33524438
臺北市中山區明水路５３７號,25.07833202,121.551722,25691337.71018781,21841010.309645534,23568464.350552563,25564136.827019386,28402185.221166812,31429819.53745873
臺北市文山區政大二街１７１巷１９號,24.98942701,121.585248,26048971.228301775,9776821.321819559,21257315.067817222,32147967.076394465,37067430.675963685,43015230.90889606
臺北市萬華區東園街３５巷４６號,25.02717898,121.497173,8756595.88435823,5662169.592029648,6679285.473930046,8221748.242141288,11489111.161801852,14503975.09901475
臺北市士林區中山北路七段８２巷１０弄３０號三樓,25.1201699930803,121.532389960034,17810308.798594713,14950721.568744877,16605681.435601523,17889308.832628295,19401208.334128343,21097393.300282996
臺北市萬華區艋舺大道８６巷１４號三樓,25.0329500041124,121.503080037191,13265761.048311602,10024131.131316638,12513903.788810391,13750909.130438436,15294472.431555713,16991860.773165394
臺北市士林區承德路四段４０巷１號二樓之３,25.08100798,121.522212,4486399.208580282,3398719.407069792,3743366.436810695,4469334.777120074,5216107.887891362,5782566.25525153
臺北市信義區富陽街７２巷２４號三樓,25.0222399854205,121.55551001502,20968788.88269704,18086533.162204288,19601155.177615013,21261739.02807953,22716977.05614087,24945411.812963575
臺北市大安區安和路一段１２號四樓,25.0388200185442,121.550290017179,32390664.92987911,27954241.168111313,29640002.235843282,32791405.228968296,35356447.25727766,37627043.13683048
臺北市南港區重陽路５２９號六樓,25.06304356,121.6139606,15409125.749994477,12860937.124847105,14279150.546533484,15487447.676027704,16657389.781005185,18137166.43577373
臺北市大安區通化街１６４號,25.02845198,121.553602,23449543.734212574,19018327.643379267,21270659.632242158,23681897.581290193,26202862.135092065,29159535.765654176
臺北市中正區廈門街７７號六樓,25.0246699829701,121.5175499681,22839118.229865633,20395654.009616196,21731512.807700522,23019541.571238834,24402660.879622288,25934281.444734752
臺北市中山區民生西路４５巷５弄１４號,25.05833301,121.521329,4780896.110161559,3204656.3271281254,4277523.784415058,4858165.037175142,5459229.3400693815,6558594.881812351
臺北市大安區臥龍街２６７之６號四樓,25.0187500123953,121.555180019492,17198898.181988634,15027294.431479592,16049395.406802744,17176121.15240713,18511366.177555926,20493084.445873298
臺北市內湖區大湖山莊街１７３巷１１號二樓,25.0879000011309,121.601869986207,14894882.24615743,11449740.639495594,13522832.255879458,15709484.545436949,17093175.705349028,18026149.681852523
臺北市北投區文林北路２４４巷３４號,25.108975,121.514324,11091287.364538237,8811720.89156857,9894650.510062627,11509657.167191911,12687058.003831344,13825902.187509324
臺北市大安區金山南路二段２０３巷３號,25.02808611,121.5266667,45142207.47474208,35721893.93778035,38845327.20081916,44350529.22336098,52715046.56708173,58930776.13976226
臺北市中山區北安路５９５巷５號,25.08224301,121.548168,22382609.06611381,16953989.131519042,19713964.91956784,22469809.593973167,26856712.049006306,30519966.299940582
臺北市萬華區長泰街２８２巷１１弄１３號,25.02143,121.493132,9815082.602869501,7076513.684028037,8275025.8115981,9944091.583723152,11546599.952869149,13471497.131846145
臺北市萬華區雙和街１１６號五樓,25.02775,121.500816,6005165.975317752,5165289.496827316,5587011.302063109,6053975.7260267185,6388582.541255184,6947569.949967905
臺北市士林區中山北路六段２巷４０號三樓,25.1031999919113,121.527879993211,37187226.38413669,30475886.23103375,34371519.56398216,38211668.28490343,40728956.44606362,44152603.80072577
臺北市大安區忠孝東路四段２３３號,25.04165511,121.5536086,14592526.843917897,12151407.140645439,13039399.12275558,14610073.240483213,16292678.615595212,17899715.702457875
臺北市信義區忠孝東路五段３９６號七樓,25.0407199864465,121.574619999889,32531029.42985313,29399425.403417338,30854437.10503437,32275937.42421288,34445287.41096476,37835489.548851885
臺北市大同區承德路二段１１２號,25.05865701,121.517969,11656909.199726166,8791473.177966647,10484900.729108144,12072648.845216054,13469200.592270428,14845665.38502108
臺北市中正區南昌路一段７之１號三樓之３,25.0320600136333,121.516710017583,14271031.141547702,11305531.885512415,13469872.856608236,14819176.301899783,15789548.254392847,16562821.721828438
臺北市松山區八德路三段１２巷５１弄６號五樓,25.04606999,121.550896,37358929.22061993,33347001.83138949,35088014.74952443,37697770.47260902,39914904.91767355,41492125.68969089
臺北市北投區榮華三路４２巷７弄９號,25.11502899,121.520544,9378938.165545562,6465378.467391556,8462558.19401559,9937244.126888825,11166108.848796777,13009513.69641615
臺北市大安區仁愛路四段３８３號六樓之２,25.0380200077957,121.55502000896,47986657.649350286,38863897.71814063,45181995.742366865,48326990.03687541,52561977.88980648,58003309.75375058
臺北市文山區興隆路一段２５１巷３弄７號二樓,24.99999198,121.544647,14052902.750451636,12011084.537506275,13377908.4384448,14417469.602564428,15290755.536051856,16281505.766164716
臺北市萬華區中華路二段４１６巷７號十一樓,25.02682899,121.50481,17343015.007158343,14667190.080052972,17166058.35103105,18313841.49305269,19217811.299447425,19985167.825703744
臺北市南港區成福路１９４巷８號四樓之３,25.0406800047684,121.587819988647,18095328.527106453,15331998.151360841,16535452.789083742,18290944.96339662,19910052.357387595,21242879.849124584
臺北市萬華區艋舺大道２０４號,25.03260002,121.499446,15070590.279335424,9714234.507006535,13110471.690082584,16075548.481042482,18469798.309243318,20093871.895936817
臺北市中山區四平街１７號三樓,25.05376399,121.530933,30884886.645566575,26842991.313438457,28626289.749104057,30994050.920106184,32694813.787846107,36705563.99790894
臺北市松山區八德路四段７５巷４號四樓,25.0488700042706,121.560110003483,12574215.443054244,9043747.49269051,11404226.761642396,13121384.695437785,14883972.840132792,16943175.235731617
臺北市松山區新東街３０巷３２號四樓之２,25.059559990214,121.567000011712,27608789.096695695,22894562.320293013,25108215.675857097,28520312.612277694,31142229.95603067,33104332.604379814
臺北市中正區臨沂街５７巷３１號,25.03760301,121.530931,34245863.45747489,27091258.547359593,29002856.973088875,33830099.86882929,40809160.83280589,45421245.752880365
臺北市內湖區內湖路二段１７９巷３弄１７號,25.08182601,121.588096,29474797.81419435,25458932.74510289,27931153.471520685,29635561.364365876,31544734.37612245,33620217.97384938
臺北市北投區中央北路二段４２巷１７弄９號二樓之１,25.137845,121.495405,5894686.372773823,3458436.3257556832,5043201.075378022,6257119.637467421,7407213.028432227,8372022.393734016
臺北市北投區明德路２８６號五樓之３,25.115079998558,121.522620013693,16583676.120733187,13895244.789257616,15102532.465090912,16600773.37110267,18565364.807221882,20192386.400604658
臺北市信義區永吉路２２５巷７弄７號,25.04673798,121.574438,30703683.53130614,25345723.82896924,28981518.33281971,31508407.755389497,33514072.138887823,36167157.529763915
臺北市內湖區內湖路一段３２３巷８弄８號,25.08307198,121.567523,14060589.602715727,9295981.811577776,10868961.335379824,14358683.310085546,18295132.479059342,20426102.3131521
臺北市北投區知行路６６號五樓,25.1181900199122,121.467870008884,10486743.35768232,8445627.463276941,10019679.815620601,10896074.567527158,11541689.994945267,12397760.43567029
臺北市北投區泉源路４９之１０號六樓,25.1413426,121.5109215,3382101.961816651,2658118.4282365367,2928458.1867737677,3175823.387480902,3509913.594679868,4690866.714790026
臺北市大安區信義路四段１８９號,25.03341709,121.5510809,17824367.4849833,12700418.511667259,15089820.382197902,18074043.232559383,21829571.005732607,24715883.571802493
臺北市信義區松山路４６５巷１４弄１１之１號,25.0390099943797,121.578799971183,5268907.468727968,3654795.220723793,4784441.444082217,5411934.762016263,6044948.586291597,7088064.2817561515
臺北市中山區新生北路三段６２巷１６號,25.065702,121.527014,29132381.64582908,22814085.55935429,25705069.504883755,29356957.37088637,32233547.343450025,35415765.85773636
臺北市北投區中山北路七段２１９巷３弄２６５號二樓,25.13181472,121.5304023,37327744.33606343,26795700.139151037,32796203.56944356,39152581.30515263,44529324.08612459,47789649.25655502
臺北市北投區中山北路七段２１９巷３弄２９號,25.12681299,121.530307,25232811.178428087,19068659.029309947,22840565.007478815,26265370.3600087,28425643.75939912,30689618.021129273
臺北市文山區福興路１９號二樓,25.00258702,121.551467,12568534.926878907,9953316.286181718,11554927.890421888,12850888.468933746,14213429.413440881,15714243.866318336
臺北市北投區稻香路１６１巷１６弄８之２號五樓,25.1424000156775,121.488849996351,19497651.613739382,15316428.430424005,18285819.267305724,20409891.778357815,21855876.51693943,23437250.91905725
臺北市大安區潮州街１４５號,25.028426,121.530001,11254229.30680084,8472928.685896534,9450345.326942181,11126137.660122,13727709.145013543,15361823.249997428
臺北市中山區中山北路二段５９巷４５號十樓之１３,25.0559699791744,121.524539972434,10742978.408982804,8782553.69515133,9768410.525050964,11018393.369775712,11905146.190639447,12939402.948094543
臺北市萬華區萬大路１８７巷３弄３３號二樓,25.0288399797999,121.501700040652,7386228.726011837,5998467.463142533,6898320.362731954,7592649.3495678,8073763.574846013,8643313.560747474
臺北市中山區北安路６２１巷６弄２４號,25.08250398,121.54827,18988618.26431409,15157962.099979244,17506758.508586153,19449802.96795806,21283868.744995028,23974011.14787343
臺北市士林區社正路４５巷１３號,25.089661,121.509537,14631204.20479124,11423259.750947643,12872964.183290482,14433696.39695658,16704304.458842603,18670284.158236813
臺北市士林區福港街２７７巷１０弄１號三樓,25.083305,121.518588,17093483.444728855,11647607.044225933,16264253.61978916,17970936.348855242,19443220.462301344,21283526.50144967
臺北市信義區松德路２００巷１０號十四樓,25.03485261,121.5737837,56424431.86432732,41834620.01871799,49624457.412309736,59881774.510914624,66291513.44358076,70990831.69993585
臺北市文山區萬美街二段２巷２４號,25.00352258,121.5629436,1210308.3961654725,759230.2293662103,924215.7588633162,1104359.8260936292,1454927.3262136322,2233050.1179175256
臺北市中正區惠安街７號四樓之４,25.0283700064888,121.507499982374,7541015.037143577,5666771.74140243,6754286.942825275,7824557.024699823,8597076.195226327,9259905.127634086
臺北市大安區信義路二段５２號十二樓之５,25.03449898,121.525826,14567407.984201906,12637341.11175474,13692485.104367184,14878087.029730154,15886676.757633079,16788811.15485465
臺北市文山區木新路三段２４３巷３弄１號,24.98061298,121.558979,17344439.51551273,14592600.899276542,16021949.761823323,17640622.992211573,19214750.6446984,20914774.70461792
臺北市松山區南京東路五段４１５號十樓之１,25.0514873008371,121.570033216771,20861852.49663664,18594986.515143085,19762669.819573417,20855284.35145284,22265621.189206198,23683831.134925462
臺北市內湖區新富街５８號七樓之２,25.0594599941091,121.58301003351,61828315.742216066,50212145.92740425,56112581.7047727,62353291.03527498,68051902.94154947,74182616.75355211
臺北市萬華區桂林路２４６巷４０號二樓之１,25.0370700028898,121.492980011503,9730116.950569712,7064566.046893192,8798973.635628408,10427015.014242105,11427359.763350446,12178253.773131158
臺北市內湖區環山路一段１３６巷１２弄１０號三樓,25.08729001,121.568094,11251956.528569706,8613347.982780047,9902543.635976208,11451736.742224554,12891527.606812708,13872504.290637953
臺北市松山區復興北路４２７巷２５號九樓之１,25.0634199823548,121.546380026986,12499780.49874639,11340650.71161262,11801826.85914947,12418867.485173954,13245139.628023762,14378398.31006398
臺北市中山區松江路１２４巷１３號四樓,25.05263398,121.53174,17041521.410294287,13433474.50373948,15425973.323148025,16977388.571270585,18874529.49191396,21304977.496112093
臺北市北投區北科路１９０號三樓,25.10455402,121.5168609,54520031.82630357,44094887.53871198,50577434.00807464,57972872.03023727,62802360.699882425,65399496.683667995
臺北市信義區永吉路３０巷１０１弄２５號八樓,25.0436199992167,121.569599994258,14135626.671183228,12115244.742703691,13477048.728563145,14525333.628318619,15643808.232532844,16407732.118963284
臺北市內湖區成功路五段４３２號十四樓,25.07523000011,121.607379997898,24533638.878350616,21959578.968705554,23328892.46646951,25046926.797779486,26525115.663203374,27745796.827977538
臺北市大安區敦化南路一段１７７巷３０號,25.04294899,121.550575,12516788.014284525,10440708.744216468,11334599.686815213,12461868.617729878,13932821.06145226,15012882.275794873
臺北市大安區安居街３４巷５號三樓,25.02091699,121.554346,24767115.421414874,21479829.91094369,22843513.71832566,24544797.01385113,26902404.994548485,30183270.020292647
臺北市士林區德行東路２８４巷７號四樓,25.10976399,121.536346,15791323.557332749,11891536.324771084,13667276.559414726,15890569.954683442,18102990.25879798,21109687.95932203
臺北市大安區和平東路一段５０巷１弄８號三樓之１２,25.02660499,121.523941,14123844.018881153,12636641.357125165,13344528.668501375,14093430.13491932,15172910.425765626,15800450.010124933
臺北市萬華區武成街１２５巷７號三樓,25.0193299981855,121.493440010349,7182122.945081209,4247495.551683467,5898502.370811772,8166547.523017237,9056743.44932262,9801898.235545827
臺北市內湖區民權東路六段１８０巷９６號六樓,25.0656629,121.5923362,36201665.77542977,29290277.015107837,33444777.173784528,37220281.13967354,39660965.07150122,41935383.26743534
臺北市內湖區文德路２１０巷３０弄１０２號四樓,25.07640871,121.5846037,33067275.356793616,29190145.94987581,30746973.7248295,32800634.498608094,36617301.04074417,38931419.261059135
臺北市中山區長春路４１０號九樓之３,25.05441602,121.54375,9851875.27160201,8635570.784163954,9518542.11797156,10157383.676042486,10576471.011287149,10928840.258082513
臺北市大同區延平北路三段４６號五樓之１,25.0648400024813,121.510979980934,8267723.632926529,6303503.555351589,7712781.868692208,8464205.29302829,9201935.369934285,10052738.630496973
臺北市大同區環河北路一段３８９號,25.061396,121.508657,42741452.86122677,36364560.95798662,41200561.53077846,43969891.48864056,46962596.99264537,50391034.768245935
臺北市中山區建國北路二段３５號七樓之６,25.05529301,121.537265,18029963.564942215,15058070.488142781,16474366.367162297,18207454.114227258,20067182.89131783,22088294.74507182
臺北市中山區中山北路一段８３巷２２號四樓,25.0499899941729,121.523849974165,7917408.258533129,6160672.6792728575,7230201.851773741,7994648.313096132,9017525.362964375,10163692.324982122
臺北市中正區杭州南路一段１１１巷５號五樓,25.0370899937288,121.52548997734,27418036.140015207,23371182.306005273,26192495.577266484,28335438.405519255,29692446.638313115,31371364.944327112
臺北市松山區民生東路五段２１２巷５弄４號,25.05841363,121.5649971,14022361.707702365,9860204.41616349,12457502.676039403,15074054.571934441,17018340.264502056,18188549.880175024
臺北市大安區和平東路一段１７７號,25.02651702,121.532223,18307663.494185023,14445413.092722766,16371528.288357459,18638617.32274049,20980408.253439143,24040973.735681504
臺北市大同區重慶北路三段２０５巷１７號三樓,25.0701099983743,121.514580008348,12835380.47765372,10742631.91114333,12122411.065408211,13054766.953171497,14208897.024142757,14816547.119118113
臺北市中山區市民大道三段１６９號十樓之７,25.0447699963324,121.54078996812,20197591.709335957,15615970.893963467,17183522.856094692,19695631.125640757,23195396.735124055,27437426.12085103
臺北市士林區重慶北路四段２２２號,25.0858689,121.511468,18974171.23335448,16102902.14627307,17797264.839484353,19362502.394935545,20687051.484822884,22048682.04082102
臺北市士林區劍潭路１２號,25.0839054,121.5240544,12754316.950554684,11097870.437967224,11958558.40872413,12727755.079480313,13949707.919211688,15154013.773644803
臺北市文山區和興路２２之１號二樓,24.98557599,121.546286,32761294.45348961,27444381.61505464,30628060.73892936,32716793.869492427,35701785.77203369,38078579.40309457
臺北市文山區木新路二段１６１巷２４弄２號三樓,24.9825899791823,121.569219958768,14318108.429299759,9294418.953019157,13918850.028583657,15486541.596260978,16931811.126703832,18327672.214782864
臺北市內湖區成功路二段４２６巷５２號二樓,25.0703299814231,121.588330027456,16391791.52989067,14238073.248553032,15555322.412239386,16524923.521392599,17517796.96664457,18368296.992673423
臺北市中山區錦州街２１號,25.06040401,121.524953,5006070.787945013,4071388.8147339956,4565775.009396051,4989990.517220521,5648643.247886441,6183872.032321019
臺北市文山區興德路２０巷２６號三樓,25.00104968,121.5561924,8717013.074106192,7190834.653684143,7766665.032305928,8723049.710336229,9871528.638790384,11331578.658732278
臺北市中山區松江路３３０巷５３號,25.06123101,121.531209,14526654.535691453,12873283.054942802,13820915.170245554,14610028.891633824,15531585.847095674,16086425.314391073
臺北市文山區辛亥路四段７７巷９２弄１２號,25.00817498,121.56135,30813856.18501898,23377980.33709553,27800938.727194086,30643408.38336692,34504537.1486464,40506875.06552055
臺北市中山區民權東路二段２０６號五樓之２,25.0621899799733,121.536510000721,15339942.972493706,12595613.18010446,14063153.974753708,15770243.367135087,17252418.867578857,18609372.719794184
臺北市松山區八德路二段３４８號,25.04773199,121.545319,14407470.748607725,10545536.605749642,12551471.178636393,15188604.597569717,16866976.951144926,18102347.407317255
臺北市中正區寧波西街１８２巷３號四樓,25.0284500117546,121.511969967518,21475902.720548406,18316539.004048087,20623530.96213617,22132633.89125794,23578286.151481315,25409789.68413333
臺北市大安區和平東路三段１巷７２弄１０號,25.02776198,121.546384,24849614.857331097,21571348.631171547,23266335.676184606,25193248.02251612,26816782.93960993,29179291.802103177
臺北市中山區長安東路一段７５之１號六樓之２,25.0484700198511,121.527930033173,10110547.884647273,8161908.587561149,9276179.163080052,10338693.234414699,11349334.541238734,12397981.007899806
臺北市大同區承德路三段２９７之１號五樓,25.0754700159074,121.520459997244,7979235.399960909,6410488.294941421,7488404.391913001,8499890.581123464,9061389.843386576,9571175.555879999
臺北市文山區羅斯福路五段１７６巷４３號四樓,25.0036200066114,121.537049962923,14144296.320532592,10143715.997752618,12274339.624296198,14902895.607880654,16708542.402041905,18054613.29349491
臺北市士林區士東路８９巷１３號,25.112614,121.52851,8300493.424411183,6891674.523086215,7763117.348136594,8389018.674915371,9074752.770687083,10100961.051919045
臺北市內湖區內湖路一段１巷９弄３３號四樓,25.08626499,121.557738,29259439.486368492,19777769.330317248,26105358.50660999,29838184.993589886,35730694.91275005,46167777.06572484
臺北市大同區重慶北路三段２０３之３號八樓之８,25.069714,121.51406,19526911.776486285,17355422.587982275,18120966.599344786,19612878.68903456,20871449.79021881,22254745.363112874
臺北市文山區興隆路二段２２４之４號八樓,25.001225,121.552995,33276352.02040083,20336774.321330067,25353140.569091037,31185875.587215066,45762032.6942032,59610070.317009136
臺北市松山區八德路四段６８９號,25.05023998,121.576362,25359724.676250808,19640611.470532544,23660657.86299001,26129278.88764586,29699325.217225686,33417555.50819446
臺北市北投區稻香路２４７號三樓,25.14398145,121.4881325,25869238.49302129,23035016.38936016,24419421.675341878,25934695.29767277,27433181.85569063,28753538.351812504
臺北市信義區虎林街１３２巷２１號四樓,25.0402399967612,121.576129999746,17871200.097839545,14734610.698977148,16579928.707460243,18263347.916385043,20271494.751729272,21814530.433031496
臺北市北投區大業路３００巷９弄１０號四樓,25.12832178,121.498562,12766954.434450224,9585910.58012913,12145403.387734178,13490858.43786159,14581203.556286875,15803854.377887689
臺北市中山區松江路３８巷７號三樓,25.0476400018892,121.532219975038,20727367.614901613,15800445.994711911,18944895.479928017,20751143.245842792,23325170.646355078,26808597.64442282
臺北市文山區木新路三段５０巷１０弄３之２號五樓,24.9831299832943,121.56422996035,16786413.125548963,13762869.508508876,15260290.849656984,16810622.109321658,18682706.162793938,20885355.68810639
臺北市內湖區東湖路１１３巷９５弄１２７號,25.07020098,121.614274,16736786.74862696,10610197.849116942,15523952.936693972,18010231.25022047,19990577.579384807,21765260.4064831
臺北市文山區興隆路三段６９號六樓之５,25.0001700152644,121.556319958324,10065791.028257938,7809308.440622462,8829444.489290124,9985532.636888947,11255213.581806654,12818455.805820297
臺北市中山區松江路２號十二樓之６,25.04628498,121.532707,8688292.092642913,6785696.502136618,7839870.049697837,8939069.28658435,9978678.77984509,10549253.11466951
臺北市南港區研究院路二段１８２巷７８弄１０號,25.036344,121.613827,11097742.282567266,7515626.936700945,8821051.933471747,11273895.355465727,13751260.050664965,16036063.473248396
臺北市信義區虎林街１２０巷１４號,25.04204802,121.5763,19343268.684297174,7262421.2068587905,20509111.0066991,23922142.25738004,26542512.13016182,28728913.801466156
臺北市士林區承德路四段６巷６號五樓,25.080050013531,121.519389963485,15254600.946321592,12414430.64510214,14337130.917912347,15657929.956829397,16857276.654236797,18424802.47669937
臺北市信義區大道路５５號四樓,25.04145902,121.582306,15922772.483556185,13317350.993449578,14761859.602296809,16042829.95522191,17521235.614963807,19188877.65313913
臺北市信義區永吉路１３０號,25.04546402,121.570565,27689483.955079947,23266869.211628124,25706397.995907106,28163620.91748875,30275646.518293925,32857423.989292547
臺北市北投區中央北路三段４０巷１９弄１１號八樓之２,25.13834799,121.484478,14192746.639879316,11659056.579389462,13664256.175936997,14675520.59333527,15423561.586579755,16634807.244555049
臺北市文山區木新路三段３３９巷１５號三樓,24.9799099913705,121.556200013289,8449475.471506163,4832893.484930857,6435980.394519893,8230668.308589989,11829893.910827931,13719735.280335031
臺北市南港區東明街４６號三樓,25.05554401,121.603831,6798564.22678082,4275578.388578386,5701499.127284735,6939624.108228673,8071373.944583629,10829088.12237314
臺北市士林區天母西路５巷５號,25.11898365,121.5288456,32506130.65002568,25957331.741538677,29466323.024968702,32392173.10121694,36309128.15009718,39126576.77370561
臺北市北投區中山路４７號,25.13876298,121.511686,3209408.1123066335,2854717.4789633644,3020469.2128310567,3213814.7014911957,3452830.9036672916,3657100.471256107
臺北市信義區松德路２５巷５０號,25.038062,121.577424,25148446.624871746,21982956.71907558,23292458.41012019,24940188.18363563,27005823.894237272,29552562.871627413
臺北市信義區莊敬路３９１巷２弄６號五樓,25.02769899,121.565885,23343516.49588709,19959071.340951186,22186433.239347987,24085761.069768533,25939012.007747892,27206256.08889947
臺北市文山區景興路２０２巷５號八樓,24.99166201,121.543261,10362751.799755445,7676322.20623378,9625205.972228203,10591686.43088679,11619527.940899106,12693792.91559368
臺北市中正區杭州南路一段７７巷２６號,25.038767,121.527358,26716700.647645734,22929675.92367386,24377076.646175705,26449133.885015577,28865335.529935572,31507635.170356523
臺北市北投區中山路４７號十樓之１６,25.1387600065855,121.511790008057,3153650.339002881,2719104.332679835,2974731.6526999655,3165018.2380955,3347009.128457867,3500414.307240134
臺北市大安區敦化南路一段１６１巷７３號四樓,25.0435399939509,121.552660000302,14298622.514056994,9592147.723659609,11171257.801224688,14297652.163748097,18069262.463461913,21736884.095734634
臺北市大安區金山南路二段１８５巷４號,25.02832902,121.526604,124946.50429811019,29619.408980860735,56306.69928295075,184263.67676260052,291467.62083290337,369031.3322045532
臺北市內湖區五分街７２巷７號六樓之５,25.06714357,121.6163051,13371131.862804411,11586013.860241488,12177080.58915689,13416661.023387143,14526791.88113628,15444340.571939781
臺北市信義區虎林街７６巷５號六樓,25.0436000083776,121.57681002355,19244076.779827878,16666023.38547215,18073793.877022505,19564193.534944292,20738944.37467856,22405440.03080262
臺北市中山區新生北路二段６８巷９號七樓之９,25.0565099832865,121.526809959452,17042531.6603298,14625743.739846144,15962830.509134443,16912253.763720922,18064865.417903252,20173438.320859946
臺北市信義區松勤街９號,25.032172,121.561022,16691163.097982798,14214197.254455544,15343013.629375175,16841832.977347262,18283810.419986594,19566903.626843408
臺北市北投區中央北路二段４０６號,25.138442,121.48747,8910339.40478671,6479169.424041865,8118342.364010188,9215426.968868528,10521660.617154513,11785853.672374994
臺北市大安區忠孝東路三段１７０號九樓,25.0414500083036,121.538640009956,27497955.97041036,24363771.878226608,26155768.369891822,27922571.753855564,29380277.68042709,31015498.660119973
臺北市北投區溫泉路３７巷３０號十三樓之６,25.1364237747575,121.511900883032,5831380.030818209,3792253.5686104815,5052295.858835872,6282778.369459337,7287277.111865679,7865996.619026772
臺北市大安區樂業街１５９巷２６號四樓,25.02025901,121.554621,16759520.001487996,13628593.49930042,15660870.967105078,17039853.0302783,18656085.347246304,21104853.888210643
臺北市信義區忠孝東路五段７１巷３弄３２號三樓,25.0411897911834,121.567282245538,20171680.885867104,17821677.30067849,19008966.37713778,20420703.350492325,22053103.504081026,23992884.164830748
臺北市萬華區國興路１巷６號九樓之２,25.02391699,121.508537,11504150.68952088,9903076.085760351,10923866.437936103,11635134.513596663,12408758.608287867,13472691.182621518
臺北市大同區雙連街３９巷７號,25.05895901,121.519303,12512797.709976815,10495393.363642273,11645189.08189746,12638199.42336364,13717937.80164419,14772622.27089911
臺北市大安區基隆路二段１８８號十二樓之１,25.0249400059809,121.552920006939,12420836.269324763,9903636.678039411,11642131.96550459,12666699.706145471,13727894.273820123,14853833.468595007
臺北市士林區通河街３２３巷７１之３號,25.08152598,121.519103,4831533.637258652,4049034.4997116374,4506133.720093381,4943426.294378059,5362592.765477712,5812975.184205855
臺北市大安區復興南路二段９０巷１２號九樓之５,25.030229992713,121.542900028426,17262055.401185863,14857708.688006544,16032857.528105367,17388794.234275803,19063355.48807023,20096157.08127402
臺北市信義區松德路１７０之５號,25.03628202,121.574177,55206250.862129405,46748017.45321673,51277687.619917005,55908331.85393861,62656802.244955756,67362627.64482148
臺北市萬華區成都路６７號八樓之１６,25.04292799,121.505704,4665581.203877058,3517285.428789839,3967351.1210588464,4461888.336063815,5520040.760738611,6678246.207727116
臺北市內湖區康寧路三段７５巷１１２號,25.07681799,121.611971,25127346.532461114,22412719.738052674,23641529.64631653,25116527.92224507,26987552.965039965,28926363.94014953
臺北市士林區中山北路七段１１４巷３號四樓,25.122189989836,121.532330029426,33992234.47440634,28014978.43634087,31135286.93293164,33524912.9291489,37952409.86190059,42229829.662757866
臺北市南港區玉成街４４巷１５號,25.0482999929452,121.580680032065,20359049.591071382,14578325.814219944,16872707.99009125,19017722.042820405,23238791.87171925,31869970.410166092
臺北市文山區木新路三段８７號十四樓,24.9820899986579,121.563120028732,58642012.98567911,46218072.316120565,50198861.606612734,54715207.3627857,66023811.99520552,79947463.50226624
臺北市內湖區民權東路六段１９０巷１１７弄４９號,25.0644189,121.5948745,23550410.42984309,20623529.603678726,22306202.15522504,23687887.353359435,25170044.71241824,27177086.66542694
臺北市大安區復興南路一段２００號十二樓,25.0396900181843,121.543500005055,79266687.38748585,64480488.38634798,70627895.1965713,83195628.00437897,89719334.30034518,95493730.12381099
臺北市北投區溫泉路銀光巷１７號四樓,25.13641802,121.514171,10647403.334005948,8107740.238740721,9572964.147739923,10977787.567561481,12105196.900199983,13787235.843368702
臺北市中山區民生東路一段５４號,25.05792401,121.524959,21877143.45605315,18410182.47239102,20105868.753464133,22300605.337101262,24429009.184914306,26262647.629586674
臺北市士林區大東路９７號二樓,25.0910936859303,121.525597986531,11338254.41791693,8264724.119391144,9473186.698391048,11614118.19540758,13298607.221377326,14837751.608692594
臺北市松山區八德路四段７７７號四樓之２,25.0512099801801,121.578250034516,19670626.248783898,15526204.802225929,18152169.942266494,20278698.711264707,22044243.415885016,23420967.876364965
臺北市信義區莊敬路１７８巷５號四樓之１,25.0309399818214,121.560909972322,19297296.31829241,15521889.936318504,17567194.521683596,19667186.474944893,21923759.093965046,24071679.698214643
臺北市內湖區南京東路六段３８９號,25.059663,121.5849961,56978838.06550984,49334248.87599094,51919360.82955496,57492121.62097575,63223199.8367794,67113336.17307585
臺北市士林區永平街７５巷４４號四樓,25.0916700135412,121.503339960009,11161338.676234087,8974799.70476462,10246953.311831664,11353214.878321363,12512559.191687502,13718703.686864829
臺北市萬華區青年路３０巷１０號,25.025939,121.504005,18411180.95215988,17102955.39547608,18169165.36295765,18962727.359451782,19804308.47162664,20701538.58325685
臺北市大安區安和路二段９２號九樓之２,25.0287699909083,121.550239977217,84506099.97177301,69374760.48112307,76578606.1991087,85854944.17337243,92826814.51732299,102012598.9152604
臺北市士林區至誠路二段４３號四樓,25.10150999,121.528595,19138724.697945647,16544196.461302191,17741531.211483996,18862372.553975653,20799305.561966337,22555475.251825355
臺北市信義區松勤街９號十四樓之１４,25.0321900169515,121.56103997564,18599693.134603895,15235749.649239942,16830647.572560597,18778143.142393738,20779959.149416357,22736588.7893479
臺北市萬華區萬青街１６８號三樓,25.0235100113896,121.501470041229,9072447.893823257,5750232.451233972,8832468.31972658,9926330.496020328,10874330.017815981,11727943.163673852
臺北市內湖區南京東路六段１４８號,25.05519302,121.57886,21333273.420995012,18176890.035711452,20333085.68990744,21964136.664516527,23316966.091099314,24430150.45222955
臺北市中山區長安東路二段１８９號,25.04838079,121.5427736,11294185.587219337,9572939.307766192,10194955.320163747,11249097.567846652,12542410.508109862,13937255.212064754
臺北市內湖區東湖路１１３巷２７號五樓,25.0698199845244,121.615670035414,19587061.59165947,14235154.549495982,16558205.545694908,20135260.99089129,23034592.117917232,25805139.329889536
臺北市萬華區柳州街２３號,25.03881302,121.505494,20041403.278486002,14165697.090006318,16280473.70955988,20462262.742178302,24823009.0741157,28866638.110194206
臺北市北投區泉源路３９之３７號,25.1412200113485,121.506140018583,15264495.220197504,11623569.12135627,13997055.411795786,15326151.723228352,17109876.87111048,20617282.14501047
臺北市信義區基隆路一段１４１號,25.04306901,121.565851,35980048.0865758,30636294.99238885,33923810.23522295,37013882.29335545,39104338.75703136,40994365.052729405
臺北市大安區和平東路三段１巷４６號九樓,25.0265800091562,121.546580019196,22038140.150345832,20025327.85632464,21086394.606511172,22119361.058277383,23373104.26708913,24830332.049109332
臺北市松山區光復南路３３巷１５號,25.046877,121.558898,40906921.52894812,33868988.72148007,36688504.51603595,40773996.96192616,46448866.05174434,50305539.26353574
臺北市信義區林口街２２４號二樓,25.04218502,121.581216,20738115.77119838,16936594.45038812,19085652.9047304,21196657.70786897,23071771.47476369,24831031.270031646
臺北市萬華區西藏路１２５巷１７號七樓,25.0280700181742,121.502490035027,16500489.582179362,13125656.695264678,15919889.999079088,17623013.62519919,18772113.908395104,19689950.25806067
臺北市信義區和平東路三段４６１之１號三樓,25.018684,121.558898,16162370.725924643,14707538.045073379,15500577.325286461,16317909.248129558,17255293.221908733,19069220.56532447
臺北市中正區開封街一段４８號二樓之１１,25.04589699,121.512038,14157395.509215564,11329841.912128655,12379441.976634245,13905992.29072818,15895813.64358986,18397158.769966684
臺北市大同區哈密街６３巷１０號,25.073972,121.51518,8673639.54652167,6549053.408650661,7592024.1120402515,8753621.368202962,10294016.68135545,10968995.174044453
臺北市大安區和平東路一段２４８巷１７號,25.02395999,121.53275,33014686.109567877,28618266.7214734,32543318.101185743,34532078.5781297,36045978.450441934,38075318.18786174
臺北市中正區水源路１０９號四樓,25.0213600113156,121.518320013545,24327872.73377805,19819187.838720016,21973534.48729025,24163372.83807665,27101725.169200487,31195850.748799108
臺北市文山區辛亥路四段７７巷９２弄９號三樓之７,25.0087799900252,121.56122001892,9506072.514440639,8107428.022420263,8738556.021609806,9752332.705762036,10490935.21676971,11524514.975353016
臺北市松山區南京東路三段３３５巷２３號,25.05327684,121.5475401,8911094.235360883,8035890.456264798,8758679.132703897,9538229.508640882,10213885.65168303,10552587.261083994
臺北市士林區承德路四段１巷１７號九樓,25.07837502,121.521979,17759488.282997403,14259351.936982907,16208794.770750934,17858052.278751194,19999968.836514626,22578814.274100993
臺北市北投區幽雅路７號七樓之１７,25.13731999562,121.513130022918,14786625.13062315,11683127.272306062,13446552.025566684,14601345.62795079,16372447.365962554,19898482.926426895
臺北市南港區園區街５８巷３號,25.05923402,121.611877,27906074.482657887,24506188.416349858,25946664.43638756,27887706.341916725,30048123.569789696,33391170.78572963
臺北市大安區市民大道四段１２６號三樓之１,25.044325,121.551373,16214735.13748108,13412601.61074025,15149722.448245527,16662580.520080302,18025352.772722084,19305512.909516394
臺北市中正區羅斯福路一段８３巷２號四樓之１１,25.0313799898286,121.519860020615,15091498.6135501,13458263.562927298,14331684.584110616,15212799.425412184,16137015.132381102,16784673.84851135
臺北市萬華區環河南路二段２５號九樓,25.0391299813237,121.497649988857,20931552.51764717,18742322.59416199,20229908.699935254,21116605.078595705,22012215.4296399,22828936.827993907
臺北市北投區裕民六路１１４巷２７之２號,25.11442902,121.518396,15517385.928552449,13354294.753496658,14744870.258248255,15998279.395910762,17014836.570279554,17706492.33749531
臺北市士林區德行東路２９號三樓,25.1102700015112,121.536670011252,14161907.555505399,12025475.732430615,13250231.136228947,14440461.980591534,15544658.585982103,16424873.094063789
臺北市大安區和平東路二段７６巷３１弄１５號,25.022157,121.539391,13640554.496441932,9977329.358381663,11638366.51517784,14154603.93293661,16307521.774913186,17787832.94780606
臺北市南港區興中路５８號十樓,25.05663001214,121.606929973516,19431140.384624578,15741815.62085791,17934721.63130116,20375150.701275527,21850825.392055184,22876196.353063576
臺北市內湖區安泰街６６巷３號四樓,25.0753499870539,121.61663998925,10622038.661471963,7795803.118214347,9540417.393541384,11084580.566698132,12435962.077911243,13393003.702372566
臺北市北投區中和街４１０號,25.14376899,121.498081,11210883.266121367,8208020.943406023,10670959.511964476,11700601.100279553,12918233.02065196,14136196.767437983
臺北市文山區忠順街二段１１０號,24.98476299,121.566375,12120899.901272653,9471680.42500617,11286717.06335419,12667589.231244572,13680080.991121922,14797112.25577109
臺北市內湖區陽光街１６１巷３號,25.0745299854663,121.58544003106,17597398.090838596,14652300.90456671,16402728.78322843,17769131.961032405,19200513.028276898,21974045.93263976
臺北市文山區萬安街５６巷３號三樓之１,24.9994500097816,121.572610019507,9110736.550303884,7360455.499769892,8132453.808438407,9192257.344948208,10216018.69805568,11999073.881596955
臺北市松山區南京東路四段５３巷７弄２號二樓之２,25.05294801,121.551034,19752126.623707727,15769360.809778541,17779462.05550293,20062859.460009705,22060783.712108135,24346959.66044178
臺北市士林區社中街１２３號八樓之２,25.0899699959392,121.510119997668,18219643.09843992,12559319.169089114,15825044.13681497,18742421.823788922,22097127.69640242,24685305.369858723
臺北市信義區信義路五段１２７號三樓之８,25.033964,121.573943,15515387.097352505,11497539.131158859,14025247.254998654,16259849.039872944,17941389.74599065,19648911.854273725
臺北市大同區哈密街１０７之１號,25.073008,121.514233,20646014.57657466,16185064.267497374,19202414.901749726,22318568.38572975,23845796.724690136,25507425.04509827
臺北市內湖區康寧路三段１８９巷１５７弄２６號三樓,25.074798,121.611627,16251893.502635332,13987581.844082177,15270396.230620902,16623196.896435024,17756728.194243107,18676687.281938937
臺北市中山區天祥路８２號八樓,25.064099,121.520495,14125726.98515743,11494777.089483026,12688986.76192594,14239766.203592531,15892398.94145659,17490775.033070695
臺北市士林區芝玉路二段８９巷２號四樓,25.1126300101693,121.534960019186,16781558.516151015,14555069.374824708,15941273.425461538,17333975.67785307,18307826.95951907,19150642.361515634
臺北市大安區羅斯福路三段５７號,25.02319728,121.5256458,41356108.54600189,35458740.85210002,38758614.938677,41763632.97841817,46203747.45014291,50914598.120940775
臺北市內湖區民權東路六段２８０巷１５５弄５號四樓,25.0686999946221,121.608840041612,46717219.16306166,39185583.58281356,45014452.25226669,49814955.19903846,54316304.43202211,59579514.78799148
臺北市士林區忠誠路二段１０８號,25.11338501,121.531184,46906461.494593054,37836529.2754352,43954902.618550144,48264700.681934565,51840744.70402512,56211081.48915572
臺北市大同區哈密街５９巷７８弄４３號二樓,25.0758200022745,121.514310027247,7775861.651444869,5965765.64425589,6981809.835714756,8078880.58930257,9041377.224139003,9742966.821625479
臺北市信義區信義路五段１１５號十八樓,25.0336299860075,121.573890019941,21231986.737798475,18635449.094198413,19997417.983667247,21145504.812145166,22625159.069171723,24567899.253003947
臺北市松山區健康路１８５巷２０號三樓,25.0551299867477,121.561520007235,30610018.33721177,27747777.685473435,29402757.544585858,31115100.89172278,32559942.55283028,34072305.812478274
臺北市大安區金山南路二段１３２巷２０號,25.03313998,121.52697,21842816.427060932,18069553.671722148,20367282.383242354,22355779.773167662,24242986.163701974,25983847.198186435
臺北市文山區萬隆街１３巷５號,24.99990081,121.5391248,16189184.714063317,14318917.305899624,15109064.44396358,16242936.764842648,17386738.419797715,18365115.690012313
臺北市內湖區新富街１６６號,25.060755,121.585946,61482325.373331234,51985891.83019774,56979070.09453173,62185425.02905794,67096941.511317216,70343954.64693655
臺北市松山區敦化北路２２２巷２２號,25.05950689,121.5476651,39290460.11419867,33364449.71018508,35693542.51512496,38709359.71508257,44323345.69729985,47161265.0780827
臺北市北投區石牌路二段３４３巷２２號二樓之５,25.1226699795214,121.523249997535,14477539.936607037,11666070.559982821,12996057.115788627,14616796.36232058,16953017.798999373,18881045.745735697
臺北市萬華區漢中街８號,25.04573002,121.50775,11362115.059954584,9251222.197722659,10647677.183854964,11660929.278215997,12558519.635426778,14083075.734851645
臺北市內湖區陽光街９２巷１８弄１１號三樓,25.0756700081172,121.585629964986,13235349.515216108,11744833.363553511,12568595.306240387,13415166.611244094,14116275.890313806,14806360.82156623
臺北市文山區福興路９５巷７３號五樓,25.0054799928355,121.546440041413,11252815.742411483,9030376.774405325,10195220.324306183,11705091.056553584,12491530.621106615,13250066.847145084
臺北市大安區和平東路三段４０６巷３號,25.018568,121.558053,22045380.600999296,13367775.050662024,17890748.81945372,23683477.3115184,28911315.28780193,32806589.293699283
臺北市萬華區德昌街１８５巷１２弄１６號三樓,25.0230899942215,121.493809987555,8939139.45331735,6005822.623396877,7085919.273999701,9263563.836714065,10783976.569901751,13154869.22320934
臺北市士林區中山北路六段２９０巷３４號,25.1086432,121.5264146,25379912.064679824,21259298.804213125,22519811.36296838,24937768.868084744,28144518.600376915,32478549.382978376
臺北市大安區和平東路二段９６巷１０弄１４號,25.023566,121.54039,23689402.721905164,20674162.81869487,22567115.233381465,24230678.332237102,25705236.919915333,27624213.504331
臺北市大安區和平東路三段２２號十樓之１,25.0244999979737,121.54727999193,14979809.518606955,11156312.947664652,13450823.074885763,15702620.271141496,17118643.982681464,18474694.05762416
臺北市南港區經貿二路１５７巷３６弄８０號,25.06143498,121.6147307,38076014.17757879,31141517.61178121,36797472.2982845,39166217.94874316,41357665.072672546,45462984.44381422
臺北市信義區松山路５４１巷１４弄２號二樓之２,25.037623,121.578547,12385880.545023873,8208711.260897111,9386496.206403608,11843875.56794354,16605363.982341692,19793098.819559604
臺北市中山區南京東路二段１０８號十四樓之２０,25.0517999823446,121.53207002279,14178396.255567051,12095371.37290936,12933693.638705295,14376253.68992527,15546847.301403677,16330977.245679516
臺北市文山區福興路６０巷６號,25.00375001,121.550563,8671366.811438473,5320156.2492925385,6444887.673857819,8801610.724734975,11686304.075122947,13185901.072799185
臺北市大安區安和路一段６３號四樓,25.0373300095263,121.551719969861,65109324.396806195,54418230.1160652,61324575.02715687,66639235.93144499,71650729.34595892,74960375.40703757
臺北市中山區新生北路二段６２巷１１號,25.05619298,121.526643,59965895.55032104,51808904.62376788,55896187.19351481,60520348.30904023,64210512.128834665,67776546.94783959
臺北市信義區虎林街１２０巷１６２號二樓,25.0421200157339,121.573669994983,14703737.079768443,10739553.591180492,13248469.171323285,15593473.885598099,16799051.639714982,18140377.69732693
臺北市松山區健康路１６６號八樓,25.05358298,121.55824,30838086.73839274,26831475.987049907,29832765.252065483,31887558.180870943,33494391.349204775,34907145.10952773
臺北市北投區大屯路２１巷４弄１７號,25.14426901,121.50025,10436274.902426751,5965233.253783936,8550515.772219466,11387762.857925598,14196621.131921077,15782589.947197404
臺北市北投區中和街３９８巷５弄２號七樓之８,25.14386069,121.4986761,8863219.809437621,6828361.562858945,7998190.009260597,9025178.806552183,9889364.242226532,11306031.655359766
臺北市萬華區和平西路三段２９８巷５號二樓之１１,25.0351000041864,121.49370999145,7261385.664714519,4456931.159175292,5922411.942674534,8196336.869690004,9025943.990589177,9851307.80272049
臺北市大安區敦化南路二段１５４巷３號,25.02521099,121.548079,36620758.64320573,32999266.731700003,34969890.98308011,37102996.06100786,38687136.90971305,40349854.04514767
臺北市內湖區文湖街２１巷１１２弄１３號六樓,25.0910500041633,121.560389959049,21647261.632926166,18568401.103422444,20811305.459469993,22194334.30137262,23615600.675043758,24695208.862624265
臺北市士林區中正路６３４號四樓,25.08673898,121.508322,11187828.238956444,8136751.712541038,10045215.889615357,11418685.062390268,12742988.38258408,13891666.392777856
臺北市士林區中山北路七段１９０巷３２之３號二樓,25.1258196111742,121.535188532274,13374401.221119585,10078292.507649379,11995607.44891977,14045471.843332984,15646662.455301004,16783783.714233063
臺北市大同區民權西路１７９號十二樓之２,25.0631500012535,121.515820027104,32260172.734023266,27552022.51805695,29856137.834391527,32665865.076622788,35074912.07309186,37706115.37532962
臺北市中山區林森北路２６３號十樓,25.0546499970624,121.525559966231,8318033.472712128,7123969.534794787,7594042.72085681,8212168.794406224,9086021.94707711,10058277.134211337
臺北市大安區永康街８巷３號三樓,25.0323299947345,121.5295500036,24564214.679897264,21920312.36228574,23117628.380977355,24332248.95997911,25988814.613950077,27799704.314284604
臺北市中山區錦州街４３５號,25.06027082,121.5427362,19994911.469079874,16851552.324492835,18232790.385339115,20025681.996645518,21963401.760127783,24121289.283152092
臺北市中正區仁愛路二段６３號十七樓,25.0324700000001,121.51856,84532624.11141706,69810708.51973967,82956102.7578535,88630226.42879829,93307854.68987808,99103995.27869403
臺北市信義區祥雲街２３號二樓,25.0191900204025,121.574849999312,19970579.795256026,15953181.568802007,18888897.989086837,20626326.11824972,22843070.640353795,25386541.660028283
臺北市中山區新生北路三段９３巷２３號,25.06787702,121.528746,13674045.59664299,11417905.750442768,12550607.665050965,13824184.773562087,15174537.517465185,16592206.786384858
臺北市內湖區民權東路六段１９１巷６２弄１０號,25.06929402,121.598061,75370584.97438641,59142007.68698567,65390922.710197836,71036842.3968594,81134807.52689679,111043407.52625996
臺北市大同區民權西路１５３號十樓之５,25.06314501,121.516434,11158591.23563888,8929633.257767403,9973961.166256355,11458044.689667374,12621812.200248944,13874675.878157098
臺北市信義區忠孝東路五段７９０巷５７弄２３號四樓,25.0411200127756,121.584260026731,21050370.08494442,17458067.223769184,18870670.691735707,21128025.436722342,23335010.824531406,25948104.75749713
臺北市士林區通河街２５號,25.080077,121.523208,22406586.066590548,18969381.20183467,21228588.228762925,22869789.473970637,24422762.632792935,26083328.609757766
臺北市內湖區環山路一段５９巷３０弄６號二樓,25.0853099930497,121.56752999945,14916008.205547638,12929488.376400955,14091607.799440168,15145091.877476431,15973084.368031403,16710770.835361967
臺北市信義區吳興街６００巷１００弄１８之２號九樓,25.01756502,121.572149,15182296.578748604,13119975.91721441,14535414.949226044,15583903.608117294,16526281.7058121,17376298.405380473
臺北市內湖區成功路四段６４號七樓之１,25.08264601,121.592609,12610317.861705799,9480059.124223238,11546627.344602134,13127513.80274649,14509031.521183036,16091754.978056222
臺北市內湖區成功路二段３１２巷１７號三樓,25.0672300183527,121.589629976819,16342105.131384151,14805685.524778914,15620495.714833604,16437174.974506851,17517796.96664457,18190702.08041753
臺北市信義區和平東路三段４３５巷７弄１７號,25.01934001,121.559177,19019466.837666623,15858248.062420405,17905874.923070803,19219739.75373347,21075760.016132124,23793903.85748177
臺北市內湖區內湖路三段６０巷１２弄７２號,25.08920029,121.5912462,7465584.924233463,5997319.872581866,6980548.927810655,7694377.726714391,8372563.4519161675,8866984.794630447
臺北市中山區林森北路５７５號四樓之１２,25.0652000052227,121.525800023938,17963565.512500834,15418046.535795912,16822439.5599759,18405671.49367285,20140855.50609859,21652652.081591763
臺北市大安區安和路二段８２號十一樓,25.0295300199788,121.550929975487,39706941.57761092,33472535.496672515,36348425.10539392,39072587.59537223,44569817.76208082,49068995.97158937
臺北市萬華區環河南路二段１５號,25.039356,121.497823,21631010.517627295,19910921.63371968,20837456.31352189,21789836.421340227,22649350.47227137,23451321.113128997
臺北市北投區三合街一段３８號,25.12729398,121.506,16004009.706802573,13671929.270838767,14605431.66330713,15749276.832882278,18014951.1696763,19934868.36514416
臺北市內湖區陽光街１０１號二樓,25.07526399,121.58597,23311115.11396195,19916300.981003866,21519959.659793694,23363079.64194318,25160369.584660873,27106462.76466965
臺北市中山區德惠街５２號九樓之５,25.0665699853872,121.527189994942,5225619.742730383,4363901.720242303,4828262.890439168,5419081.194003207,5990205.648587884,6328643.965542836
臺北市大安區東豐街２３號,25.03616899,121.545323,20185141.89540224,16236199.16784495,18873367.766715728,20975168.65877524,22594340.04811909,24069732.78934665
臺北市內湖區內湖路三段６０巷１２弄７４之１號,25.08921181,121.5912887,7294363.006632114,5731541.553751599,6807172.864452573,7536512.050883802,8235171.63891164,8715553.505952537
臺北市大同區民權西路２３７之１號,25.06313491,121.5118477,39082255.75530013,32524029.848122515,34693631.17438831,39101929.008518994,42948954.517964154,49204810.10486469
臺北市信義區忠孝東路五段３７２巷２７弄３６號,25.03940499,121.574771,26432061.088283233,23024195.716695517,25136070.438828517,26716648.259996496,28190105.019855123,30119368.922783572
臺北市萬華區萬大路１３７巷４３號四樓,25.029217,121.501586,7256190.430364143,5789563.874902217,6760047.623885802,7496939.881674587,8053697.977561771,8602457.161451684
臺北市南港區玉成街１６６巷１６號五樓,25.04426101,121.583672,21015720.205207743,16822683.924176976,19005660.192233898,21468373.67658826,23930232.39398738,26782143.717803225
臺北市大安區仁愛路四段４８巷９之２號,25.0371000101031,121.547140014147,30596957.805935018,27360626.94203867,28675507.130068902,30343815.127877533,33000355.25436132,35167321.26940513
臺北市大同區五原路１９號,25.056692,121.517333,14106981.587137548,11959174.52787429,12704825.726293713,13939854.54289214,15546539.668133108,16960675.84604744
臺北市中山區松江路２２１巷２７號七樓,25.0584400003117,121.535639959171,50810571.34424841,41407958.11346962,47305132.162163705,51899168.541640565,58283507.83881612,63088118.92853181
臺北市大同區萬全街１號十五樓之５,25.0586800161091,121.519790031724,57684081.88334097,47625344.10399833,53387533.31373343,59196192.99066107,63667757.33452667,66943562.65256487
臺北市中正區連雲街７７號,25.03438599,121.530187,17913352.300295196,15463953.636008583,16540401.853346365,17943250.61722787,19450476.491670962,22098516.796776533
臺北市松山區三民路３５巷２號二樓之２,25.0557699869647,121.563399984298,52795114.029444166,46418308.74544623,49729290.26405019,52467672.897194885,56469489.16841638,62908212.23805826
臺北市萬華區和平西路三段３０９巷１５弄５號,25.03582998,121.493132,8530821.814811142,6603749.453249157,8178921.655055017,8934827.765616426,9539464.484501434,10269176.03067886
臺北市文山區辛亥路七段８４巷５號九樓之２,24.98154488,121.5547396,15631087.30592145,13564468.773657968,14668596.092750086,15853416.968801577,17145283.79361728,18132873.595973577
臺北市松山區南京東路五段３８９巷５弄５號,25.05204901,121.56952,12264574.163347602,10277920.163693875,11550421.075452313,12441775.30956623,13516969.323568573,14476626.270404153
臺北市中正區開封街一段４８號,25.04589699,121.512038,13933276.675129782,11641918.852447458,12514973.111936234,13905992.29072818,15434677.54769238,16901777.62038793
臺北市松山區八德路二段３４８號八樓之６,25.0477899960465,121.545309993227,18416621.486800205,15665647.695304407,16924225.317514315,18507788.886907905,20191565.473742567,21605209.198228456
臺北市中山區興安街１００號五樓之４,25.0557699869647,121.54281998125,20458211.103537627,16009434.953235386,18890656.5458381,21300880.38430123,22930369.553411562,24909884.07020913
臺北市信義區永吉路１２７巷１１弄６號,25.04632098,121.569887,15120407.778233565,13418182.058845496,14210622.116665399,15366647.126149982,16209252.826581566,17105763.00843236
臺北市內湖區文湖街２１巷１１８弄８號六樓,25.0911011,121.5597397,23332593.18950969,20896906.247155827,21879248.543297797,23316462.756624043,24764345.670734413,26544564.219759017
臺北市南港區忠孝東路六段３２巷３號三樓,25.04564,121.583425,29047746.5185033,24737283.0372833,27469655.039380204,30062468.348792203,32022513.835147653,33276257.014894962
臺北市中山區龍江路４５巷１７號,25.04925499,121.541282,32608478.630279344,29798306.617752563,31103403.39961082,32681454.324502107,34257666.99369728,36670924.27855396
臺北市萬華區興義街７５號,25.02598301,121.491114,9441418.468901116,6769590.965321028,8293889.088638783,9909800.485690385,10802992.789215714,11765513.21385184
臺北市萬華區西藏路１２５巷１３號三樓之３,25.0283599901145,121.5024300206,10050290.014585119,7530810.081823969,9690693.635183591,10670349.807217289,11487657.506464325,12318134.626007294
臺北市中正區廈門街９９巷３１號,25.0238200160786,121.52045002278,22263324.56923835,17925948.438084546,21170539.965264294,23340812.728474237,25643027.803004846,28604464.26605118
臺北市大安區通化街１１７號三樓,25.0293900002862,121.554079978519,10520850.239909794,8675394.550573379,9539152.120679857,10502476.72969885,11613898.114315249,12633228.361112762
臺北市大安區安和路一段３７號二樓,25.0387700204918,121.550850012131,40198314.17935192,37240937.498881355,38511890.856237866,39913391.578328356,41402261.3837657,44227976.16825994
臺北市士林區天母西路５巷６號,25.11906531,121.5289344,21271639.129082315,16604251.614061542,20468629.950641878,21870598.53069876,23362533.04327575,26255751.53442256
臺北市士林區德行東路３３１巷５４弄８號,25.11292199,121.538468,15246224.40208833,12506164.640009817,14288771.259948593,15644905.666689739,17011876.48483657,18263918.445348106
臺北市中山區新生北路二段６８巷８號六樓之８,25.0566800101924,121.526850024949,27234812.450558156,23927712.757907752,25648955.66844872,27317556.3634795,29525420.40183403,31713660.83209806
臺北市內湖區成功路四段３２４巷４弄１２號四樓,25.0855099852595,121.598229977115,16544321.567313582,14763175.94810818,15721484.281001983,16706340.297552029,17620821.24529554,18354176.84088889
臺北市大安區羅斯福路三段３０９號十七樓之２,25.0173700158565,121.531929961188,108034202.26293515,85827153.73566854,97354875.89888906,110279954.41678046,122136161.90316819,130575566.38733068
臺北市中山區龍江路３７７巷１８號二樓,25.06470099,121.542059,21617112.28467228,18425778.855893433,20237399.136754543,22080596.55574626,23772010.546099454,25669063.777350508
臺北市文山區光輝路３０巷４號,24.98627399,121.554436,82877.10102817137,21681.768538145603,43810.6335625095,70564.06046353723,212992.4838986087,292119.42883681663
臺北市中山區林森北路２８９號,25.05560499,121.52558,12466334.813463345,10034302.567946998,11421932.700382445,12718876.425896974,14436636.160912331,16412320.629026657
臺北市松山區民生東路五段１３８巷９號,25.05808599,121.561751,36011321.16200142,30486253.592983514,33087260.57495556,35866597.031153075,38619819.529329434,45473374.87444363
臺北市文山區福興路８２巷３弄７號,25.006499986633,121.550859986595,7056588.316222074,4483508.3786403835,5121340.755773667,6348331.881002808,10027950.224065429,12282507.441450622
臺北市文山區景福街５４巷５弄１３號十五樓,24.9997100164181,121.53750996177,21819455.904748157,15205358.107365455,20674384.504841935,23135284.656702984,25027323.20644108,26260801.987382106
臺北市內湖區安康路３３６巷３號,25.06577002,121.611598,17422248.886286292,14549127.668135978,16401099.619124513,17777635.81306897,18943728.941157617,20921092.20206908
臺北市中正區晉江街７２巷６號,25.02354999,121.523639,13511411.238358945,7955910.650519645,10135547.19137207,13267846.876005135,19294051.822986998,22747571.77145088
臺北市萬華區中華路一段１８２號十一樓,25.038997,121.506954,56701572.295391925,43511297.019596726,49482179.53165789,57997760.20892693,64054436.10081013,69774810.50432745
臺北市內湖區東湖路１１３巷４９弄４７號,25.0694000092658,121.615060000501,14223823.55618329,10125532.000885138,11747226.184754208,13991436.495956328,16857210.25193577,21135822.887847748
臺北市文山區景興路１５３巷１７號十二樓之２,24.9940000125179,121.5458300065,17123729.960350603,14607408.053838823,16135159.028415674,17549121.059461158,18840623.838173635,20231349.939535584
臺北市內湖區金湖路３６３巷５１弄３５號二樓,25.0740399794067,121.600970021263,28510133.0281112,24344868.814442374,26238510.392176718,28645522.730627228,30882536.032662645,34021132.85309104
臺北市北投區中山路３號二十四樓之１,25.13704499,121.505195,15280567.503813047,11901082.236317918,13821241.282924883,15790446.809069296,17936402.030490033,19453153.071613792
臺北市中山區新生北路三段８２號,25.06713602,121.527416,9580249.19947467,7863255.898551721,8927557.946648477,9737927.94800715,10465616.25879335,11046035.152445175
臺北市萬華區貴陽街二段８２巷１號四樓,25.03953101,121.503754,13975046.345963072,10018788.08582717,12616039.907210093,14522429.807261825,17088158.36881664,18433963.896179356
臺北市內湖區民權東路六段９０巷２５弄１０號二樓,25.0676300027723,121.586430017644,17625884.350821428,15558212.649342485,16650650.460058527,17553226.441139385,18782755.450840425,20239091.27695929
臺北市中山區林森北路４１３號十一樓之２,25.059769998798,121.525710002298,11868091.39114329,10060740.93213386,11066962.697709315,12120876.437061526,12868498.549717708,13680307.583544314
臺北市內湖區內湖路二段１０３巷１３０號,25.08454598,121.580801,12349863.904765846,10072202.555410333,11602013.8151736,12689647.65591937,13546150.376734156,14525295.36916745
臺北市北投區榮華一路６巷２之１號,25.11200501,121.523965,21166330.7630832,16123892.655339682,18490690.069726564,21115618.287233256,24155145.128994823,28857529.26884759
臺北市中正區臨沂街２３之１號,25.04173101,121.53054,27661064.76369202,24892720.952989176,26344133.384723965,27882593.56900301,29021954.15361023,30655118.4338332
臺北市中山區松江路４６９巷１號,25.06667099,121.533618,24132481.78587575,20701157.28488594,22545631.54039154,24168278.14934568,26129101.35474153,28680166.260194506
臺北市大安區文昌街２８０巷５１號三樓,25.0313200173114,121.556899986024,27174157.358484898,22181085.504650168,24138859.952978246,27003380.95898731,30714403.182106066,33728847.52638348
臺北市文山區福興路４巷６弄２９號二樓,25.0041699851883,121.552299997561,12356921.65560827,9084156.957036763,11134177.380357167,12816905.603109784,14500197.604665998,16368342.479148127
臺北市文山區指南路三段２４巷５號二樓,24.9831899977211,121.579419980561,11264323.744718762,7578667.404587463,10646084.649701342,12082038.826491565,12923202.167132732,14106066.493610013
臺北市大同區延平北路一段８３號九樓之１,25.0516299973482,121.511999974731,18565278.500138093,15315547.929168284,17507555.960102413,19188518.248134308,20574734.950644933,22223555.8939273
臺北市內湖區星雲街１６巷６９號五樓,25.07668942,121.5922619,55037116.42927534,47344011.86290242,51382352.56219676,55634376.828349024,60914732.15484118,63801102.342211224
臺北市信義區富陽街７１巷７號四樓,25.0224525472912,121.558193694743,22987525.00802031,18171722.673776712,20378566.387018137,22847243.10916578,25668334.431176227,31256200.892079387
臺北市中山區林森北路４１６巷１號,25.05979121,121.5250618,8906799.207656236,7386147.238612179,7964730.240502369,8811955.32520499,9870294.03258476,10571841.491818022
臺北市北投區尊賢街２４９巷２６號,25.11729802,121.505475,16727801.009561189,14218929.808602208,15796266.001394631,17096888.24556877,18586747.106261577,20337826.77416152
臺北市信義區崇德街３１巷５弄５號,25.02475598,121.554236,25202036.7563327,19810869.101956904,22325065.44104961,24571177.86129117,28308024.47641729,32640391.310750652
臺北市文山區木新路三段２３２巷６弄７號二樓,24.9820099933921,121.559290001895,14335109.885252591,11852288.016042743,13129153.355451507,14330004.743381944,16000668.844122209,17699836.69340316
臺北市文山區汀州路四段２８５號五樓,25.00148295,121.5355503,25476833.230877616,21508206.473430358,24756877.275737293,26388764.19206128,28712440.40190222,30520180.49075924
臺北市文山區景豐街５號四樓,25.000470003579,121.545869988178,22572098.95138797,20309657.713779815,21484189.425468966,22675099.710114107,24290605.574716605,25837728.49597046
臺北市信義區信義路五段１５０巷１０號十一樓,25.0279900129083,121.570510017486,55898487.545164324,36137089.5061411,51314359.94973547,61771379.42295018,67113584.72303733,72297941.21411555
臺北市文山區溪口街１０７巷１之１號,24.99615408,121.5375229,14929586.196028495,12844472.180977415,14206784.550611395,15209943.767566383,16201215.508925783,17571225.00670454
臺北市士林區文林路５００號,25.09661601,121.52432,20603570.46499961,17003990.54854713,18776287.146543957,21182160.06988798,23170583.26761329,24674025.431308456
臺北市松山區南京東路五段２５０巷３６弄１９號,25.04977701,121.56718,20180426.391503714,17391689.944294192,19092965.92539372,20451791.8807468,21650557.10735053,22897279.55750029
臺北市內湖區麗山街８０號,25.08279601,121.5787,18818733.60920618,16771967.429406932,17612180.893316817,18778191.840382878,20245814.322247364,22061904.29272455
臺北市中山區民生東路一段７０巷１１號五樓之１,25.0573200104094,121.526530003886,13404344.023080288,11465712.608730847,12500174.54059641,13635265.413267314,14536392.215337783,15176090.11697691
臺北市萬華區環河南路二段２５號,25.039126,121.497685,19708947.141686182,17282320.59388665,18581401.485335723,19885882.00005389,21077683.311711837,22137492.64517311
臺北市中正區重慶南路三段４３號,25.02778399,121.516205,79310228.42429304,49037680.50130467,63217714.66431406,88050211.49453236,101401345.4083206,111480783.45802595
臺北市松山區南京東路四段１８６號十樓之４,25.05135838,121.5574794,23458509.089204367,19561096.67440807,21749909.889141023,24594574.419573613,26951209.87699509,28629203.229032755
臺北市內湖區成功路四段２１４巷１弄１６號三樓,25.084990013896,121.596440021692,16379543.324886508,14952762.106823133,15597442.72840566,16376988.539545452,17041579.833843492,18556285.606668834
臺北市北投區文化三路２９號七樓,25.1382700005259,121.497710003284,17486242.452174112,14142018.258168327,15586778.954907762,17410908.682438187,19934084.274572838,22933225.080089886
臺北市大同區民權西路２６８號,25.06273099,121.512018,11846859.332189051,9672694.543166324,11066731.473410483,11990817.437556863,13126862.893429782,14691608.512922315
臺北市中山區中山北路一段８３巷２０號六樓之５,25.0499899941729,121.523679989168,6759301.974885382,5150618.457160928,6201228.716050127,7065881.467371738,7841238.198486266,8405378.775151707
臺北市文山區和興路２６巷７號,24.9853871,121.5458208,16077775.420475908,13224960.44504315,14704039.471659299,16751177.50616899,18143293.27602523,19560787.196161304
臺北市信義區忠孝東路四段５５３巷１６號五樓之２,25.0428499956815,121.562879971025,16878819.60000322,13659233.73711846,15376991.293310408,16928421.901912156,18784504.2558059,21250976.04855862
臺北市松山區八德路四段２４５巷５２弄５０號五樓,25.05026601,121.563073,27115248.152233154,22765614.344170798,24481125.762964517,27196689.456390083,30717282.640815005,32879941.837330967
臺北市士林區雨農路１７之３號五樓,25.09764799,121.532064,37955722.69405722,28363069.193152845,32116418.996716563,37792162.67240652,46041923.697594225,52674920.90243715
臺北市內湖區康樂街１６３號三樓,25.0749600190087,121.620089980597,13974498.631227799,11047101.91320212,12588797.610661741,14255173.046167992,15751979.723708339,17355497.11933268
臺北市士林區基河路１９號六樓,25.08726708,121.524837,85471338.79490069,67662690.97051819,75833046.80493541,81436373.35709214,93110331.76744837,115528633.43547691
臺北市萬華區國興路８４號,25.02668298,121.506147,25483302.502230465,22151613.202194445,24214261.434648708,25719448.96217278,27784375.273960594,30188564.41217152
臺北市士林區文昌路２４７巷１１號二樓,25.1002900046763,121.520009972863,17658131.467672415,15623894.706159597,16588135.825479731,17788892.37534942,18741713.7706229,20333319.58799496
臺北市松山區東興路２巷６號三樓,25.0508232,121.5650659,11948015.324907443,8805367.5093288,11042985.8634113,12656259.464509256,14051953.79790913,15655157.958457123
臺北市南港區重陽路４６２號十三樓,25.0594900013225,121.610950018098,55391963.04713385,44730887.473975256,50491402.77064548,57197521.307700016,62694799.55036609,67809236.76293643
臺北市大安區臥龍街２９７號,25.01703101,121.558894,3874676.852171805,2445464.6780366926,2785260.9411818893,3488095.2409389718,5117876.923225969,7996259.671761598
臺北市士林區德行東路３２０號,25.11015001,121.537134,17552901.74208993,14829037.279010436,16633621.781657174,17980859.57273192,19055121.369919144,20534528.907853413
臺北市士林區忠誠路一段１６巷２３之１號,25.105726,121.52546,9046320.916555867,6986772.904160887,8412817.28451951,9457862.603898998,10399864.840100199,10840311.272673367
臺北市文山區羅斯福路六段１４２巷２０弄２３號,24.99700991,121.5395575,14030716.942372499,12111368.184331156,12938761.44249522,14078743.792619746,15256783.943021508,16557396.990082923
臺北市內湖區星雲街１６８巷４３號,25.080177,121.597241,11124030.247048799,8718369.684391476,10772197.876808787,11979732.072390607,13069270.337707318,13896227.59801792
臺北市大安區安和路二段１８１巷２１號,25.027362,121.550752,5300883.620371245,3000911.997429082,3671012.428229076,4635322.525621632,8894468.104374345,10652552.98841862
臺北市中山區北安路４５８巷４１弄７０號八樓,25.079339982513,121.54688000751,37294017.36805918,29976643.862688683,33934498.916945055,37958574.32378185,42063119.99686987,47141617.717416346
臺北市信義區市民大道六段１０８號,25.04899401,121.5724433,14046738.07148311,11911449.984904798,12973342.217437653,14135179.581417512,15265921.646483049,16177706.880257444
臺北市大安區安和路一段４９巷２１號五樓,25.0385900191211,121.552480040841,39184471.935041845,36359828.129152864,37849791.65966113,39346944.44677214,40752234.995983124,41970067.12664999
臺北市大安區市民大道四段４８巷１號二樓,25.0447000074409,121.545839980965,26424425.259465326,21527723.941987924,23945041.834400237,26557440.624455996,29422891.80463598,32159248.364483774
臺北市北投區泉源路３６之２２號,25.14027001,121.506538,5408099.661385678,4671731.619345989,5104273.10512818,5396816.363978043,5846531.358257335,6545409.557796793
臺北市北投區天母西路１１６號十一樓,25.11881401,121.523,120555664.36631268,101778181.55071993,114600665.25582652,123272295.7978069,129987008.38321014,141198581.19114792
臺北市大同區大龍街９１巷１２號四樓之１３,25.0672200019784,121.517030038646,13798848.041207941,12460971.092105247,13018415.030095445,13756076.270153413,14467233.700800512,15424563.753231112
臺北市信義區光復南路５６７號,25.03075399,121.557622,15112863.786272308,12583225.767787013,14317953.544374298,15457158.277771026,16399121.161337797,17367601.114153594
臺北市中正區新生南路一段１５０巷８號四樓,25.0349599844939,121.531650005622,37525877.339651145,32124184.546311963,35444095.32864354,38389391.79013645,40464559.36318975,42982575.7348693
臺北市內湖區港墘路２６巷２號五樓,25.08263998,121.577888,19598359.215014525,17437892.849321645,18407296.198447097,19646673.91745316,20949709.145687155,22348018.623019934
臺北市內湖區成功路四段４５號,25.08140101,121.591897,27777916.971446987,24501717.644397125,26204622.79809361,28356304.99086404,29796355.541211918,31533557.17579048
臺北市松山區八德路三段１２巷５３弄１９號五樓,25.0458699953956,121.55134001819,25573205.420024853,17369432.184569392,25098012.054889157,27598518.222361278,29728038.468199123,31826575.238560732
臺北市松山區敦化北路４巷３１號,25.0500866,121.5455173,6349483.186238861,3949968.6011471474,5305434.956240513,6667011.895428607,8249707.463706698,9595605.9103919
臺北市士林區中山北路七段１１４巷７８弄３號,25.12155699,121.537161,35463818.967616566,20597861.877324603,27537720.769732747,37710170.50339596,47658689.1982868,56099102.90308952
臺北市大安區通化街１４０巷６弄２號三樓,25.0288300053351,121.55337003132,23498090.030654255,17028800.189714126,21537499.411875047,24272404.274227753,27380741.746703103,30819265.378394254
臺北市大安區安和路一段１６號二樓,25.038673,121.550408,37215977.05192929,32820846.680336997,34988078.19026745,37900743.198000185,40169102.66716759,41974161.187507406
臺北市內湖區康樂街１３６巷２９弄５４號,25.07338502,121.617959,15603615.132207228,12627001.761160085,14242897.326888137,16023739.162927985,17554291.599712767,18680599.4312097
臺北市大安區光復南路６７６巷１６號三樓之１,25.0306800170944,121.556449961642,18564351.304588825,15054081.299194224,16624319.762165053,18884429.961009115,20979493.534302667,23534791.48763298
臺北市松山區南京東路四段１３３巷５弄２１號,25.05207202,121.555907,11514681.817608926,9048617.282090988,10375561.719996447,11708169.07083631,13184007.95505793,14760210.441370236
臺北市大安區復興南路二段９０巷１２號三樓之２,25.03021968,121.5423855,16157925.96398268,14098058.32334642,15351801.889405295,16343897.149615888,17339748.617009178,18558969.485591523
臺北市北投區中央北路三段４０巷３８弄１８號,25.14009621,121.4855944,15548326.898357643,13432904.887922885,14535598.242704116,15304277.974538798,17000895.396391,18895220.789615612
臺北市士林區中山北路五段８１１巷２２號,25.10096898,121.524433,18589568.9114917,15024814.145093877,17216059.76145837,18917074.83425522,21057424.140711732,22840203.12991085
臺北市南港區玉成街５２巷７號三樓,25.04805302,121.581245,15140019.251544137,11821328.71169331,14460675.179617338,15536769.905085769,16733425.028195383,17888022.99637313
臺北市士林區福德路８２巷１２號,25.092649983751,121.521330038794,11623565.401314653,7504435.237564907,9464835.052075732,11455762.09843564,14491144.709497664,18497096.004844606
臺北市中山區長安東路一段５６巷１弄１０號三樓,25.04752999,121.52918,19204129.006386183,15381411.21671499,17792021.63225536,19470648.44520355,21248016.523680955,23345906.317641173
臺北市士林區通河西街二段１１７號四樓,25.09293501,121.507169,12013459.036136415,9734830.815905012,11111273.889474878,12340534.876088299,13673998.043626832,15259664.942561582
臺北市中山區長春路２８號八樓之９,25.0548999873246,121.524369987438,11148172.783726105,9467635.049364567,10457092.66006777,11320279.540948186,11836071.272430174,12456027.979539424
臺北市信義區祥雲街１３號七樓,25.019216,121.574196,20231918.340241183,14719299.126418773,18148127.13757812,20918172.423816517,23360549.97936003,26137974.40654757
臺北市萬華區環河南路二段５４號,25.03770099,121.496207,11217897.983392656,6519471.154639968,10297902.9209266,12109813.267663715,13700500.42284516,15586793.486023119
臺北市大安區和平東路二段３４５號十二樓,25.0248799915541,121.545939977069,32536238.59225635,26642959.291925155,31115502.86291398,33892869.177971415,35744541.44368532,37658935.42915039
臺北市中正區廈門街７１巷６號二樓,25.0247400137711,121.518180035762,13802432.164803576,11602677.398312544,12559861.178040918,13887672.660650257,15361664.529834079,17267726.364688378
臺北市中山區民權東路一段６８號,25.06250799,121.524962,15433865.727912052,11965475.950166203,14270730.890581612,15996693.52801181,17573714.282103635,19389814.543009005
臺北市大安區潮州街１５２號,25.02839498,121.528871,28547060.722106628,18740203.622939188,25266978.810443807,30318958.773938578,34054911.94878265,38608187.33353845
臺北市北投區磺港路１４０號,25.12922124,121.5029866,17528100.968962163,13810771.87397668,15668327.998650566,18163190.353647046,20104714.312687166,21652127.357297365
臺北市內湖區大湖山莊街２０２巷８號三樓,25.0877899886518,121.598389987647,10581800.562498419,5994339.692657776,7807632.145634297,11067382.478995297,15254013.657607254,16352631.228999825
臺北市文山區仙岩路１６巷９３號七樓,24.99589382,121.5509853,26210640.691142146,21715239.23469009,24093652.00302898,26430737.71360237,28425394.68909767,31987678.39384176
臺北市大安區麗水街２１巷１號三樓,25.0289699831181,121.528500002589,52022698.5005967,42912052.559700064,48018222.557075426,52752786.27274688,57597558.36996445,63827202.874071
臺北市中山區新生北路二段１２７巷３０號,25.05972901,121.52948,11835295.423614403,9843722.958784638,10793144.943973757,11877840.591831438,12805329.309751866,14694196.729010073
臺北市中山區雙城街１３巷２２號,25.06402599,121.525187,19621354.891792636,16485681.667041896,17902812.742283925,19634112.339432053,21385236.568256754,22874137.92128473
臺北市大安區信義路三段１５６號十三樓之７,25.03321299,121.540834,14504545.994321395,13041648.524400486,13626490.545473311,14594458.385125773,15489632.156846123,16135807.581221964
臺北市文山區福興路８２巷５弄１０號五樓,25.0068500149096,121.551150000445,9432938.780391838,7859621.516806342,8567858.12442921,9493770.157837769,10542036.515828712,11629398.776055945
臺北市信義區信義路五段１５０巷４９９號,25.02124799,121.573604,10412712.923402732,8580036.908043692,9753252.898815993,10664417.386330973,11543069.764892563,12434161.649467759
臺北市內湖區安泰街５３巷９號五樓,25.0746799796236,121.61731003859,14194401.415768076,11017702.356822604,12824683.82395681,14455369.483079692,16258766.86743822,17952980.08515742
臺北市士林區社子街２２巷２３弄５號三樓,25.0871199812215,121.506869998531,7246674.198114181,5088112.034597028,6274185.17877225,7618861.362735865,8675982.014186703,9305013.48989158
臺北市中山區朱崙街５８號六樓,25.0498000183375,121.543170009527,197895105.48354474,150413648.12727585,175412313.03743863,196528477.79476362,231257918.54288286,271718081.7005571
臺北市內湖區康寧路一段１６７號,25.07888241,121.5950877,25185628.90344184,22002200.050329205,23894603.127286736,25876610.88327314,28441167.6883102,30478948.799512926
臺北市中山區龍江路１００巷１之２號三樓,25.0524399825616,121.540110028135,19716452.66126948,17110626.008636102,18727457.960016664,20082675.578318715,21891304.71601363,23232046.410811782
臺北市大安區四維路１７０巷３６號三樓之１２,25.0281900051181,121.546339961489,20880737.142298162,16702849.856162785,18658307.35385292,21188670.29073828,23457097.444014832,25136552.00875242
臺北市士林區福林路１００巷７７弄７號,25.09492001,121.53303,42135141.16416319,27530442.107549712,40636995.64241961,46101407.93512181,50265792.00217122,55663007.82962856
臺北市中山區錦州街３０巷１２號八樓之３,25.05953899,121.524662,7582064.622022392,6056055.9041559715,6676119.117327597,7861959.91558081,8506836.271179415,9281645.96861678
臺北市大安區瑞安街２０８巷５７號,25.030461,121.540663,5405451.370962916,2953372.9081810233,4370476.639014946,5328499.553471958,7121883.434631733,10270667.041191641
臺北市中山區市民大道三段１６９號七樓之５,25.04481069,121.5406476,17132621.019210674,14446103.06886293,15755756.879702946,17038150.391486906,18631778.187613647,20973861.309297822
臺北市士林區中山北路七段２１６巷５號四樓,25.1257800008756,121.533459993793,29788079.557958,25471003.44762992,26965140.470016498,29022223.580461722,33111488.91632692,37484169.45983837
臺北市中山區錦州街２４５號四樓,25.06045698,121.533958,22982262.76223641,19107788.045525923,21226387.84646461,22981538.02553168,25394800.54721973,28133792.065693185
臺北市大安區仁愛路四段１３７號三樓,25.03806799,121.550885,70797041.53299676,62070376.96053485,66039366.28749717,70102017.00054899,77044887.37488995,84918714.74603689
臺北市萬華區成都路１５５號四樓,25.0435399939509,121.503080037191,9000826.111048177,7949544.836595632,8615708.802362176,9118729.434065519,9834618.818330212,10764609.13941729
臺北市文山區興隆路三段３０４巷９１之３號,24.99530202,121.556201,18012806.173768044,15085028.042574856,16826164.984057758,18190447.87839102,19841606.915784087,21309276.63117942
臺北市文山區試院路１４４巷４弄３２號,24.99059478,121.5478307,6277185.311701782,3689622.683657278,4962011.501203052,6491569.497414656,8128971.809913948,9904133.065775
臺北市北投區崗山路９巷８號,25.14062699,121.486391,10769358.99983054,7987584.6772373915,10087447.730836922,11226250.77029078,12102424.49525783,13002401.362529526
臺北市士林區承德路四段１巷７號二樓,25.078495,121.521749,10984645.412351742,8171783.848194228,9584646.840318024,11502013.426092122,12895010.913261425,14393124.384356966
臺北市文山區景華街１７７巷２號四樓,24.9979600007636,121.547590038528,14520679.210940339,12416663.858207116,13482320.883506903,14536417.091609644,15699496.972260568,17632939.31033623
臺北市內湖區東湖路１１３巷４９弄１００號,25.07072401,121.615309,17480882.750362873,11451801.539758058,14682906.387261007,17461375.330617197,21131990.04609841,24435472.5533311
臺北市萬華區中華路二段４１６巷５號十二樓之３,25.02703699,121.504718,18764710.001214016,17131112.12179528,18230738.414165217,19030628.257702734,19916469.095063847,20849608.018582433
臺北市士林區社子街１２６巷１８號四樓,25.0879999972358,121.504490040943,11628125.733883262,9583989.632000903,10484947.519045897,11720400.704401933,13063144.964981453,14144648.892974887
臺北市萬華區萬大路４２３巷１２９號四樓,25.022189987368,121.50233999896,5544015.726804441,4865399.258071027,5213393.001257132,5523854.831156594,5998331.902345417,6345635.094845477
臺北市大安區羅斯福路二段８１巷８號三樓之２,25.0256100134112,121.524149962479,15786256.334858123,13455232.4434364,14503410.581422392,15964555.215884589,17055441.59263873,18453051.968445215
臺北市萬華區武成街１２５巷４弄１９號,25.01990998,121.493831,1674573.7341247802,1030353.9863772675,1234145.3733579018,1541737.177575814,2219908.4879947593,2875736.2864260226
臺北市北投區中央北路三段４０巷３８號四樓,25.139614,121.484862,11494304.520528967,8348299.874866874,11147180.42793304,12108874.256442592,13083519.72171482,14371066.940967217
臺北市中山區伊通街１２９號七樓之１,25.05440499,121.534992,10245052.764686018,6817181.950738683,8342330.338934665,10675334.657144334,12498166.984686535,14613179.900937071
臺北市信義區虎林街１３２巷１８號四樓,25.0403899909185,121.576320017491,21176282.725607794,18248765.336345468,19620138.07639217,21297701.86888402,22614891.30828299,24880651.42751518
臺北市內湖區瑞光路７６巷５８號五樓之１,25.07024302,121.579776,12533729.690142496,10406386.803356782,11758546.308959529,12845050.839253088,13810412.028830849,15156953.533954244
臺北市信義區嘉興街３０５巷３號,25.02326702,121.554884,14481804.468667291,12542699.166348703,13277686.42531918,14617902.423510369,16029751.931657217,17067542.095069453
臺北市文山區萬安街２２巷１３弄１６號四樓,24.9999600066803,121.569550038115,13719260.101114918,9893722.584776279,12157705.710082091,13952165.206687089,15819445.685083251,18619088.040812865
臺北市士林區中山北路六段４０５巷１４號,25.11384472,121.5259961,22304610.087034337,19745822.172424816,20649167.681112595,21741509.87509075,23611716.383005954,26154856.767237194
臺北市大安區敦化南路一段３１３號,25.034804,121.549294,22147445.68410047,17234741.164331988,20487948.52906944,23149343.32230591,25472973.049126107,27758914.93903897
臺北市中山區松江路１５６巷９號二樓,25.0544399884783,121.532079997255,35372139.47120218,31593927.68237187,33810625.44865443,35749593.016600475,37574217.648666866,39899694.274520755
臺北市北投區泉源路３０號二樓之４,25.1399499853793,121.506730020748,5723581.733051339,4877444.766432614,5202466.401610392,5543326.686619528,6094424.1451491285,7302196.543580394
臺北市大安區光復南路２０２號,25.04194999,121.55749,10017306.793210676,5645074.119786164,6781388.30233139,9816370.758665448,15067213.87334197,17815080.591865655
臺北市南港區東明街１巷６號二樓,25.056300016612,121.604989982026,11430262.232842054,6617300.42231426,8625940.793610286,13067641.627813868,15140663.896342963,16528779.9029248
臺北市大安區光復南路４２０巷２６之１號,25.0365900132044,121.556139998863,27240382.309649058,22684202.486366443,25719893.76393634,27767220.52897881,29272160.6247248,31139614.399177097
臺北市中山區錦州街２４號,25.06024001,121.524247,11344403.728952195,9044461.97551391,10349273.678070977,11293327.872494485,12397331.805379163,14409624.204669397
臺北市大同區民生西路１９１號九樓,25.0572799868217,121.516780006474,39987339.854172766,34551240.41348407,37441091.49942889,41111021.17298262,45269123.572153166,49365917.733408295
臺北市北投區大屯路光華１巷１８號三樓,25.1431999845166,121.49961998756,11802638.05507066,9142838.205032755,10767793.685333543,11921560.87425851,13446029.153686777,14327428.232082665
臺北市萬華區西寧南路２０２號,25.03859999,121.506224,17414419.907598846,12652008.34775351,16132611.931316286,18058636.600623302,20360165.98713384,22528933.14556724
臺北市信義區吳興街６００巷１００弄５７號五樓,25.01765198,121.572548,14139804.245475484,11520658.682920096,13634287.173419844,14949616.611397633,15792943.079782575,16482930.41942681
臺北市萬華區國興路１巷１１號四樓之２,25.02352099,121.509121,11071718.163383018,9519151.590615544,10487488.46259328,11228227.847536292,12026905.311785948,12747967.755648252
臺北市內湖區民權東路六段１５０之１號,25.06876839,121.5901577,9765084.345862834,8802807.906178271,9152361.468241898,9779771.700864812,10437038.829381894,10873667.111036662
臺北市文山區試院路１４４巷４弄２２號三樓,24.9906599917406,121.547800005203,5666468.19067766,4082160.239117067,4963756.294110439,5862359.2863297155,6662751.490590833,7612757.156279936
臺北市大同區延平北路三段７３之３號,25.06661101,121.51111,16995310.137696426,14023134.854400145,15769386.177565617,17448085.44629374,18617521.658653826,20400798.870317742
臺北市內湖區文德路８８號,25.07828101,121.582205,89720623.12493703,69831927.93835719,76641712.98313236,85602592.43303631,104536318.38659033,128306204.47337604
臺北市中山區撫順街１５號九樓之２,25.0638200086839,121.521240017154,17711935.352548476,15870374.454228744,16794293.50786271,17646131.466263343,18649576.347771704,20232904.27390844
臺北市文山區木新路三段２４３巷４弄１６號二樓,24.9804399791083,121.558109997566,6638990.317338767,4012205.6885168264,4626392.918031544,5950155.535639918,9732273.91542514,12942782.274914041
臺北市中山區南京東路二段１０８號,25.051839,121.532169,16502973.97400346,14050157.810984705,15036759.768214902,16043177.595445154,17908278.954294313,20886728.593289193
臺北市士林區後港街１５０號,25.08727098,121.52089,35956512.50611591,28033067.740848023,32427899.240473956,37232654.88588548,42097070.73759441,46087468.59772524
臺北市內湖區文德路１０６號六樓之１,25.0783100142508,121.583069964118,11113777.112955915,9171051.619373372,10187649.989295332,11086473.390933316,12361847.324854184,13719660.626132201
臺北市萬華區德昌街１８５巷６２號四樓,25.02249798,121.49337,13537824.785746433,10517548.712237714,12402569.64784664,14006206.593614109,15489799.250368355,16914648.039596908
臺北市北投區復興四路９號,25.14202602,121.499623,29767699.268338896,22603936.258992624,26407978.525266867,30645686.03826653,33649485.66171807,35981364.53798144
臺北市大安區忠孝東路三段２４８巷２４號,25.040859,121.5410595,31948263.09212981,28057504.910209134,30662324.20352336,32341707.632578086,34243517.15086171,36748962.95526869
臺北市松山區南京東路三段３０３巷１４弄５號五樓,25.0536199868906,121.547100032469,24834862.478204522,12787038.866373328,25954074.97970195,28375299.218244616,29842805.839452773,31865329.08569995
臺北市內湖區麗山街３２４之１號二樓,25.08322202,121.573304,18045349.75368167,16435002.926345708,17285081.724035695,18042489.628247954,19023160.333916564,20375312.925948326
臺北市松山區健康路１５巷３２號,25.05487602,121.553089,36338183.918897554,31272907.55637604,33932502.26910775,36927805.17316353,39137800.342571534,41621711.6698887
臺北市內湖區內湖路一段９１巷８１號六樓,25.09139743,121.5632229,18493608.41403918,14116648.561726913,18079558.381715115,19949877.42764016,21606245.51141971,23130100.97713482
臺北市內湖區成功路三段１７４巷８號,25.08099201,121.590578,4873862.363125741,2720396.927745537,3382786.7963130195,4411189.005167271,8006453.032312997,9509117.344829326
臺北市北投區中山北路七段２１９巷３弄１６３號二樓,25.1288300078031,121.530409986866,14866115.676222157,11522226.048302958,13454245.65755393,15227826.139713261,17093513.86239669,18425295.27128072
臺北市萬華區西藏路１２３號,25.02951699,121.502494,34177223.77354119,29421061.238679435,31646238.045034733,33753735.3068454,36981950.74265164,40729756.623239875
臺北市中正區信義路二段２５９號十三樓之５,25.033889992644,121.53158001673,17968331.60079123,15604555.120756567,16504863.756442996,17981549.437159628,19662245.49050123,21257022.80596575
臺北市中山區復興北路４４８號十一樓之１２,25.062720683849,121.543981115059,11969403.378133077,11101609.049350012,11482356.99568946,11899791.60915444,12543419.511788905,12896802.443069212
臺北市萬華區桂林路１４１號十九樓,25.0386499916383,121.498309979913,65822971.549416125,44657470.2752998,51205426.58192178,63110255.124126926,80239391.52047318,105171031.58120063
臺北市信義區林口街１６４之１號三樓,25.0402500131355,121.580669973782,15087132.597664412,12085155.814961113,14215716.041679334,15775984.931504823,16989784.276845008,17847318.501521774
臺北市文山區木新路三段３６５巷９號四樓,24.9799200077448,121.555680000016,10333196.509364042,5973655.923310865,9682470.933972336,11537076.174333954,12640919.188518163,13528203.508707166
臺北市士林區社子街３８號二樓,25.0873900042322,121.507539964052,24038254.59592385,20344475.141230207,22251709.826551497,24397141.688251115,26506026.526131373,28254223.941581972
臺北市內湖區安泰街４９巷４號,25.07422099,121.617514,9172941.038964365,6262378.197339383,7345367.65039981,8884306.157361986,11779188.854973398,13800681.278579371
臺北市中正區丹陽街２７號,25.0395300076527,121.523879981378,43502259.96950252,32721252.162368186,39960845.19236953,46007910.10054115,48588458.26197131,52619167.793143086
臺北市文山區景興路１８８號二十三樓之１１,24.9925200198742,121.54360000116,8328950.438873238,6362193.23610164,7243275.076712413,8229269.80480164,9829993.546423148,10718152.826854143
臺北市士林區永平街９巷１８弄８號,25.09006999,121.504327,13503293.552762635,10582215.892374022,12318249.940411322,13848320.58666261,15135590.227595737,16742887.027477803
臺北市中山區龍江路４１５巷７號,25.066515,121.541537,19547232.426301137,16750292.548562385,18046775.62571017,19656448.287588872,21841946.616317004,24401439.251193136
臺北市南港區研究院路三段２巷８號八樓,25.03628412,121.6163281,26733839.82871943,24248720.616114788,25548658.79426464,26682698.954232696,27863838.020351596,29769814.095542494
臺北市松山區南京東路五段３３６號,25.05107101,121.568924,11422300.65549291,9977680.951828413,10685198.152145986,11398894.078842496,12293158.848748561,13423864.078416638
臺北市大安區安和路二段２２７巷１號,25.02548998,121.550486,25472318.667623624,21199841.430742443,23568946.026807692,26008813.239172623,28023627.10049537,29340994.683917955
臺北市北投區中山路３號,25.13704499,121.505195,15824011.291141765,12934420.859004905,14672127.224715358,16039555.421663964,17939640.40305164,19563485.11059015
臺北市信義區祥雲街６１號四樓,25.016907,121.575213,16302289.600879136,12875315.791686235,14892209.953347359,16660075.354494061,18186294.043500908,20353803.82379743
臺北市士林區延平北路五段１３６巷２７弄６號,25.08242498,121.511568,11773891.355985042,9230764.514962442,10498245.116760243,11732420.560283493,13367364.926343888,15474319.123003317
臺北市文山區興德路３３號,25.00123598,121.556189,16962188.246464293,12062057.400258066,14824648.921957877,18027033.83799365,20966545.43994182,23966543.685962718
臺北市文山區指南路三段７７巷５號,24.98272401,121.580468,28512255.520644024,23812788.61606349,25981952.670785308,27726713.47152635,32945466.49883092,38689293.668698
臺北市士林區基河路１２８號五樓之３,25.08867608,121.5231356,6284709.033291321,5375284.002945382,5944798.955617118,6410375.809439203,6875883.56746253,7553957.705194683
臺北市內湖區新明路５１３號三樓,25.05361898,121.578953,7641119.809585525,4773706.504120021,5534167.201086844,6998536.695923667,9759059.897667589,15087758.716901224
臺北市大安區大安路一段１６巷８號六樓,25.04437399,121.545821,33743225.81735118,28185838.649667706,31510211.580596622,34693088.46696153,37348276.20157246,40201933.267714806
臺北市士林區中山北路七段１９０巷８之４號七樓,25.124939,121.533347,20534063.30121873,17497336.543411236,18618553.99123836,20819149.966610067,22656105.385178566,24531952.966266394
臺北市文山區木柵路一段３５９號,24.98911261,121.5576463,61225714.56486821,49625924.88533962,52333160.93084021,58343324.42078443,67256751.62954682,81174218.37967852
臺北市士林區文昌路１４９號七樓,25.097507,121.52044,13661852.458035756,7603075.092779042,9343717.62531992,12816431.053416628,22738381.95496369,26566510.554954313
臺北市中正區羅斯福路三段２４０巷１３號三樓,25.0177399930627,121.529900031877,26866026.96707821,20490184.732626803,24470851.42376875,28059336.30361825,30335026.438782785,33055321.767242897
臺北市南港區重陽路４９９號五樓之４,25.0616500177708,121.612630002952,12136817.627561731,10232034.16374702,11067772.552886318,11677267.049870813,12728420.966566078,15717491.587496553
臺北市大安區溫州街１６巷８之２號五樓,25.02518798,121.532657,33824910.00430887,30325696.997266084,32997272.86516618,34753917.55711257,36286050.48386981,38319778.99047424
臺北市北投區稻香路１３５巷９號,25.14210501,121.48978,11198515.500916334,8943107.519840788,10791957.199046131,11522530.433555035,12396438.348228253,13302104.03618445
臺北市中山區長安東路二段４９號,25.04860199,121.532287,24038811.032680236,20433578.350361027,22610015.88492669,24232152.112697143,25955042.156883486,27680347.12539422
臺北市中山區農安街２１０號九樓之５,25.064690008324,121.536470019043,17427488.794295006,14553293.551665211,16212424.924755698,18064661.90133649,19701432.081930306,21763886.000908695
臺北市中山區長安東路二段２０８號七樓之１,25.04818499,121.541917,39726234.61524466,34837562.692815825,37343878.08209987,39261413.5639491,42733504.076149516,46994995.396573395
臺北市萬華區民和街１００號十一樓之３,25.02548299,121.497528,32648215.616358537,30026887.55198624,31295231.90957263,32724819.630659796,33981344.36075525,35154740.53916624
臺北市中山區新生北路二段６８巷８號二樓之１２,25.0566800101924,121.526850024949,19302362.24934957,16096104.789020285,16933268.8580363,18420363.034913663,22367696.33040847,24465715.74008295
臺北市中山區林森北路５８７號,25.06602499,121.525833,36466366.69067899,31767518.968734358,34624253.67264663,37052193.62916602,38780582.39003947,40663624.897360474
臺北市內湖區文湖街２１巷９２弄９號,25.08967202,121.560438,20500315.40934612,15888293.489603536,19274372.892940134,21164079.254538752,23071073.286867615,24542562.572468027
臺北市文山區景華街１７６巷１號,24.99733098,121.54817,10692055.90997397,7381382.984512674,9131407.828942344,11650210.518267293,12953583.468475947,14145425.107895408
臺北市內湖區內湖路一段２８５巷６９弄６６號,25.08496298,121.569601,15671008.670349142,14328643.376229286,15103556.965894883,15807117.614569983,16479572.121694895,17021515.942093372
臺北市北投區石牌路二段３４８巷１７號,25.122499994525,121.525080018456,9617184.705096662,6911567.613806144,8535783.688526578,10097323.92122386,11164014.900194377,12514489.225151656
臺北市大安區復興南路二段７８巷３０弄３號,25.030856,121.542463,45236339.931190364,39482988.52953465,42793141.70048853,45949497.806261525,48299002.75692895,50533244.73882407
臺北市中山區吉林路３９３巷２３號三樓,25.0657299929605,121.531329984558,14956456.592944894,13079206.01780925,13907382.275686087,15037774.39502603,16135973.634099817,17470840.451878205
臺北市大安區信義路四段１９巷３號二樓,25.0339099834831,121.544580013279,32180348.715035796,27864283.363429844,30672421.082234733,33026473.784837075,35516871.23095162,38974668.94591015
臺北市大同區民權西路１６０巷１８弄１７號,25.062279,121.515089,11313724.020271707,8952580.543053282,10161660.097073177,11416593.172242923,12553976.008433845,13974922.543662444
臺北市中山區遼寧街７６巷６號四樓之６,25.0509599899179,121.541349963071,9350986.436088908,6870900.544943888,8480524.477732953,9592070.23354821,11013263.1093598,12045392.17623831
臺北市信義區松德路２００巷５３號六樓,25.0351600186132,121.576439962525,334823631.5498149,231898999.76374027,288378102.3214789,353079052.09598356,427368274.4529437,465529212.84929144
臺北市文山區羅斯福路五段２３６巷５號七樓,25.00129998,121.538266,23892141.461012192,17099488.8754057,22616101.719709665,25110347.77211495,26741606.997742876,29135345.64195163
臺北市大同區保安街４３號十樓,25.0591600057945,121.512329970259,11391008.1768389,9033577.148528505,10543144.673218118,11718678.077782141,12727269.051765058,13974528.63486242
臺北市萬華區青年路１６８巷３７號三樓,25.01987499,121.501842,6237230.640816948,4878987.372911102,5313881.604301365,6109353.465090889,7224815.613095032,8202403.292389134
臺北市文山區興隆路二段２９７號四樓,25.00150898,121.55316,13386898.81777682,11542381.700149497,12563899.633488795,13430643.561149046,14634408.875493176,15884841.94695834
臺北市信義區信義路六段７６巷８弄１２之１號,25.03420498,121.57697,16544507.085401824,15017700.259246748,15703514.948900312,16463009.009537408,17460062.604077578,18348870.571204633
臺北市中山區林森北路６５１號四樓之２,25.0676600099856,121.525930027257,29603904.43891423,17352558.209585305,28016220.86700241,32514504.578047276,36313832.28125432,38365766.20467847
臺北市萬華區寶興街１４０巷３５號,25.02376599,121.493665,14296259.443225123,10167507.36203564,12955564.159285273,15061450.61476815,16769681.83187092,18757468.42668194
臺北市中正區詔安街２０巷６號三樓,25.0248600007151,121.51609998267,17830326.488674637,12986177.032468028,16699127.096919477,18997642.780832265,20572931.169108376,23475310.44021567
臺北市內湖區行善路２５巷７號八樓,25.0558300013914,121.576199988637,23395193.95889201,21706631.657810144,22616717.427731406,23571370.046065092,24722064.816843733,25868851.352768466
臺北市文山區萬美街二段８０號六樓,25.0053199823039,121.560860016179,16862403.473773643,10458160.960597573,13144596.740932852,17538707.8905221,22133416.36259371,24974995.150052276
臺北市士林區天母北路５６號,25.12153201,121.52636,38117389.72216215,32490360.65875631,34990203.98337937,39151181.25978897,41611809.61111615,44183518.381190054
臺北市松山區南京東路三段３０３巷１４弄８之１號四樓,25.0532700005236,121.547419969713,16288396.495074222,12891274.835500441,15695658.131601669,17007395.231125772,18115794.778039705,19540047.510407165
臺北市萬華區環河南路二段６２巷１弄３號三樓,25.0376100070018,121.495879982363,5782126.696609129,3786064.412867447,4461996.5860173395,5494310.210963631,7492384.618523303,9868140.59888625
臺北市大同區重慶北路三段２５２巷１６號三樓,25.07123099,121.512955,9902298.358843993,5304009.8353077965,6810729.988724189,9732501.04460911,15685249.274312805,18015361.86664222
臺北市南港區重陽路１６６巷１０弄１３號四樓,25.0565399904999,121.600550004095,10957840.867653273,7723755.814461922,9429840.380339608,11460776.336353138,13472776.561947662,14645673.214653831
臺北市北投區中山北路七段２１９巷３弄４３號五樓,25.1270499849352,121.530539990184,14675810.527996834,11808293.165262774,13490923.538952667,15063543.233212728,16408311.204256194,18036828.458212588
臺北市內湖區文德路５４號,25.07830972,121.5811094,26437031.74267025,21069899.585667443,24706152.83479228,27636941.270009134,29984241.322427858,31867623.19004208
臺北市松山區南京東路五段２３９號四樓之３,25.0515799992958,121.564819962515,15151949.455771811,13684863.821341971,14453616.950112179,15239797.743518364,15869793.552643891,16595485.408576205
臺北市士林區德行東路１９０巷２弄３號二樓,25.1082300139164,121.530969981817,21834464.652467884,17318591.40022397,19796865.251715943,21638377.413021173,24529043.358684637,29310657.109765634
臺北市松山區撫遠街４０１巷２２號,25.06583229,121.5668061,16229705.805150466,14844927.262843175,15510312.749164816,16292070.310009168,17060706.19641328,18018587.020345967
臺北市松山區延吉街４６巷７號四樓,25.0452400115529,121.553240028002,28548754.78454306,24036341.83448825,27076650.192567535,29228139.81306279,31593205.512562525,33549179.84986055
臺北市士林區士東路４６巷４號五樓,25.1116100163719,121.527670026537,20175469.81171799,17817081.430193357,19074967.902109977,20249659.616927877,21320890.81328942,22194092.270421214
臺北市士林區福榮街６９號,25.09750399,121.526793,16387303.23106499,10331004.099076902,13363665.766402766,17252875.069476716,22093840.244560048,24773254.703353956
臺北市大安區和平東路二段９６巷２０弄５號三樓,25.0222800090081,121.53992001039,39234563.24167758,29198032.20375181,35087020.01787243,41154781.628097534,46415826.19921974,48543500.84973948
臺北市大安區潮州街６０巷５之１號四樓,25.028322685255,121.523823269719,35205269.45032825,29106276.846897982,33482577.123428907,36889579.34377244,39072207.07461224,40873179.68526165
臺北市松山區光復北路２１４號十七樓,25.0556300091816,121.55541999338,33305015.99527783,30542898.512024313,31996789.121131543,33734237.16302873,35547368.86221086,37674472.7745882
臺北市中山區吉林路４２６號,25.06603472,121.5302822,11960509.171829809,9297204.257379452,10304597.32492534,12048489.283854336,13480708.591005217,15829105.855534451
臺北市文山區景興路１５３巷１７號,24.99396598,121.545835,16988387.728446145,13566369.273886431,15416474.689666718,17319086.134864025,18998330.020549767,21941803.734343737
臺北市中山區新生北路二段１３３巷１２號二樓之１０,25.06077599,121.528261,6094520.719283226,4813682.975285635,5720053.745203128,6258302.195479168,6722811.973240832,7433839.097016695
臺北市士林區後街２１巷１９號二樓,25.09855499,121.524821,17924071.50247297,16095663.431564467,16954450.610581692,17851788.651744425,18817444.520770147,20289106.833240636
臺北市大同區民權西路９１號,25.06308102,121.51887,5583238.666431183,4365000.8951044,4800364.866543425,5734855.723832549,6368738.618458868,7021910.518184153
臺北市北投區奇岩路８之１號,25.13388761,121.5072858,32498961.52468763,20705766.28874274,24837367.869818445,31093798.94487847,42610629.127988204,55717887.19423233
臺北市內湖區民權東路六段２１０巷２１弄９號四樓之１,25.06686201,121.598093,16767764.49633426,14847413.285892406,15841528.71426095,16930209.679062467,17809586.74237934,18864726.402365606
臺北市松山區南京東路三段３３５巷２３號三樓之１０,25.05327684,121.5475401,15972359.95087254,12139581.275728106,15122873.784122184,16572096.228942463,17810881.744624842,18972303.234957382
臺北市大同區哈密街７０巷１之４號四樓,25.07319701,121.517316,10173398.177461047,8065613.230991217,9011604.598614067,10326426.246354606,11212346.665534087,12937146.70630621
臺北市大安區瑞安街２０８巷５３弄７號五樓,25.0303900032446,121.540930029722,47391314.92513133,42119809.41336371,45065647.43438972,47457818.97865578,49615561.16849034,53728307.57812582
臺北市內湖區麗山街３６２之２號五樓,25.0819299905942,121.572770030039,18214347.445319153,16578874.574431801,17386395.93815658,18228527.874923535,19202520.88485704,20394586.493045963
臺北市大安區八德路二段１９號二樓,25.0446500093884,121.533540040969,2586800.018314099,1631875.4837841922,1988251.6405619779,2354399.4533857843,2926591.555462348,5256760.453626064
臺北市松山區新東街９巷５號,25.05794002,121.565761,12723153.722595226,10013144.101405192,11634225.150485871,13115302.207792822,15035467.106710412,16537116.94239373
臺北市南港區重陽路１９９巷２３號,25.0576099823497,121.600329979137,3697206.633593669,2437795.9165306757,2776357.0330207297,3239380.5846703085,4153360.234206555,7106294.445901977
臺北市文山區羅斯福路五段２３６巷３弄４６號十一樓,25.0006800121631,121.538319988893,19153201.897370078,11798858.713720758,14734358.703676196,20414555.17243232,25242638.15485851,27404870.035622794
臺北市士林區中山北路七段１９０巷２６弄５號,25.12533798,121.535567,26690275.781467926,14298303.185716394,20403316.220267475,25289391.493969236,37754155.76275896,56582425.5532307
臺北市大安區敦化南路二段１１巷５８號,25.03247701,121.551314,30214724.345935173,27260426.280037932,28465699.90227207,29785709.898607485,32030952.282197516,35224800.67936842
臺北市北投區稻香路２５３號二樓,25.14398145,121.4881325,25876456.657955267,23080959.356627055,24456767.305162396,25952013.786201447,27433181.85569063,28696926.718233928
臺北市中山區中山北路二段７７巷１２號十一樓之１,25.05738602,121.524161,14742141.78658611,12413618.523475213,13856263.190343013,15093700.605511932,15927348.266377822,16802759.482138384
臺北市內湖區內湖路一段２０３巷５號,25.08396298,121.563659,18106860.42883561,14607562.630534833,16160674.402659453,18111566.138356704,20708672.339688413,22547594.19396437
臺北市士林區天母東路８４之１號二樓,25.117889989688,121.53565999192,33901415.84714471,28134612.770048358,31159154.12692292,33769626.53932961,36928801.30546842,40013843.038902245
臺北市大同區民族西路１６６號五樓之１,25.0684600207342,121.515309988295,16502455.851816645,13637779.359873015,15683748.649986656,16882271.143214263,17740730.182914607,18801099.620732054
臺北市大安區仁愛路四段６２號,25.03760598,121.547648,16890262.70862411,11291986.263348216,15658976.228537714,17668853.64754722,19863329.09786626,22571330.20242829
臺北市士林區芝玉路一段２１０之３號四樓,25.1084199897519,121.533510033755,17318835.8329742,15339680.694748785,16453194.261753973,17636473.10591388,18596061.136033695,19677151.85968888
臺北市北投區紗帽路１０２之１號,25.14762198,121.548709,30827616.105822273,19783321.326484267,26236602.660827365,32022234.426254228,38202991.277681716,43806178.649912834
臺北市內湖區民權東路六段２８０巷１０２號三樓,25.06913598,121.609252,16562830.484824177,13514183.366286881,14565608.824591598,16471817.527987814,18792570.27395605,20857837.11068858
臺北市松山區八德路四段７３號二樓,25.048524,121.560023,22755962.135720268,19583967.81934532,20964396.243195392,22621296.81497235,24541250.642028753,27066167.441167146
臺北市大同區承德路一段２３號三十樓之１,25.050695,121.517194,79602506.25476286,63241635.36763943,72169106.62597087,83851686.79462162,89581208.33220246,94823019.72714302
臺北市中山區長春路２２０號八樓之１０,25.054619989849,121.537680030585,10341381.499335509,8845677.10092609,9710002.570136765,10286328.036341036,11039330.950819582,12216540.959417125
臺北市松山區三民路１０７巷７號,25.057642,121.563167,17459995.89892205,14988490.689985065,16251608.241693746,17510196.95047049,18745074.527705066,21047080.830911227
臺北市松山區八德路四段２４５巷３２弄５５號二樓,25.0497799855889,121.563060014305,21872805.28907192,19002883.17538514,20248902.399189726,21687974.59664603,23817645.41692198,25815071.07044386
臺北市士林區中山北路七段１１４巷６０弄４號五樓之３,25.1229299861579,121.535360003605,20569674.25002067,15234134.570070393,19343398.78802633,21656578.152753342,23662395.626887422,25220358.83348714
臺北市中山區新生北路二段１５巷１之２號,25.05310442,121.528439,21161317.683738433,18753383.99696924,19838348.631188598,21387612.487112954,22615227.10512469,24056133.343729407
臺北市信義區崇德街３８巷１７號二樓,25.02374001,121.554342,23477663.61166682,20076810.738331106,21895255.207822677,23522929.95234084,25225372.86920847,27016666.567781456
臺北市大安區新生南路一段９７巷１號五樓之１,25.04122399,121.533299,60348541.89502889,48265772.9524018,58677696.404482864,63675317.489171416,66022572.971384495,68119023.47180003
臺北市北投區中央北路三段２４６號二樓,25.136020004347,121.479980014954,13545587.2446027,10799918.33596062,13819875.393455358,14731313.1570889,15688233.9318917,16821085.460652515
臺北市中山區新生北路二段１３７巷３９號四樓,25.06133498,121.529133,13820425.93110625,11969846.701780833,12835711.70631298,13899599.626986556,15133139.335955402,16086905.414318847
臺北市中山區中山北路二段３６巷１２號,25.05426502,121.521802,15998546.235785678,12116037.333519308,14977077.912286278,16786883.876339793,18525981.209813334,21161299.387806047
臺北市文山區興隆路四段１０９巷４號五樓,24.9867899832254,121.561759981123,17256106.773190267,14102844.248739762,15656946.216981977,17636682.86187575,19421352.400502924,21785904.825369626
臺北市內湖區成功路五段４５０巷５號十二樓,25.0744200148966,121.607219987366,36838535.06449324,32246134.265167564,34723618.903524,37006495.43945427,38921537.431171,41200230.76822202
臺北市信義區和平東路三段１７９號十樓之７,25.02397198,121.5534796,22796053.012842074,18465225.49672224,20323270.847851768,22471450.588581063,25805684.145751372,29186727.347173184
臺北市信義區松勇路６９巷６號,25.03327032,121.5700229,268505310.31497824,133284917.85606071,193317766.31254852,305044464.73074573,368054596.4198897,445190925.50721705
臺北市士林區福志路１８號,25.09865,121.531601,20569646.961835362,17597678.23812164,18731091.95202847,20402645.66929702,22143141.873755634,25160769.997788448
臺北市北投區光明路１８５號三樓之１,25.1357799885495,121.503220014974,42523421.034626335,35288670.18316794,40313303.679559305,43320118.44182238,46855812.57092792,50119140.088427186
臺北市內湖區文湖街２１巷８２弄２５號六樓,25.0891300035124,121.560800001752,19558509.16200064,17278195.804808047,18303295.61607451,19620801.83685834,20818068.318732332,22003661.202242102
臺北市大安區信義路三段１３４巷１６號二樓,25.0318699958883,121.53932003376,28292136.46890139,25835977.038510032,27022340.81360643,28441681.095692553,29691744.19105964,31155491.011285126
臺北市中正區重慶南路三段１４１號,25.023465,121.517058,15538752.309059264,8408964.20365767,14368189.961672358,17494136.145616304,19157075.51731463,21119643.833619166
臺北市中山區新生北路二段４０號,25.05477099,121.527231,11035377.659811698,9143605.616449563,10215737.114983061,11136548.15845729,12110531.363045458,12978672.193216583
臺北市大安區信義路三段１４７巷１１弄１２號三樓,25.0346400053402,121.542480011258,13647674.878213495,11266583.172469007,13105627.11509524,13871931.892247418,15028363.131037567,15775148.188174602
臺北市中正區水源路１６９號二樓之３,25.0241599860714,121.514440030565,12679906.21182337,10091471.37309154,11788579.888407601,12685347.720792782,14018514.682778524,15945306.536573961
臺北市中山區德惠街４５號,25.06674299,121.526995,5665022.758419426,4690916.838490584,5229738.729934542,5827905.699639336,6351372.229420496,6678472.670001823
臺北市北投區吉利街２８０巷３３弄１２號四樓,25.1171900169538,121.510489974874,11725215.946368244,9828844.859968621,10822527.668344583,11713824.74571328,12980549.216021175,14978753.050161459
臺北市信義區虎林街１２０巷１２０號八樓,25.042074,121.574932,33745031.0864566,27613510.08717768,30769152.42191685,32812046.057054527,38008165.88160343,41857331.93093492
臺北市中正區和平西路二段４０號,25.02845802,121.51281,14645399.156109883,11676283.378965452,13600099.515855169,15170645.761928458,16688073.66899519,18514232.7010896
臺北市北投區吉利街２５９巷１８號四樓,25.1181600126988,121.510939999256,15133865.465077784,12553180.890837438,13987310.413971473,15534915.243727904,16957307.60727481,18196258.195104823
臺北市士林區仰德大道三段１２１號,25.12207872,121.5518094,5041595.883394225,1395919.9462363303,3144035.0427335585,5049876.648970392,10679423.998030689,17359802.175403662
臺北市中正區中華路一段９５巷７號,25.03765301,121.507849,116141762.19639389,81137976.43636146,111970461.58817218,124188863.21095148,135438857.20243266,157964139.62595263
臺北市北投區中山北路七段２１９巷３弄２３３號,25.13104769,121.5304695,63594402.66917823,43406000.20560202,55025995.45440555,66706512.872146994,77644160.39690608,99364978.38347608
臺北市北投區建民路１６２巷１１之１號五樓,25.1110400050464,121.520309961178,16093044.47826746,14212796.322740259,15337340.632486967,16292296.10697921,17352028.137972657,18399086.780425552
臺北市大安區和平東路二段７６巷２３弄８號,25.02243398,121.54003,31240401.574581437,24312669.382790986,28161123.727740604,32301509.673578296,36249263.90783856,39150786.68271016
臺北市大安區大安路一段２０２號,25.03499502,121.545865,18654296.008688647,16310636.32004007,17342260.116597574,18663490.909057256,19965961.655101087,21346145.516330577
臺北市內湖區東湖路１１３巷９５弄５１號三樓,25.07134,121.615041,30592263.564541522,24885697.88860546,28129265.177269313,30513763.043348644,34034764.760914676,37989971.80547935
臺北市士林區中山北路六段４０５巷８９號,25.1177084,121.5259074,67670062.55660298,61823484.64332598,64011242.27746269,66410770.34716196,68983894.60988902,77277021.90516967
臺北市北投區溫泉路６５巷１６號,25.13604402,121.504374,9478848.177594747,7903166.705332532,8704699.66829448,9406106.266466143,10341746.01105835,11691876.856563235
臺北市北投區明德路２６７巷９號二樓,25.1144599891801,121.521830019318,15270323.636729766,13422995.31582899,14672671.359928202,15594324.188812483,16372078.860205105,17332074.341583896
臺北市文山區福興路８２巷５弄３號,25.00655032,121.5511394,10120213.235657247,7368706.929286624,9479470.77147682,10439038.561696365,11621670.65413786,12572745.454548903
臺北市萬華區萬大路２７７巷４４弄８號,25.02517202,121.502025,15680812.650834808,9642384.303396972,14155550.724411882,17530684.224420812,18908278.462460503,20095219.507193364
臺北市內湖區行善路２５巷３６號,25.05589898,121.5772176,23770224.673401736,22016977.17456513,22878641.378055587,23757809.55419197,25049840.720562577,26435917.19340806
臺北市大安區安東街３１號五樓,25.0442299922203,121.542600040111,9097136.532831898,7559113.241431126,8464038.299034448,9275883.062009383,10257531.434647253,10653945.941171693
臺北市北投區新民路５３之１號六樓之５,25.14032298,121.510258,4819840.029687854,3193594.4366807267,4003972.297519651,4944975.42195632,6065042.4182745395,6959151.5612328965
臺北市南港區興南街６４巷４弄７號,25.05583901,121.60147,14408041.979431108,10640600.566388179,13985176.73533917,15461367.968855234,16446864.660087377,18338480.419489846
臺北市萬華區環河南路一段７１號七樓之２２,25.0450199865946,121.501919981792,2797030.2353450516,2396129.5445392192,2584363.196542379,2785082.721862785,2976470.06441519,3321895.8468424464
臺北市信義區松山路２２５巷１７之１號,25.04488202,121.578366,23162531.001327116,21076378.51482692,22583868.051167473,24271196.223419935,26598655.95780045,29713818.18336273
臺北市中山區德惠街１８號,25.0666077,121.5251101,22815726.474871367,20264543.365945004,21331516.022567812,22661449.956495106,24236381.974712383,26148391.857103176
臺北市士林區中山北路六段４１９巷３號,25.113621,121.526531,20484305.972650602,18399790.31396811,19592106.509215146,20667216.924392607,21791971.466818184,23331705.13083128
臺北市北投區中正街４９巷３５號四樓之２,25.1314599975624,121.49972995813,19616285.888714187,15990566.580555394,18894314.036645103,20376530.605437625,21760440.36432443,22870080.369678788
臺北市中山區撫順街３１號,25.06356499,121.520073,12395761.264129085,10450620.994494744,11469073.441192767,12571894.095885817,13760058.972450186,14922372.482273668
臺北市大安區基隆路二段１８８號,25.02493699,121.552886,24671755.443045776,20109062.55917388,22056389.751502514,24627353.84199386,27288038.91044184,30686442.614610333
臺北市士林區基河路１２８號四樓之２,25.0886700046662,121.523129968682,5887466.440036109,4925261.8813843895,5478301.162258905,6020451.465813417,6485391.726196651,6915555.18547024
臺北市中山區新生北路二段７４號五樓之１０,25.05713498,121.527173,6064080.528065161,4459862.4500178145,5328680.338770237,6300728.405518438,7010824.4948862605,7735230.042517928
臺北市信義區富陽街４４巷１１號五樓,25.02292998,121.555985,25211719.001304448,21967770.677033763,23325065.15745891,24785340.052399654,27129693.34417648,30290581.655070804
臺北市內湖區內湖路二段１０３巷１１９弄６４號九樓,25.0845000078364,121.581740007541,17718636.422328558,14775051.784541668,16038880.727967076,17893410.237317827,19688468.01410274,21549537.466636762
臺北市文山區景明街１４巷３號,25.00189501,121.541079,17622157.121197812,15694168.823971696,16703748.093177252,17807102.13597168,18768758.47696506,20077557.185309682
臺北市大安區信義路二段５２號十二樓之６,25.03449898,121.525826,18172105.76842525,15611244.878445366,16982144.38617507,18498644.459980503,20286820.6631828,21497383.749329153
臺北市信義區和平東路三段１７９號七樓之６,25.02397198,121.5534796,12332554.1827038,9882285.160108889,11577163.338657524,12560264.160899978,13663074.78961518,14853833.468595007
臺北市松山區八德路二段４１０巷８８弄３號三樓,25.0462100072979,121.546520004769,31618222.371013924,26955724.284015566,29786629.91606337,32292838.1070387,34247393.547146685,36948167.60148194
臺北市北投區關渡路４８號,25.12046298,121.469043,103082330.6955713,67350970.22014062,77973716.2550202,91523001.97441116,134188030.10390589,215155606.88115516
臺北市中正區金門街３４巷２號四樓,25.02122401,121.522439,35257643.37439447,28297961.82764007,31828604.309983198,35277376.52397587,38654430.15436806,46170763.67908403
臺北市北投區溫泉路３７巷２８號,25.13384301,121.503422,8675755.620992212,6551164.888578509,7605032.242914926,8724292.64942081,9774573.243367126,11317807.514425322
臺北市北投區致遠二路６１巷１０號三樓,25.1150499913446,121.511179973144,6675383.743486211,4672584.930302002,5814303.577822704,6845376.131419722,7642420.850192051,8828548.866447343
臺北市中正區同安街２８巷１４號四樓,25.0248229946125,121.520894598924,21295187.875236947,17853557.04269882,19430553.430219986,21208817.809475966,23184824.877154768,25909190.322253093
臺北市大同區承德路二段１巷１７號三樓,25.05359798,121.518751,14720189.947214825,11112226.744937258,12660487.389445463,14783729.614033213,17840932.647972055,20592755.330948945
臺北市中山區長安東路二段２０８號十一樓之２,25.048189980466,121.541929990771,52869835.57155593,48394923.24449338,50924074.603896365,53581655.05754284,56895465.69546823,60470596.89889699
臺北市信義區和平東路三段１６９號,25.0240698,121.5532162,29267434.713890392,23951480.150400013,26533426.566702902,29332200.80616524,31852074.712716,36677170.914648086
臺北市信義區基隆路一段１４７巷３４號,25.04227299,121.567032,33869243.02699224,28254001.373355955,30648252.155774422,34131543.20097989,36996944.41434826,40814915.944589525
臺北市大同區鄭州路１０１號十五樓之２,25.05020901,121.511606,44420279.38882701,32750396.713033397,36317165.75204552,45087895.94966837,54557308.00376831,60333609.79402068
臺北市萬華區和平西路三段３８４號六樓之１４,25.03533202,121.491281,3936248.3363586487,2953448.6400234476,3538792.323715331,4007434.6224624547,4375202.4180839155,4975394.873088276
臺北市大安區新生南路三段７６巷９之３號,25.01914199,121.533098,37498896.76580393,30821637.3307961,34489837.79502777,37572223.250592485,41491185.5066665,46452548.13403501
臺北市內湖區星雲街２１０巷１１號十一樓之１,25.0812899903773,121.597439982741,20785466.236245766,17332901.19306004,19955355.207163285,21398550.010303028,22914059.72425658,24685871.033502765
臺北市北投區立農街二段２０２巷９弄３號二樓,25.117750011905,121.514169965644,17070358.944806308,14917113.70413443,16286394.007428851,17355906.777565166,18340573.15296134,19480919.977988813
臺北市內湖區內湖路二段３５５巷１８號九樓,25.0834500068256,121.592059974369,38544369.91992352,32525171.036058255,35841238.12187424,38564865.09374207,40996909.434357144,46835410.141285196
臺北市中山區南京東路一段１０８號十三樓,25.0518700131457,121.526420033316,186997390.9836848,136035732.91070285,159499545.72438508,181152457.72643378,207634850.77622542,265686035.96176508
臺北市松山區新東街２０巷４２號,25.05842001,121.568467,15761344.055970112,12891153.578838482,14174749.796136245,15754855.920877255,17573387.05745881,20341484.16192525
臺北市文山區興隆路三段３０４巷３２之１０號,24.99597701,121.555263,30184834.454370692,22229957.65544964,25549611.109133698,31054344.625572294,35213840.65187141,39915600.713317305
臺北市中山區中山北路二段６２巷９號,25.05674501,121.522014,9111801.845345883,6700982.62839552,8243054.936732536,9144041.882047728,10933968.451229963,12311569.497498894
臺北市北投區溫泉路１３９號四樓之３８,25.13995799,121.512059,3496204.8796903323,2971599.2059667893,3152029.9322396033,3377228.6571582234,3779648.1271712184,4247860.212485394
臺北市中山區明水路４７９號,25.07808198,121.551674,51833872.96644656,41092402.72467373,46649846.42237865,52517029.38043614,59704187.111177355,66148430.245133676
臺北市內湖區成功路三段１７４巷３３弄１２號三樓,25.0819400069685,121.590939984466,16562694.844926646,13974327.410101807,15502772.434946189,16799144.34887115,17795713.145308886,18952013.332726184
臺北市文山區指南路三段５７號,24.983449,121.580086,21845225.774346214,18717309.075744897,20546959.214751307,21866419.737600636,23542841.78091529,26282079.132869188
臺北市信義區和平東路三段３９１巷２０弄２３號二樓,25.0209000124693,121.558820028584,5552040.180060053,4021622.592826073,5022082.692948904,5744327.071064942,6370614.627152115,7099944.724653821
臺北市大安區忠孝東路三段２５１巷１４弄１０號二樓,25.0438653,121.5411809,110242720.38627543,69516792.980087,88094892.79064782,99630937.06278542,154607715.1492695,271127568.0500317
臺北市中山區八德路二段１７４巷１５弄３號,25.0450800010213,121.538530039386,16670028.60576506,13046236.843012683,15251109.353651287,16895952.199855518,19261312.6395698,21903949.89222426
臺北市信義區松仁路３０８巷９３號,25.02039848,121.5707818,34133613.97383062,29521060.00543039,32222227.185743492,35303931.376165405,38232227.22282771,40663624.897360474
臺北市文山區福興路９０號五樓之１,25.00574499,121.54963,11775141.784735585,9728805.839420808,11129049.706753062,12084812.325261304,12892312.092687342,13662246.798726143
臺北市北投區承德路七段１６２號,25.11320601,121.508873,14142692.40667093,11663935.829468612,12923685.409970986,14086748.901947446,15511443.913633067,17439910.194273528
臺北市中山區南京東路三段８９巷２７弄１１號九樓,25.0540200132197,121.538300039963,70561358.31439884,59023933.38518402,64309609.1707111,68687114.50603448,78833199.70011026,89208100.13088322
臺北市萬華區環河南路二段２１號二十三樓,25.0391899957504,121.49767999607,21695207.838828392,20187128.057963364,20839768.375488058,21757705.227063373,22527854.58626648,23240128.460531265
臺北市內湖區文德路６６巷６９弄８號七樓,25.07678199,121.582336,27279214.92332471,23629916.52056849,25561312.618150435,28157850.207819346,29835268.723976154,31384981.855952542
臺北市大安區和平東路二段１７５巷１８號,25.02564002,121.54161,23721567.60800631,19304433.591371275,21222453.723240525,23558856.782527193,27005094.62795833,29459729.25144261
臺北市內湖區成功路四段６１巷８弄４號五樓,25.08201901,121.592825,23088583.308781903,17347752.387690436,20829586.94243073,23584761.27486129,26377101.562195525,29198892.835227266
臺北市大安區通化街１１８號五樓,25.0293599930729,121.553879986309,10097391.857645793,8021407.542061851,9157525.540072773,10281859.62445395,11362815.559901062,12564320.992266726
臺北市文山區景興路１９３號十五樓之２,24.9922199896501,121.544410028283,18119906.623148516,15374203.617657991,16859835.345762666,18110855.98008394,19639114.62009141,20868913.84561822
臺北市內湖區民權東路六段１８０巷７７弄１１號三樓,25.0663699931774,121.592939990383,30735322.4549019,25926634.308606047,28904318.20773682,31449670.781402685,34310051.8279405,36353854.00712281
臺北市松山區八德路四段６６０號,25.04986699,121.575864,35577811.220279194,31270887.322888974,33414783.600778814,36173398.0149198,37988502.29628213,39275213.93808049
臺北市信義區松德路１２７號,25.03743202,121.575299,50843738.16387539,43880361.40817482,48979926.42875637,52643586.68047178,55397327.65122582,57690976.646555044
臺北市內湖區民權東路六段２８０巷８８號四樓,25.06957301,121.608689,25600852.756267708,21096142.637815017,24318926.98195503,26704183.43309891,28251668.687688738,30286719.74999883
臺北市文山區興隆路四段１４５巷８３弄８號二樓,24.9857899802671,121.564019993676,17441273.079335716,14699463.370967198,15630314.512416018,17422264.903229702,18998926.398158483,21773305.58327394
臺北市信義區嘉興街２８０號,25.02398799,121.555229,14159419.653601479,11854510.630260147,12957557.269261524,14085009.623418069,15575017.2892269,16659127.036061715
臺北市中山區伊通街１９巷１９號,25.0489700003755,121.53556997028,19847861.906210333,16444083.003592815,17936612.042426467,19940358.228250727,22118864.00875399,24241705.450171463
臺北市內湖區內湖路一段２８５巷６９弄１０號五樓之１,25.08510501,121.567629,21589091.226634447,17071750.053844385,19653931.231946595,22243289.776463427,24050243.496604547,26109446.726373315
臺北市文山區萬利街５２號三樓,25.001009,121.564315,24867715.267276086,20320082.61975377,22899395.80119458,25543961.756196003,27284021.883474857,29686139.415075283
臺北市士林區大南路４０８巷７號四樓,25.0896099931978,121.516580014264,15096760.029089818,12125694.201199047,13994273.540958688,15578819.053169452,17224488.361692186,18157099.7254237
臺北市北投區致遠二路９５巷１８號二樓,25.1166599873065,121.511230013106,14568766.498686466,11737263.187272267,13476888.901592094,15101744.945900101,16533091.543783208,17869967.139600758
臺北市大同區敦煌路２４巷６號二樓之８,25.0747700012637,121.519300025664,12461241.156202132,11320110.73102416,11585334.938385298,12266707.332877856,13257295.343225658,14269609.765270941
臺北市中正區中華路二段２９９號二樓之６,25.0295500108178,121.504609985978,6068950.515034958,5300282.552577414,5714915.336651686,6180579.366328903,6443867.863729235,6830035.218011968
臺北市萬華區環河南路二段２５號十樓,25.039126,121.497685,20081321.860102605,17014189.24514551,19123355.843171936,20518581.58509377,21927933.70331463,22908498.22331256
臺北市文山區景文街１號,24.993596,121.541381,7979340.946383393,5527189.181634812,7288460.75308935,8220008.4470188,9487466.085759085,11595824.932903033
臺北市松山區八德路三段１２巷５１弄２７號三樓,25.046238,121.551925,21570271.551342733,16369319.691897117,18365170.09149242,21629063.50064371,25710978.41855727,28331129.992027603
臺北市萬華區萬大路８５巷７號六樓之１,25.0303799868703,121.500969976886,25860620.717990786,20878017.621340208,23546837.996129643,26498315.091200426,29871460.37878094,33046779.054570813
臺北市內湖區星雲街１６８巷３５號二十樓之３,25.07990098,121.597015,8326370.931064729,7175299.491985818,7916366.155197585,8408269.633172926,9087471.115960669,9767122.717756439
臺北市松山區三民路１８０巷２８號五樓之６,25.0623900140926,121.564340014739,11188525.689092925,9366585.49331366,10420070.414057393,11250591.752256941,12143346.158545332,13659488.038652826
臺北市大安區仁愛路四段３００巷１９弄２號六樓,25.03614799,121.554553,38073195.77529126,34760965.82206172,37037819.38320258,38975335.65628554,40752234.995983124,42425084.117317
臺北市松山區敦化北路１４５巷２３弄３號,25.05321502,121.550395,22158786.9001087,17466395.912185404,19246145.180725154,23289035.391269665,24970819.407800347,26700854.17882681
臺北市松山區八德路四段６３６號,25.049832,121.574493,14232127.24095428,12288301.743966274,13296495.170683416,14374216.17607525,15430919.775495606,16139464.781611105
臺北市大安區復興南路一段７０號,25.04414601,121.543598,27521576.944195706,22430987.718676586,24968507.096220173,27708561.36013566,30945923.872323073,33483034.82534014
臺北市士林區天母西路４８之７號二樓,25.1183299976952,121.525110025669,16751323.690916229,14000002.512015387,15636438.805003861,17168617.007553626,18379934.007463597,20105766.54860953
臺北市內湖區康寧路一段１９５巷２弄７號,25.07879,121.59633,17099464.910533898,15362545.239454104,16088193.874033758,17136182.72682476,18266541.25150322,19390509.791067474
臺北市文山區羅斯福路六段１６６巷５號六樓,24.99702494,121.5410341,34161061.37471576,27811402.89666362,31817534.283018008,34644992.35345721,37792926.43261313,40159846.19154139
臺北市士林區文林路７６５號,25.1032924,121.5189652,22932418.250941716,19168866.25761199,22425007.724793717,23948296.79864592,25177741.61151225,26404375.129319683
臺北市信義區吳興街６００巷５６之３號,25.02029999,121.569824,15301181.215916475,8972403.7257143,10837449.638062965,15421022.405235102,22058325.219012145,24776412.778214216
臺北市萬華區環河南路三段７號四樓,25.0272400002122,121.489700005152,2597648.6170322094,1745611.2977906163,2164205.8441233677,2523966.908500639,3073384.118142419,4072395.372554751
臺北市松山區撫遠街４０１巷３２號二樓,25.06587198,121.567349,16351438.718666105,14672884.66454184,15540138.432369124,16398543.012432434,17322207.881158497,18988150.81102517
臺北市信義區信義路五段１２７號十七樓,25.033964,121.573943,18820150.722337086,13533661.160864808,17220902.791557558,19877384.46571965,21828596.76590903,23501144.393013425
臺北市內湖區康樂街７２巷１７弄１４４號,25.07185201,121.616453,4735592.180051919,2790604.950550071,3258725.662248847,4275422.0502971485,6179155.49211785,10264621.546671864
臺北市北投區明德路１０６號三樓,25.1097400137734,121.520060012825,16630479.363583317,13721353.931027383,15723133.66998755,17205592.710797932,18544668.780729596,20049046.9239756
臺北市中山區新生北路二段１４１巷２７號,25.06168199,121.528821,24053926.28793573,20287107.930243034,22082419.3732844,23634436.78266694,26330587.042276602,30271568.74620966
臺北市南港區玉成街１６６巷１６號,25.0442799902727,121.583640017353,21093190.414763913,16799680.951736197,19063447.16028394,21546035.16149625,23886328.613427896,27587816.45681507
臺北市文山區富山路２０號五樓之１,24.9896799796213,121.553440020212,37447835.17464356,30602641.895617723,34167625.39444182,37913480.517179266,42746387.09087537,46204013.67050372
臺北市中正區中華路二段４４１巷７之１號,25.02582602,121.508883,7094848.017060658,5315945.22559209,6240586.386765918,7177085.289388839,8298371.705070885,9259506.53583962
臺北市北投區新民路６２巷１５弄１號五樓之５,25.1393099851624,121.511070002574,14823695.631687492,13552081.280067973,14193805.55970963,14833205.928075448,15515783.405080464,16323115.78177147
臺北市內湖區內湖路二段１７９巷７９弄８號,25.085405,121.582836,15614785.948158756,8371329.32426339,14773145.140997877,17350549.22379081,22151930.565814532,25171558.92393995
臺北市萬華區環河南路二段２９號二十四樓,25.0316399964651,121.490829969519,19215843.647553816,15486629.410627572,18648787.373790286,20408382.8877038,21829057.845938444,22652008.778911833
臺北市信義區和平東路三段３９１巷２０弄３５號四樓,25.02108001384,121.559210038539,17807677.6768876,15762128.867935153,16514308.678904334,17666868.98600921,18869113.761046566,20438589.60449156
臺北市內湖區內湖路三段３４３巷３弄１號五樓,25.08874402,121.58422,14636106.955896772,12236659.743658965,13822251.059666865,15083191.466652157,15908888.957238829,17000261.709536258
臺北市萬華區青年路２２號九樓,25.0258799945125,121.505410038636,17980045.767947912,15221001.497731924,17621817.2373013,18534126.760694798,19611636.465136413,20378198.1686801
臺北市松山區敦化北路２２２巷１２號七樓之１,25.059181,121.548095,38594386.19893414,33459666.730145976,36012815.186733246,38649899.84054021,41434658.45381495,45201459.55081919
臺北市中正區杭州南路一段２５號,25.04209998,121.526461,30577223.523313265,23168337.468691915,27773289.275394186,32055758.805985354,35669650.67230457,38999940.005738944
臺北市松山區健康路１８４號二樓,25.0537299993698,121.559399972465,22497493.689408757,19596813.90987902,20529674.588158432,22192057.230726212,23672986.59848067,25473094.600531064
臺北市大同區大龍街１９２號三樓之１,25.0690099993111,121.515830001568,41045980.575977206,34651504.30754765,38395899.55719444,41930329.55805476,44958985.53991602,48740044.952118926
臺北市大安區忠孝東路三段２４８巷１９弄５０號四樓,25.0401899987088,121.542919977355,28325993.976398982,22214550.61002676,25920300.00668771,28582763.102593455,32253705.74189916,34955328.608974196
臺北市內湖區文德路１０６號六樓之７,25.0783100142508,121.583069964118,19791423.906534124,16670754.245070675,18706743.8781007,20529573.052855585,21854944.985926356,23122297.795001186
臺北市文山區和平東路四段９５號四樓,25.00520498,121.567831,6240029.480719958,4194229.1358293276,5181578.730374122,6114703.491004213,7707178.285154786,9428578.844123464
臺北市文山區羅斯福路五段２１８巷３８弄３號七樓,25.00268299,121.537081,36895102.222243346,31767271.1557462,34596019.8004462,37014681.95047228,39355359.317291684,43573915.80957061
臺北市信義區光復南路４１５巷２號,25.03714121,121.5579511,18575456.77597049,15415637.382866051,17246585.336153142,18471094.37229133,20622131.519619025,23024856.625473935
臺北市信義區虎林街１１６號,25.04221599,121.576763,18939958.937987242,9754564.150371835,16185733.947889542,21715344.830330342,25873912.34959398,28767118.66675807
臺北市信義區光復南路４２１巷１２６號五樓,25.0360099855047,121.560449973475,4090311.050570966,2679891.1243092,3455023.758731333,4206497.809500189,4783290.5100247245,6105793.312777283
臺北市大安區羅斯福路三段２７３號八樓之１,25.01854269,121.5307475,38757540.07238505,30719795.41394609,36512341.1816157,39865877.40406641,44206274.310252495,46442793.071300894
臺北市大安區敦化南路一段２３３巷３１號四樓之１０,25.040514,121.551043,15203383.11599363,12545244.666137323,13552482.699424434,14881052.26813249,16563164.317785332,19414932.7307738
臺北市信義區基隆路一段３７巷１８號三樓,25.0463299942419,121.568949977667,18537833.871751934,16297120.838489309,17471924.180580184,18789154.541862525,20050830.634986944,21480545.76500946
臺北市文山區興隆路二段２２０巷５５弄８號,24.99907199,121.551608,16857900.974777702,13775532.28006163,15172976.926864903,17343511.89148954,18899018.46116565,20470877.25685122
臺北市中山區中山北路二段１６巷２３之１號六樓,25.05320299,121.520871,27731561.320311833,19929973.35692715,26293790.510853823,29034341.11569742,31572249.89260692,34308091.84390592
臺北市南港區重陽路３３６號九樓,25.0578999961996,121.60606999025,22917251.48722136,21095380.16055207,22135308.23521013,23167170.9803148,24268455.36143984,25354330.593355536
臺北市士林區承德路四段２０號,25.0801399932616,121.521860026532,12210300.385378323,8409533.146000523,11255424.511887623,12749875.175136821,14065984.117078621,16196888.018148696
臺北市信義區信義路五段９１巷１２弄１號三樓之３,25.03372659,121.5714009,27758677.62351889,24912398.795282573,26352348.420021407,27761683.214668926,29565328.23733979,31060443.104398772
臺北市士林區社中街２９８巷４弄２７之１號二樓,25.09256202,121.507008,11442566.79116983,9474355.032662181,10382091.522411078,11538739.997736072,12702383.701018473,14014313.193422174
臺北市大安區浦城街６巷２４號二樓,25.0229400000642,121.526690014418,15837528.88819747,13360959.579963004,14515393.80318409,16096389.081010053,17163880.471987925,18453051.968445215
臺北市萬華區長泰街３號三樓,25.02298501,121.501357,10436626.383721994,9072686.775907192,9742765.163102457,10417551.386251098,11301340.720090104,12681098.07845794
臺北市中山區遼寧街１０１巷２弄８號,25.050319989701,121.54272995961,52082495.66176946,41183752.67061785,47972279.69839213,54578492.261585146,63471864.494621575,69311148.58232433
臺北市文山區萬慶街４４號四樓,24.993499990084,121.538570021064,15012653.954680154,11474868.15301269,14211526.512244754,15792510.640807152,16972046.608393997,18109251.2202575
臺北市萬華區桂林路２４６巷３４號八樓,25.0371099845679,121.493050000394,19798271.991637778,12432722.98410658,18476134.663492694,21688042.20753897,23357176.500120297,24686236.73816923
臺北市文山區辛亥路五段７４號三樓,24.9990200181487,121.553489976355,13405787.662844727,11469588.399907019,12373246.522458512,13410275.56310543,14703272.976179246,15378430.893202016
臺北市內湖區民權東路六段１１９號四樓之１,25.0692099915208,121.592560038712,34813415.76284784,30998915.501203794,33329813.968296308,35999287.51548909,37951065.49887827,40079566.63167293
臺北市萬華區漢中街１７６號十二樓之７,25.040967,121.506362,4415444.658079982,2971275.94619732,3629360.7695988156,4198109.020271027,4818998.584492732,6787589.423703425
臺北市文山區光輝路１１２巷５弄６號十樓,24.984585,121.557433,15434978.460236738,12558028.999204366,14184292.649378639,15667455.721068209,17132761.554101992,18881608.92267351
臺北市萬華區和平西路三段１４１號八樓,25.03544199,121.498997,23193404.943581786,17838343.642612144,21855673.11418279,24133668.760932107,26072577.274452142,28872254.085704114
臺北市松山區南京東路五段２００號十二樓之１,25.051189989341,121.564270025848,23664591.187217128,20714220.969260085,21986550.107939202,23717721.278826766,25398977.18524923,26825072.988882057
臺北市文山區久康街８８號,24.9901471,121.5670724,34406242.635841735,27028222.3890196,31129638.658334523,35958597.59526217,41409755.942723274,46458194.43217721
臺北市文山區景明街１１巷６弄１０號,25.00107099,121.541576,14129983.18860033,11838669.489743434,12846568.686040612,14345444.963883976,15608687.905323397,16531262.213334465
臺北市內湖區江南街７１巷１號,25.077135,121.577675,18594959.810269333,15743604.591606352,17210152.438464984,18912029.871181548,20592642.855541836,21875154.91205272
臺北市信義區虎林街２３５號,25.03752501,121.577268,32225347.068664946,27450103.415896043,30117613.739828173,32215718.09160545,34731882.721009225,39030695.989868745
臺北市士林區承德路四段８８號,25.08228174,121.5230118,27085962.5627302,23512109.58435069,25090760.394605093,26837613.83467244,29338301.828392666,31637152.339809697
臺北市內湖區成功路四段２１４巷３弄７號三樓,25.085102,121.596049,16519520.277009008,14804249.138725618,15893651.736263352,16815724.951967433,17704086.56289775,19072989.235680263
臺北市士林區中山北路六段４０５巷６９號三樓,25.1166599873065,121.526179975609,66123372.54721225,59096897.00015689,62979891.69556798,65520386.57475994,68897179.16765223,77628759.98571315
臺北市士林區克強路４號五樓,25.1088799885981,121.524759997392,9116576.728714094,5258137.267277847,6915032.663747052,8963613.701722309,12545243.610527202,15144939.33546217
臺北市士林區基河路４０號,25.08381102,121.524231,2139072.116562379,1487132.4007251598,1894374.7800437338,2227954.051286857,2469866.944437426,2856774.839289592
臺北市信義區信義路六段７６巷２弄３７號,25.033834,121.57669,16858494.830493752,15346373.45690481,15790571.387410736,16570563.152274365,17720731.996850386,18713402.46588194
臺北市內湖區金湖路３４７巷１２１弄９號,25.07329399,121.596796,74192141.8003608,55608467.73571921,64750567.156308554,70849398.76353575,80275511.15415603,101458030.1790464
臺北市南港區南港路二段１７８巷２６號十樓,25.0543700000001,121.60681,12622303.108189851,6491535.683383108,11471713.248813752,14593919.7277904,16566134.864717048,18972947.772906154
臺北市士林區忠誠路一段１７１巷１２弄８號,25.10639031,121.5307828,43261094.445962764,35824642.23038018,39296940.26552659,43125183.00498762,47740920.78686878,51599775.91012731
臺北市士林區天母東路８號,25.11770919,121.5313827,224764653.7034417,138337816.98438686,192786765.9128917,249425001.1999337,277071407.6291803,303928088.6129753
臺北市北投區振興街３１號二樓,25.1179800113281,121.522339974308,34020131.61517626,28634008.143086165,31566592.640015703,34542890.23371228,37381703.19162122,40617532.12756823
臺北市信義區福德街２６８巷３０弄４號,25.04008598,121.585818,20282168.26527609,16817888.074941207,18367478.645808462,20186013.0517311,22646445.059673533,25846535.91980612
臺北市士林區承德路四段４０巷２號四樓之３,25.08078402,121.522128,5289531.361453682,4253396.040688272,5087352.932241756,5411765.302733072,5781197.299219561,6173865.837652098
臺北市內湖區康樂街１８６巷１９號五樓,25.076999,121.620385,6737510.736568449,4820712.698375281,6021683.271728585,7058869.928944589,8028234.32944335,8559477.277421394
臺北市信義區忠孝東路五段７１巷１２弄１０號三樓之３,25.0419400143632,121.566709997862,14081064.36433845,11922133.76216698,12746850.48601554,14208749.573135633,15502605.574637692,16588863.988818247
臺北市中山區復興南路一段４０號十二樓之１,25.04536599,121.543601,18613873.955428272,15491326.510992872,17009636.912414387,18734598.784302898,21015725.579032086,23422588.437522486
臺北市內湖區內湖路三段３２９巷１０弄１１號二樓,25.0880699861274,121.584980032213,15947765.137915451,13204383.225962972,14671766.889870908,16120043.20489048,17629461.78017776,19426578.268371437
臺北市士林區中社路一段１１巷７２號三樓,25.1097799954516,121.562270019931,7815800.223837993,5352855.4630710585,6417106.741869433,8323665.798964448,9502809.358241115,10527508.515558995
臺北市內湖區民權東路六段２６５號,25.06771219,121.6012185,45452064.31259577,32569047.866275746,42868723.91510583,47620841.55139218,51648062.063970596,55126230.16195154
臺北市萬華區貴陽街二段１０４號七樓,25.03986201,121.502954,15710429.04370102,10171236.418065153,12682911.730426263,15281758.307171496,20027634.831052966,23008571.395669963
臺北市文山區和興路２６巷７號八樓之１,24.9853899958475,121.545820032035,15659951.896161472,12679155.413695404,14322776.62206136,16050108.844571471,17590627.67959605,18967866.4204351
臺北市大安區復興南路一段１０７巷１７號四樓之１,25.0436800136434,121.545059961055,34219576.93740218,30161441.476747394,32177733.239877477,34747082.86292099,37993430.70250982,40042022.75767969
臺北市中山區建國北路一段６５號十樓,25.0508500193483,121.537330002309,42582506.692726254,35619523.16263403,38849698.496724695,42837106.68102779,48350539.08214684,53106301.39890484
臺北市北投區崇仁路一段１７６號三樓之３,25.12391326224,121.502074297912,8965521.094911918,6802133.844899187,8098292.805300135,9182309.81302922,10307427.088054318,11598374.741168711
臺北市內湖區安康路３５０號五樓,25.0659299851702,121.61217997857,17682813.076295424,14264197.405364776,16262489.778634148,18100917.793867715,19621649.744693495,21271045.217315033
臺北市松山區南京東路四段１７１號六樓,25.0517700170408,121.556319958324,17155134.332728744,15057942.798136063,16041286.754049053,17225010.510035645,18448383.965339724,20040599.698619105
臺北市大安區延吉街１３１巷２０號,25.042657,121.55511,13827155.998300334,9812587.757211601,11947946.105618361,14567291.542234428,16518347.90324364,18294463.05973939
臺北市北投區三合街一段８２巷７２號四樓,25.1286500064324,121.504839985401,47880613.246790245,40867125.55216616,43484120.05486494,48459012.663891956,52850722.91652896,56869727.77450428
臺北市中山區北安路６０８巷４弄６之２號四樓,25.081385,121.549309,9315894.196970405,7865408.538880726,8641150.344456777,9570270.62605551,10367747.252686005,10823660.587882884
臺北市中山區建國北路一段５０巷２７號四樓,25.0479399902038,121.53516998586,30681131.944972966,26479800.69030846,28955170.74576188,30882921.117551774,33048883.77686673,36004828.57932479
臺北市中山區南京東路一段１３２巷３０號七樓,25.05017201,121.52668,12579178.400950804,10300397.95849232,11384349.521443348,12454006.88036372,13815218.0541519,15916281.225744056
臺北市中山區市民大道二段６７巷３３號,25.047445,121.528566,20032081.434809998,17706749.47659337,18704407.20472024,19875565.17052573,21263199.65096587,23013212.795103945
臺北市松山區八德路四段１６７號二樓,25.04882499,121.56281,13976403.12929335,9263901.116331099,11428414.210963383,14719408.6489478,17430371.271828756,19480543.01558214
臺北市北投區泉源路３９之１８號,25.14144133,121.5071504,13289829.408909407,10222989.268847164,12100770.542222764,13997696.590001693,15149379.068320893,16509887.75644922
臺北市大安區建國南路一段２９１巷９號七樓,25.03584599,121.538744,24402953.645734943,20946740.42474306,23719761.590366017,25393758.866872184,27353304.33111999,28991140.487629548
臺北市信義區虎林街１６４巷１０號,25.03891499,121.576187,23873317.26638446,19602103.16059383,21577059.50411035,23865497.658160195,26795751.709616832,28340975.54490338
臺北市北投區立農街二段３０２號七樓,25.118529989905,121.516759973726,23568763.242962062,20145584.229002316,23167743.471782867,24735465.543740276,26032541.796677057,27720768.424790233
臺北市北投區中央北路三段４０巷１９弄１１號三樓之２,25.13834799,121.484478,14811528.657497076,12567504.548122313,13670374.833810674,14765306.311534755,15884161.825706558,17994768.723370235
臺北市中山區吉林路２６巷２０號三樓之１,25.0513699907117,121.52925998975,11319207.888984187,9576538.120341405,10398634.981370768,11280457.24936311,12256114.7211493,13082724.91348622
臺北市文山區萬隆街１３巷３號四樓,25.00006091,121.5390493,18996336.593036257,16151561.650345879,17572675.772020355,18756257.822950896,20702626.0004159,23762201.270330198
臺北市中正區辛亥路一段７巷１號二樓,25.0191300059758,121.527730040964,20794108.47399968,16687944.89969788,18525215.264432095,20322892.556715447,23342241.84901177,27356612.072135337
臺北市內湖區內湖路一段２８５巷６９弄５０號四樓,25.0849299994693,121.56916002816,15040627.042261243,13360087.828327805,14336311.92185455,15282523.900199182,15987030.678459704,16475305.463477282
臺北市大安區羅斯福路二段８１巷１２號二樓,25.0256400206246,121.524569979647,29456561.6467306,25014901.631083213,27970632.526271213,29939311.808184125,31868480.261033256,34654627.460358545
臺北市中山區四平街１０７號四樓之５,25.05373499,121.535807,11282866.258693887,9615390.489474744,10531963.200791229,11453274.589685004,12245901.20243354,13171623.035088938
臺北市南港區經貿二路２３５巷６０弄３０號二樓,25.06227291,121.615562,44713881.35557279,39488225.55221519,42609522.83505415,45590795.939095035,48437459.292808846,51246753.52370085
臺北市中正區齊東街７０巷１７號二樓之１,25.04287099,121.527785,20046982.530347712,16751592.388794763,18655583.519980744,20570750.187969286,21793308.041706912,23153011.846865255
臺北市中山區中山北路三段２８號,25.065228,121.522008,23644816.13335747,17904477.47797367,20968676.733249635,24381977.061150484,27455441.2086903,30911494.16626871
臺北市大同區五原路１９號十四樓之１３,25.0566800101924,121.517309994212,13921228.219836071,12024176.639742408,12754526.833342433,13848753.901600674,14928125.055911187,15962202.73245559
臺北市士林區中山北路五段７０４巷７號,25.0979799940707,121.52791997489,17058862.840320688,15013773.758010011,15997962.318435956,17200956.79254703,18218326.097189296,19545545.95897451
臺北市信義區虎林街２２２巷２７號,25.03681,121.576742,18934620.853004098,15973790.410655282,17488466.376821555,19089738.9448023,20644707.06249509,22098845.21210175
臺北市文山區福興路１００號,25.00584301,121.549557,13417668.896626638,9484476.194451585,12014487.598900322,14477982.943667822,15879234.51333459,17421004.744915765
臺北市大同區民權西路１６０巷１８弄８號十六樓之１,25.0621600146695,121.515449966078,21645212.029723596,19048562.115961216,20232401.07000459,21683759.68447381,22817200.54145918,24710241.69919235
臺北市信義區忠孝東路五段３７２巷２８弄１號,25.03875799,121.573885,25243868.77077958,21442918.804327626,23857292.230412893,26022542.16521237,27576862.078602612,29046019.652765654
臺北市大同區哈密街１４３之２號,25.07295402,121.513273,17914930.425685883,13000618.920643901,16231892.605558176,18867596.551536728,21516504.59971722,23217976.04638862
臺北市中山區建國北路三段７１號十一樓之６,25.06499498,121.53723,19686286.258545022,16713413.861062417,18288081.748050634,19901403.34987482,21646986.56098215,22882732.783619724
臺北市北投區中和街５０７巷６弄４號,25.144899,121.493906,10559786.032062273,8300951.458912538,9715040.142997675,10790133.888027128,11740451.093903594,13788355.745834991
臺北市萬華區康定路１６６號十樓之２,25.0394399860126,121.501810011222,27695769.366280757,24705488.809864428,26089446.95219026,27775021.60869923,29512905.80517651,31362475.222564064
臺北市內湖區文德路２１０巷３０弄４２號,25.077286,121.585021,14349036.03750522,10078014.549264811,11374664.06886448,14486861.79069642,17871329.893607304,19788627.135271024
臺北市大同區重慶北路三段２９５巷２１弄１０號二樓,25.0739800068894,121.514759967809,11728529.317769548,9117805.103057997,10410181.901561502,12235552.687461067,13475537.911751056,14154030.666167622
臺北市北投區溫泉路銀光巷４弄５號四樓,25.1359700062945,121.513509974588,11012227.349876069,8212965.447855033,10052235.147734782,11298880.206447108,12513139.720306724,14562941.115799077
臺北市北投區懷德街７５巷３３號三樓之２,25.1136000059143,121.518589994646,44525287.660263024,30312709.10696367,34729022.83923319,43354931.30917725,59427185.289952025,63990155.04941648
臺北市信義區吳興街６００巷１００弄１８之１號二樓,25.0175700080663,121.572150020661,17462712.73464641,14420090.85684733,15875580.796202665,17222789.91056994,19222865.800534986,22317386.348206066
臺北市信義區信義路六段７２號,25.0350300152949,121.576799965267,18666861.793922946,15020791.773023255,16351997.253572976,18304314.47937251,21549929.956367373,25182352.831873063
臺北市內湖區新明路３７０號,25.054981,121.58067,5973991.652681288,2891154.395583051,3388153.637831752,4681980.048935861,9838953.414147187,18206048.08036336
臺北市士林區中山北路六段４４１巷３０號八樓之２,25.11660999,121.526995,110100519.47689523,81426515.3306103,101052508.23873745,116974852.94665372,126332862.29837862,132711950.91286841
臺北市內湖區金湖路３６３巷６７弄２２號三樓,25.0735099916689,121.599769984186,39797243.041646965,34284320.66707955,37032144.04535427,39568794.51834806,42979027.77467901,47851955.56218155
臺北市中山區長安西路１２號十二樓,25.04987189,121.5210406,19129682.88317135,14812259.8818732,17684190.344968118,19701447.61184594,21376464.230544437,24050224.490129862
臺北市松山區南京東路五段６６巷３弄２４號五樓,25.0507700140824,121.561499974486,32205109.912898507,28062926.69849392,30484340.626231387,32418961.39840625,34912631.199842796,37013185.39934536
臺北市萬華區大理街１６０巷２４弄１２號,25.03242199,121.494522,13791819.712465074,9951513.03295328,12574971.011356564,14406613.47270133,16889961.200645156,18243235.007451747
臺北市中正區臨沂街７５巷１９號五樓之１,25.0347444,121.5290193,18308659.671350095,15052819.072954156,17220707.971261024,18785474.557495102,20905365.069289673,22548565.895872302
臺北市北投區尊賢街２４１巷１０號三樓,25.1164400042577,121.506930012958,11936671.020509614,9550433.519010859,10972107.85088646,12079470.996957699,14068476.055834357,15419153.256152924
臺北市中山區長安東路二段１８４號十二樓之２,25.0481999968403,121.541360021355,12850522.211672172,10462581.345882798,11745171.54887175,13085516.521251008,14624018.660945313,15968034.163553031
臺北市北投區稻香路１６１巷１６弄８之５號,25.14190094,121.4880264,24900333.922882617,21504745.1516455,23395810.12916703,25329571.416383095,27021416.264986597,28392745.565894276
臺北市中山區新生北路三段１號,25.06288702,121.527991,7249105.402478394,6343727.147390638,6743492.231740546,7313306.771903208,7820402.343871839,8130625.150023132
臺北市士林區忠誠路一段１８６號,25.107782,121.529895,24544804.408211336,17912437.018332478,21164345.59603747,24262895.80343187,29677442.686183944,34391349.58040103
臺北市中山區林森北路８５巷１１號,25.049739,121.525578,7704833.633123287,6582642.910640892,7315551.025888006,7834915.598462023,8354219.364456468,8749620.688802341
臺北市北投區復興四路３０號,25.1425687,121.5007417,13720237.215139922,10546958.944140773,12533675.223580644,14064497.546340313,15630791.298927022,17072979.33516839
臺北市內湖區內湖路三段６０巷１２弄７３號十樓之２,25.0889160993769,121.591810716192,25748705.63214316,20217163.241526708,23364455.71451811,26701820.614712626,28577091.021866173,30452266.247495864
臺北市北投區三合街一段８２巷５８號二樓,25.12824202,121.5052064,67707824.81465948,50605830.293926135,61405433.90440369,69716371.5203426,80075209.3538604,91851551.0713147
臺北市內湖區內湖路一段２０３巷１１號四樓,25.08420702,121.563656,10330969.339289716,8963079.073022302,9897365.496539406,10646838.295115553,11432535.71862344,12423302.277195731
臺北市內湖區成功路五段４５巷１２號,25.074447,121.605673,42767551.500181705,35414032.268685706,40926182.25573781,44851587.04492362,48591831.766533524,51390020.56471515
臺北市大安區信義路三段１３４巷５２號十二樓,25.0302599999263,121.539149964945,29778247.42671176,27634808.076165494,28500127.792088117,29487726.952182293,30977276.1859815,32630322.72107036
臺北市內湖區成功路二段４７２號十樓之１,25.0726000103506,121.589589995141,42232731.40908095,29990519.43570447,35605069.64903691,42328092.41395669,52416370.63099827,72495025.782467
臺北市中正區羅斯福路三段１３６號,25.02037799,121.528236,122343498.02577841,105251597.25675917,116949657.05983034,125053328.17529257,132197419.27392675,143487277.58582735
臺北市南港區東明街５１號六樓,25.05607999,121.60419,30027017.148083225,24244635.067452595,27684124.842034567,30826390.890497793,34292914.41055205,37476417.51455358
臺北市松山區市民大道四段３９之２號,25.04515104,121.5448219,140541987.36053932,81137976.43636146,129225808.50689754,159910165.6261353,175241779.31550246,182511518.81892747
臺北市士林區格致路２０巷３１號,25.13727498,121.54712,10110729.404597338,7244607.82933085,8474668.56272606,9966831.448262122,11965645.445908813,15138442.773736821
臺北市中山區林森北路１５９巷３２號,25.05148801,121.526315,18114848.76710326,11974676.439561596,13694041.202757465,16938844.05083434,24230236.579221606,29963468.71994199
臺北市中正區臨沂街７１巷３１號五樓,25.03544999,121.530252,57594644.492741026,49444989.50317863,53199972.0929314,57749036.558272675,63566320.553870305,68084177.80897793
臺北市中正區同安街２８巷９弄１之３號,25.02490799,121.521075,18597561.70072657,13502528.28618445,16224252.458623895,18747428.118291914,21265774.673591964,25977948.997276288
臺北市北投區大業路３００巷１６號三樓,25.1281999820509,121.498869974864,13591266.566883352,11163098.48851819,12858429.957121838,13941764.132199623,15060989.742463239,16477332.66466629
臺北市士林區基河路１２８號四樓之５,25.08867608,121.5231356,11007716.60378299,8156422.663808198,9388123.064311799,11111574.528032187,12931347.51615429,14490568.209770078
臺北市信義區松仁路２４０巷８號,25.0247499882359,121.569049973771,23892345.70990344,17950036.40605193,20346198.667310074,25181892.280123234,28501016.45962669,31421478.638465777
臺北市內湖區內湖路一段４１１巷６２弄１０號,25.083549,121.5711664,67511963.27255224,58665570.70189951,61835027.511916004,65063905.37040519,71769005.98244599,82144262.56589602
臺北市文山區興隆路二段２０３巷１２６號八樓,25.0030199880726,121.54757000578,21522966.86614552,19409285.616153676,20660285.20655192,21861377.57681424,22840406.02896315,24075157.526418507
臺北市萬華區民和街１００號六樓之１,25.02548299,121.497528,24871467.381138556,20272255.223216966,22030487.38044252,24769926.38618099,27428146.788312875,31293423.51004172
臺北市大安區大安路二段８０號十三樓,25.0263400000001,121.53477,127738582.2683682,100240142.73477937,117601718.4634676,128100599.49493775,146201945.0007348,160431794.65692776
臺北市萬華區萬大路３８６號八樓之１,25.0219016594723,121.498772902012,21642715.64400872,16225157.285963766,19921507.228134472,22629103.277720384,24582604.096571892,26755959.035779104
臺北市中山區錦州街３７２號,25.06015959,121.5402419,21395892.672271505,18819535.73945115,20001694.247259714,21532705.520016655,22786601.82487013,24331033.867226623
臺北市中山區敬業三路１６２巷１５４號,25.07798098,121.559851,28082148.70182992,23900801.384641517,25942156.8243197,28754385.087045558,30813586.908757064,32754729.220150262
臺北市萬華區西寧南路１２７號,25.04443799,121.506568,40641090.88711118,31016702.79685908,39088786.0483776,43335070.260592535,46357832.387078434,49801637.993542865
臺北市中正區衡陽路６９號十三樓之３,25.04237998,121.511763,21444426.80287517,15026856.39010826,17199385.355381083,21216481.686262757,27563902.610085286,29923841.04186984
臺北市士林區仰德大道一段６巷５１號,25.09931599,121.538988,671075.284993744,174990.16256663733,591849.4403587531,899278.8067676625,1191859.1660177195,1504055.7625580789
臺北市中山區新生北路三段２６號,25.06370798,121.527389,6173281.607182219,4939475.2284173,5756768.0262562,6202244.166411465,6712717.145829861,7869143.423456378
臺北市北投區大度路三段２９９號,25.12295999,121.46649,11118249.896500465,9492638.872827409,10525304.345916603,11354476.965612572,12052988.457224125,12785397.408462992
臺北市大同區延平北路二段２１０巷１７號,25.05927999,121.510793,6418359.1414021775,5130806.3971452415,5788475.019124469,6524805.400034393,7327058.257280086,8105909.589555116
臺北市中山區農安街３３號十一樓之２,25.065020003852,121.525129974599,22164564.348792188,18857620.735517137,20784817.398047984,22469909.30560382,24185616.05258295,26024919.580183625
臺北市中正區杭州南路一段７７巷２５號,25.0388700165967,121.527340031009,34617439.28527405,27738191.13435749,33305476.643020026,36427955.98057622,38998831.186430134,41195387.064206325
臺北市大安區忠孝東路四段２１６巷１９弄５號,25.04043601,121.553317,21741001.55785382,16952221.76100434,19135793.334304083,22910183.24290557,25141110.991472118,27051833.808151208
臺北市大安區青田街５巷１２之２號,25.0285399914852,121.532539996101,23890907.141094096,21532713.102157697,22739192.061815176,24195836.68579977,25517580.55496288,26856903.449057247
臺北市中山區長春路２３５號九樓,25.0547900167549,121.539190030442,18940797.194717538,15521889.936318504,17298562.56442942,19218809.51578659,21380459.279853597,22813075.568751756
臺北市士林區中正路７０７巷１５號,25.08489899,121.506918,15456470.09700606,12334657.22752395,14233281.083987463,15564927.160242662,17719814.707964834,19246265.875048894
臺北市大安區雲和街６１之１號,25.023616,121.529701,22790754.260938894,20024178.568338513,21617327.43567805,22938672.882687144,24423732.04871939,25746429.595746696
臺北市信義區中坡北路１９號七樓,25.0448399852239,121.580899973205,30560251.05464051,27056401.27495033,29278495.945848808,30995314.912444647,32428381.826300465,33718967.88256882
臺北市大同區長安西路１２３號九樓,25.0513000018202,121.515649958288,25178801.935358435,17493315.28635093,23856404.247725837,26720966.218467824,29298448.2313803,31364909.54877623
臺北市中正區博愛路７７號十六樓,25.0436199992167,121.511609964777,114883325.35916284,98037397.99524897,105827619.47030284,116691564.89594404,124698315.20817477,130766327.87833433
臺北市大安區大安路二段３巷５３號十二樓,25.0314341,121.5468105,76628496.80859004,63497861.76933017,67567362.87714514,74590384.9281162,87985291.93054563,95690861.77711318
臺北市中山區林森北路８５巷３３號二樓之３,25.0495569012359,121.526086014475,12210906.498957336,10594662.483300613,11404390.294041583,12108185.02247357,13313356.303855643,14452793.23552205
臺北市內湖區康樂街６１巷７７弄１號四樓,25.07089501,121.619931,15635168.135106167,13456105.94126988,14507853.251611667,15931948.211447412,17260152.522151645,18147638.286949918
臺北市文山區興隆路二段２２巷７弄７號二樓,24.9980900040819,121.546150027563,15062693.768710885,13225538.628417559,14262183.605557878,15318708.484577063,16308457.531148035,17534262.61673191
臺北市中山區松江路２號,25.04628498,121.532707,8252200.00272342,6545387.2726111,7407801.865844132,8387879.063902566,9250025.744804712,10298966.215662066
臺北市文山區忠順街一段５４號,24.98415702,121.560237,14527180.877958862,12269894.155834017,13435066.582790624,14414821.817933103,15511277.298350608,17988178.8385189
臺北市士林區中山北路七段２２０巷６之３號,25.12635999,121.533419,15063968.219397513,9461047.863392366,10804550.82795638,13499660.174384153,22376789.431516238,27051220.683426004
臺北市文山區興隆路二段７８巷２號,24.99962498,121.548264,1969258.556940522,1369398.5904447492,1540919.0778696,1922046.1593606072,2303433.3770609815,2873193.9606653955
臺北市文山區興隆路三段３３３號八樓,24.9915035,121.5590684,33822974.20607981,27983780.541792706,31355244.684038404,33879791.87318959,36927968.37036122,39495259.32805895
臺北市文山區景興路１１號,24.99812998576,121.544770031024,15363522.439363047,13195849.055217404,14308005.3169767,15484982.641469013,16667104.949441314,18964341.716601387
臺北市文山區秀明路一段７９巷５弄１９號七樓之２,24.9907000153282,121.565030013009,12250353.91797138,10253800.206212409,11466170.347893765,12484083.272183433,13336110.233156402,14335156.815133756
臺北市大安區辛亥路一段９３號七樓之３,25.0218200101619,121.531090010671,44784898.35356721,33764037.21566995,40712245.937702,47026869.12726864,51615902.432939574,56602633.23125744
臺北市內湖區行善路２３３號八樓,25.0603799918016,121.5829399608,60414765.46403674,50880510.13712181,56350644.27590749,61491481.37816279,66359161.73254562,70354457.79425888
臺北市中山區合江街１１６巷７號,25.05919601,121.538722,17855598.397407524,14623799.39614778,16297616.926050557,18173437.852267653,20272227.875199895,22642128.55964768
臺北市北投區知行路２０２巷２０號,25.1191199920695,121.467249999506,13077039.55476535,10183682.433172535,11588548.217567503,13813539.297963437,15422652.684575146,17497684.558995795
臺北市士林區德行東路３５８巷２３弄３號四樓,25.109716,121.539653,26693709.672869287,21920582.955663018,24959035.90974981,26720529.208901864,27954831.594745252,30429062.20023956
臺北市北投區中和街４９３巷１６弄１２號五樓,25.14427702,121.494059,11547707.571047254,8817058.019890243,10410579.12131177,11740474.799531601,13453318.00690116,14622302.064426996
臺北市中山區德惠街１２號二樓之５,25.06656198,121.523756,15691087.887572244,12970008.780765798,14346848.168406831,15863158.439116048,17026677.05144737,18290203.46051818
臺北市中山區南京東路一段１０８號十四樓,25.0518700131457,121.526420033316,186997390.9836848,136035732.91070285,159499545.72438508,181152457.72643378,207634850.77622542,265686035.96176508
臺北市中正區仁愛路一段２３巷１９號,25.03988201,121.52341,60813419.86437836,48424654.26251359,55178805.91559385,62119116.37325853,67490491.40635213,77262518.74336489
臺北市信義區松山路１１９巷１２號三樓,25.047316,121.578843,22139305.18057515,18827506.23300823,20415949.29219866,22294498.401746944,23964959.021078505,25791574.633007172
臺北市士林區至善路二段１８６號十樓,25.0996500044594,121.54980001112,62047661.48186053,47823736.57499106,55503957.564568356,65668779.92896776,72543954.46520987,82251616.73936144
臺北市內湖區金湖路３４７巷１２１弄２０號,25.07412401,121.59718,53297596.06807588,45983974.864880376,49046358.01616184,53197020.89745093,57494412.38983336,62386898.579415366
臺北市北投區泉源路４９之１４號五樓,25.1413426,121.5109215,5930625.355518851,4904823.01749638,5450311.913887729,5974600.121693639,6598801.643493621,7014380.255944654
臺北市士林區重慶北路四段７０號,25.08191,121.51309,40649917.66855399,14610573.402612416,26401114.795837723,45547537.334727876,59317115.11307375,88283573.24999942
臺北市文山區萬隆街４７之７號五樓,25.0006699957888,121.537030013994,17841855.155787565,14939679.245220823,16792352.400193077,18082928.8085259,19490847.250055987,21368850.26229505
臺北市士林區忠義街７８巷７號五樓,25.10639098,121.531462,16825744.354013383,14780914.915109415,15995817.205212882,17107918.45259691,18103564.664993137,19522170.845214915
臺北市文山區萬美街二段２巷１號十二樓之３,25.0025099911739,121.562549975497,8334503.007546299,6224536.975357996,7364532.599426125,8429085.53830752,9596279.77536555,11588977.016036527
臺北市信義區福德街２６８巷２９弄８號三樓,25.03987702,121.585147,18996150.17654186,16179489.663358994,17885985.84669208,19220291.512106914,21118177.025817644,24254828.976539105
臺北市北投區中央北路一段１８０巷１號八樓之６,25.135900017403,121.497949977172,13618000.392666457,10900502.882324502,12596764.661925666,14005671.277511433,14968667.066990292,16415086.668152021
臺北市文山區興隆路三段２０７巷１５弄６號,24.995077,121.562402,13192014.62613916,9774488.90913491,11389543.659986818,13745749.937750945,15283159.999242766,17478308.93739135
臺北市北投區永興路一段３２巷３弄１１號四樓,25.13862401,121.500578,11239538.28674368,8710310.811540877,9992271.545850635,11367426.338120315,12919824.971796934,14198135.320339603
臺北市內湖區民權東路六段１８０巷４２弄１５號十四樓之１,25.0675899791846,121.591999959942,21859023.09339702,19343104.866999388,20859792.845499057,22230796.415596068,23291009.324870586,24130384.228298277
臺北市士林區菁山路１００號二樓,25.13970402,121.55144,18751550.102108456,14336229.2180721,15928659.177051166,18740396.85950648,22177962.15364922,24586030.47130335
臺北市內湖區內湖路三段６０巷１２弄１０號四樓,25.08810498,121.59175,16230657.456786865,14389688.219146878,15406681.71389458,16375909.455676557,17393580.905923534,18000379.30408393
臺北市文山區羅斯福路五段５３巷１７號三樓,25.0063400180109,121.539560007648,13069498.22489652,11101775.592358727,12136155.43936684,13228435.709024498,14341756.974381957,14937436.195826681
臺北市文山區政大二街２６０巷４５號,24.98757,121.58692,11482969.428059332,9336902.386819681,10010392.986167004,11248400.842099618,13119570.332411904,14901727.860230647
臺北市萬華區雙園街４０巷７號三樓,25.0294099911253,121.494130008618,9297302.977547597,7860430.025606036,8820172.64142767,9503649.101969136,10252666.572707994,10967133.051158179
臺北市萬華區青年路１６８巷４９弄５１號,25.01945879,121.5015932,5328158.1274072435,4764536.831408858,5059010.010182354,5352931.331607288,5623432.9797858745,6169610.951088442
臺北市文山區溪口街１巷３０之３號四樓,24.9942724885009,121.539995925284,12622028.998435855,9708161.521533338,11537531.041667778,12650369.28945399,14067489.882082917,15893973.366888218
臺北市文山區福興路８２巷７弄１１號,25.00699041,121.5512199,9795352.577504113,6408629.248827465,8951648.37831091,10258824.58636023,11607179.898190744,13006312.26065931
臺北市大安區和平東路三段８７號十二樓,25.02462799,121.550505,44371400.69316316,36855172.88687789,42086072.910090834,46166298.11540495,48250587.76467496,50411733.284169145
臺北市北投區崗山路８巷５號,25.14051099,121.486872,24134244.402272534,20658869.752835367,22453140.470515333,24601035.91543123,26314184.873242624,27806888.65844345
臺北市內湖區內湖路二段１０３巷８號七樓,25.0805499940554,121.582039995856,77007633.3908853,53804922.37862639,61440471.85327783,74031042.08037005,100667272.62707816,109478146.83598801
臺北市大同區華亭街１號五樓,25.0521848544961,121.513285503673,36389078.310653284,29592265.308666762,33849323.7014608,37661067.72019544,40422007.46531211,43372723.735599294
臺北市內湖區內湖路二段１０３巷９２弄１２號二樓之２,25.0801273,121.5824405,15505926.79094592,13299129.748824583,14367877.002735462,15492289.577089546,16438433.872137938,18034914.9389891
臺北市中山區農安街１０之１號十樓,25.06484,121.52361,13821464.690308034,11717028.491715364,12539485.146425514,13862486.089802418,15312346.906890653,16000256.156565946
臺北市萬華區青年路３８號八樓,25.0255800061978,121.504430026517,19331588.613830037,17680544.059327684,18651009.08309317,19576072.76583752,20808826.22482994,21791304.868322346
臺北市士林區德行東路１０９巷６４弄２號二樓,25.1094300090845,121.528739976477,23395438.79814911,20039436.368986025,21362614.930689957,23116378.679381505,25540532.809256017,28810078.52982834
臺北市內湖區成功路四段４６號,25.08215898,121.592017,30448778.941675592,26455813.083442774,28605442.52559374,30856222.985918235,32654729.264574915,34754943.07168806
臺北市萬華區中華路二段５３８號九樓,25.0250799837639,121.508760033878,11192587.302451637,9766320.896430122,10769218.651682362,11369351.995007023,11923384.728859972,12530405.192711707
臺北市信義區基隆路一段１４１號,25.04306901,121.565851,19307588.070350423,16505844.026158255,17692858.74525714,19194356.495759796,21289403.143291924,23728697.81841581
臺北市信義區中坡南路１６２巷９號三樓,25.039330015443,121.583749987922,16304928.047074348,14841524.405335713,15582086.584631486,16337399.698888697,17163069.881335765,18027424.250569068
臺北市萬華區忠孝西路二段３８號七樓之５,25.048309,121.507863,12240935.569240028,10189093.988679726,11192156.340395268,12184943.984247286,13407564.046106532,14941190.12677875
臺北市文山區木柵路二段３號二樓,24.9887127026045,121.558901086082,7973042.503508327,6178871.632071178,6639342.120735768,7675533.465749296,8785111.949743662,10630767.504876055
臺北市士林區重慶北路四段４９巷１５弄６號,25.0813199975907,121.511850022484,14061480.574829698,10347448.58352433,12496989.798113469,14271937.789785521,16770420.917462,18974466.208882373
臺北市北投區中和街４１號,25.13813698,121.502576,14186517.955801234,9579537.528687248,12481123.154533688,15501756.294657411,17720807.140491854,19329949.480788562
臺北市信義區永吉路１２０巷６１號五樓,25.0436500064301,121.570329974205,26899860.341806278,21313306.44014121,23868079.540587984,27140302.01265993,31414193.48144082,33655573.741315976
臺北市大安區光復南路６２０號十二樓,25.03203101,121.55727,44058751.30073683,35091567.92348616,39269647.38902402,45647919.194024965,50150411.34763095,53768646.7202901
臺北市大安區臥龍街１８８巷２號,25.01787402,121.551059,15067129.772278873,13006056.95380278,14489339.438713176,15480256.72175067,16340686.97127262,16996971.599166434
臺北市中山區民生東路三段８８巷２號十樓,25.0574000156752,121.542840013999,25749496.7360642,22911888.998100117,24535109.978273146,25780979.652885377,27264191.169939835,29172390.593420032
臺北市文山區興隆路三段３０４巷３２號四樓之１,24.995979985686,121.555259982848,14899471.075790824,11786610.562927289,13419996.770049226,14959774.96388816,17000862.62697158,18817803.754668117
臺北市大安區仁愛路四段３１４號,25.03733701,121.555269,58796241.27541206,46786316.26507008,54689743.041919276,63011809.682622075,68118607.50848813,72959086.6725725
臺北市松山區民生東路五段１８８號八樓之１,25.058613,121.5638946,54420930.8891326,43818640.84223687,49688803.08527546,56279591.204559505,63476913.18839204,68616060.11976562
臺北市北投區清江路２４５巷６號,25.1260100002987,121.501949989005,15372050.81755995,7404061.639021557,14236354.44356621,18408889.791718297,23019671.236763943,25678695.409342732
臺北市萬華區中華路二段５０４巷１３號十二樓,25.0254099792919,121.508059977325,11376793.93483864,10285639.695968356,10970322.863248367,11537595.919653594,12090798.113170646,12703089.765366282
臺北市大安區羅斯福路二段９３號十八樓之１,25.0251399981906,121.524120039085,15099092.235362774,13344600.762487516,14311701.596631542,15294037.83535198,16252258.002709338,17051798.954487953
臺北市大同區民權西路１５３號十樓之１１,25.06314501,121.516434,27861212.833420075,22866350.5631462,24821964.76635591,28587177.413013957,31384307.650333606,33817242.41732572
臺北市內湖區大湖山莊街２１９巷３４弄３號二樓之５,25.089410000988,121.59949002862,8230743.745397766,5899338.189171023,7645892.534302447,8538822.283106133,9389759.134425169,10193853.032592326
臺北市大安區金山南路二段１５９巷３９號五樓,25.02905799,121.527838,31677214.465346634,28236646.4742194,29612446.99036289,31637844.962664817,33850920.57717185,36506197.16301768
臺北市大安區通化街１０１巷３３弄１２號,25.0294599891777,121.555649992803,23091671.493917316,20224059.162546113,21937704.21236251,24005561.63441146,26418945.52711846,29753591.0614584
臺北市文山區興隆路四段２９巷４弄２號三樓,24.98998102,121.5604918,13816626.075820709,11397540.277899943,13239251.189602342,14163126.783886367,15076546.812759627,16267334.766878609
臺北市大同區重慶北路三段２９５巷７號二樓,25.0736899930396,121.514440030565,13421449.372642204,11264817.098512959,12495441.062139306,13567151.650511252,14712810.16997064,16020339.522776797
臺北市中正區連雲街５６號,25.03509699,121.53049,9690004.445304558,6762803.0260971,8294284.489679626,9617286.555398755,11093171.194807595,14944202.206005596
臺北市北投區大同街２３２號,25.13976139,121.4996509,30656684.80152355,21094321.33954952,28402746.219253093,32773596.062317982,37611007.21907224,42436025.0391545
臺北市大安區忠孝東路三段２１７巷５弄２３之５號,25.04325199,121.538581,48853343.182535894,36960591.62523018,46985913.87688416,51544253.31458529,54947201.31148031,60418619.017582476
臺北市北投區天母西路１１７巷４６號四樓,25.120889998563,121.524309973011,32056935.709095772,26460876.87246918,28559088.173215073,31513194.242957972,35337060.97021788,40527401.50792983
臺北市文山區羅斯福路六段３９巷３６號六樓,24.9981599929734,121.542259986299,16528239.612952022,13008509.635650972,14969708.143473353,16794042.952455334,18420942.03571752,20310767.99963805
臺北市內湖區東湖路１１３巷４９弄２７號,25.06989002,121.615168,28123917.512134932,22891655.36866262,26129717.450892095,28691256.6134338,30493579.54904023,32788543.253412087
臺北市文山區景豐街５２號三樓之２,25.00043601,121.545899,23308386.52286122,20723376.58860896,21886365.729174584,23352802.381142154,25123149.841481693,26690153.290231466
臺北市萬華區萬大路２７７巷４８號十一樓之１,25.0252300198307,121.502730008914,8694475.575688114,7319686.8021368515,8087534.8828283725,8814803.158066513,9588150.967565114,10485005.192574892
臺北市信義區吳興街２２０巷１１弄３號三樓,25.0277399807366,121.562140016613,28449195.436291534,23440766.435230926,25785907.40174144,29449805.87037709,31564577.80384344,33520060.21613593
臺北市士林區雨聲街１５巷２之１號,25.10126302,121.529153,5432337.635962291,3500344.9441759717,4791726.029680556,5626068.356642773,6453677.581883906,7720310.66203479
臺北市中正區杭州南路一段１０１巷２６號三樓,25.0373600167396,121.526869973879,35039019.47279962,29131872.005523767,33441289.101161893,36134281.7782322,38412270.71997488,40331584.158650704
臺北市中山區德惠街３４號六樓之２７、六樓之２８,25.06658692,121.5261865,11357499.696917627,9727571.057719175,10654438.926574755,11427350.37541775,12558171.2739704,13746379.409982776
臺北市松山區民生東路五段１３８巷９號五樓之１,25.058069981196,121.56171002498,23390155.69227105,18487279.313255467,21217965.100952867,24138046.0044109,26617118.26023411,28331496.839449808
臺北市中山區錦州街３０巷１１號十樓之１７,25.0595200085358,121.524869967962,4880114.803407449,4132611.2787553924,4633204.242997875,4888314.9847535025,5295754.599461598,5696699.123248362
臺北市大安區延吉街１３１巷１２號四樓,25.04260101,121.554858,30024122.26340957,21454608.795899414,24701937.31163369,30805333.844793104,37871893.286050834,40319685.85636478
臺北市松山區光復南路６巷１７號,25.04765199,121.557229,32231588.847800996,27849953.093963824,30418638.34722125,32527968.580343552,34632150.19959955,36928984.30302362
臺北市中山區錦州街３２號七樓之２,25.0603200192844,121.538740006061,12272836.278544152,8816319.63806458,10810525.694521366,12417520.435908362,14705013.789762113,16549293.126547866
臺北市北投區溫泉路３７巷３０號二樓之３,25.1364241376028,121.511903968359,13813684.460730342,11220911.853561515,13493583.752191575,14460743.488770284,15099009.09728054,15925491.639375087
臺北市中正區重慶南路三段６５巷４弄１４號三樓,25.02633601,121.516892,17983999.25466186,13895991.275729489,16387642.78698184,18337281.648249835,20154972.27074933,22086341.60635049
臺北市文山區木新路二段１１１巷４號二樓,24.9840599973612,121.570059993104,10974940.240033887,8032515.398871784,9747466.813842298,11388047.997181918,13094558.153381063,14087689.258984309
臺北市士林區中山北路五段８１１巷２５號七樓,25.1006800146311,121.524179969693,29310998.05950557,22483515.027644962,27018868.18265409,29587443.098450612,31830729.27815648,37016311.4665866
臺北市大安區大安路一段１１６巷６號四樓,25.0397199834882,121.545820032035,30881397.070856035,26169476.926923644,28027361.29262268,30643875.43502537,34180091.662294686,37052755.74190182
臺北市信義區忠孝東路四段５５３巷２０之１號四樓,25.04313301,121.562898,26115251.341890227,21060776.05000368,24327626.36970515,26853505.476032805,28595041.620462112,30374294.980616868
臺北市大安區瑞安街２０８巷５７號,25.030461,121.540663,5029788.68516571,3676288.068847183,4390208.224206122,4924454.542897036,5927020.084741904,6740595.140386775
臺北市中山區林森北路２６０號三樓之１,25.0545699917965,121.525319992344,8347698.583294705,7089803.203901107,7650248.501851484,8248202.192568366,9149718.008532297,10049532.582722325
臺北市信義區松德路１８８號六樓,25.03525599,121.574313,44695849.9455832,36402886.40875706,42907207.74082932,46454657.22905966,48819749.199569166,51641127.85613541
臺北市中正區臨沂街７１巷１９弄９號,25.035682,121.530097,46946507.92359342,41100031.6623729,45035297.9987068,47216001.8749293,49247685.73322282,53246818.66088191
臺北市信義區忠孝東路五段７９３號三樓,25.04409999,121.581622,16233654.600359958,13486245.690702157,15218292.220282225,16501623.267549776,18035949.706824876,20617694.75277959
臺北市中山區錦州街４１６號,25.06010201,121.5419535,8238786.693364561,5223363.825711992,7143597.5028668735,9059337.725672975,10282940.341046654,10710033.253810193
臺北市松山區南京東路五段２３巷１５弄７號五樓,25.0529599958346,121.557749994825,20888233.938073233,18799410.015053183,19654109.403695237,20771542.99498527,22303379.911437493,23510768.00779549
臺北市中山區中山北路一段９２號九樓之２,25.0493400194912,121.521129962765,27443940.11486563,19027713.340190906,23171958.669839833,27584732.722143516,33075382.355565824,37652635.05581629
臺北市內湖區安泰街１２５巷２６號五樓,25.0772399804915,121.616909970351,10316303.370305618,7603940.897690625,9225563.511607345,10863667.37269665,12259653.876497872,13089748.608177079
臺北市士林區延平北路五段１６３巷１１號,25.0826300052379,121.509659998822,25625596.170887686,20799127.185901575,23184829.47978294,25624400.03138043,28236518.70761684,31236704.052435286
臺北市士林區天玉街３８巷１２號三樓之５,25.1205499866607,121.529340036926,6274924.6262852745,4490256.704507714,5879265.912533971,6669514.067108378,7421067.206364446,7990329.686912912
臺北市大同區迪化街二段３０５號,25.073763,121.512631,11728967.551202815,9510509.188487971,10618333.791442847,11882610.174013741,13368052.5153611,14409480.141117033
臺北市信義區林口街１０巷２７號二樓,25.0373399839911,121.580269989362,15908749.858720057,13878280.140697313,15033343.203426981,15995637.487310309,16852625.09665086,18205056.674007446
臺北市文山區萬盛街９２號三樓,25.005618,121.540708,17446355.029424004,14634568.19348858,16360107.208352081,17819442.75823218,18992885.353477012,20727409.58945351
臺北市內湖區成功路五段８３號,25.07384502,121.6053,10048058.444602545,8728813.479264041,9166382.28128037,9922812.15885181,10954267.70399333,11900722.467148082
臺北市內湖區成功路二段４０６巷９號三樓,25.0708699855352,121.589369970183,12725175.422534505,10371756.001061104,11809096.845007773,13069948.697056994,14219792.508029116,14998680.55748033
臺北市文山區下崙路１１巷１３號四樓,24.9857100169108,121.559810015168,35766390.96309057,22878891.043041985,28567555.665762987,35698843.247180305,44533683.42597758,58290062.55949658
臺北市士林區忠誠路一段１６巷２３號,25.105726,121.52546,11457683.015955698,9605567.815644704,10547254.327568121,11589628.923107699,12424439.209017389,13698934.551455779
臺北市中山區德惠街３巷１６號四樓,25.0674500014016,121.523089987004,12333701.660389123,10040544.432471238,11814435.727281686,12877328.58539817,13860188.367251366,14778275.181266395
臺北市北投區永興路一段２之１８號七樓,25.13895669,121.4998551,13489727.72115341,9267917.696753543,13187994.698358664,14362961.314823415,15339834.822552921,16502417.57145747
臺北市信義區吳興街６００巷６０號三樓之７,25.0197599898184,121.570280018062,13683478.57881391,11556490.46623736,12497423.901528705,13841131.725904085,15137268.39573673,15980093.885043329
臺北市萬華區成都路１０６號四樓之５,25.0435899920033,121.502100025072,11348844.002100779,10078712.819479622,11030436.36677767,11601457.225122355,12208777.826341605,12919812.180367978
臺北市大安區忠孝東路四段２０８號三樓,25.0412299833452,121.552420026414,45739819.57048678,38850368.94090652,41975100.34946054,46688967.11744197,49531473.38143259,53932474.96005872
臺北市中正區信義路二段２５９號十三樓之３,25.03388199,121.531611,22874391.47301296,18359818.83937197,20219569.586277984,22364994.00117444,26675560.99215041,29349089.82416998
臺北市文山區木新路二段７９巷６弄７號,24.98461702,121.570829,14347379.169440307,12163286.505513737,13498190.30224862,14503214.679768724,15682963.176101554,16966200.16131279
臺北市北投區復興四路２８號七樓,25.142491,121.500743,27488116.263012707,21278542.383206464,25392882.834362708,29264333.27925059,31610997.865381874,33490601.904617082
臺北市大安區信義路二段１９８巷４２號三樓,25.03018599,121.531359,19537030.577041645,14949756.09323207,17482950.807883564,20207642.43929259,23939118.527070347,25673522.475199
臺北市松山區光復北路１９０巷３０號四樓,25.0543899904258,121.553949975201,38536626.80725569,34517271.21660725,36457396.032088,38403849.489282936,40739424.151077956,43814530.43853189
臺北市內湖區成功路五段４５０巷６號八樓,25.0746899959979,121.607249994579,30409514.886240784,10328614.10789353,29994806.96646523,38688588.41808981,44591434.24103685,48137991.918084726
臺北市中山區雙城街１９巷８號七樓之１５,25.065328,121.524851,9637991.754231092,8506535.106830474,8869744.132670179,9511674.910414035,10289092.004061788,11235870.406314068
臺北市大安區和平東路一段１７７之２號,25.02651702,121.532223,35251933.297541544,31329750.75850734,34477841.99276064,36873305.23197118,38638611.60453236,40483849.39459061
臺北市大安區新生南路一段１３９巷９號,25.03672002,121.533525,30786281.992562126,27844038.31411539,29131218.661674358,30637489.72990302,32777415.778244834,35089623.64025213
臺北市文山區萬慶街１３巷１３號,24.99227935,121.5399548,7087193.420715024,4234706.88285478,5523438.30712373,7346783.363289587,9415085.855758086,10414610.967386816
臺北市北投區西安街二段２０３號九樓之５,25.1197299850731,121.510310015413,30564040.69869624,25278670.361416783,27794058.600654703,30663593.59688463,34147144.872327305,36515470.411274254
臺北市文山區興隆路四段５８巷２６弄３號三樓,24.98571702,121.560191,16103136.705549378,13141002.374503655,14860739.455250718,16200865.179910842,17856833.366535965,19394742.26401413
臺北市文山區興順街１００號,25.0013299868448,121.545600007077,65394043.963419124,49418504.85155922,52934330.04796681,61181032.82226838,76508720.54406428,103239900.63225476
臺北市萬華區西藏路１２５巷７號,25.02877502,121.502314,16849568.225706782,13125656.695264678,16434817.585814806,17852029.57918675,18862816.373909533,19923088.272976037
臺北市文山區木柵路四段１５９巷１５４號二樓,25.0031900149785,121.577809984599,11190908.186867796,8015263.318518597,9601804.769940777,11324010.232996508,13850027.009215647,15039035.710738847
臺北市萬華區富民路１４５巷１５弄１７號三樓,25.0187299796467,121.499810005305,9667618.956472345,6914833.090766874,8048992.7493888205,9693815.45791698,11368931.476312049,13516440.895481648
臺北市中山區復興北路１９０巷２５號十三樓之１,25.0556999980731,121.542740017894,20737324.997791316,17546712.048957415,19352653.470147535,21239967.119664,22799273.864599124,24697837.905761518
臺北市松山區南京東路四段２３號,25.05190999,121.55055,17741579.495480057,14163600.016284905,15489131.695242867,17320130.376451798,20575607.1126108,22964565.16782794
臺北市中山區德惠街１２號七樓之３,25.06656198,121.523756,23723945.261204332,20615478.89290873,22352723.22664107,24132921.04502292,26310701.08342899,28997973.85965021
臺北市北投區天母西路１１８號,25.11888507,121.5229862,118186386.84620337,98774741.53020316,112444846.83554046,121582017.22555663,128627717.26462771,135804160.90762478
臺北市文山區辛亥路四段７７巷９２弄１１號十樓之９,25.00875748,121.561276,9601852.221701639,8153533.425273377,8987834.3979536,9755329.912635086,10498902.496983737,11103873.891709965
臺北市信義區松山路６２６號五樓之２,25.0354305,121.5786554,14597064.327926386,9087561.878080644,11255912.751772616,14749669.550773766,19133439.250833776,24229550.615779694
臺北市松山區寶清街１８之５號,25.05023198,121.568676,14760045.482817136,12080152.42640261,13558149.377280863,14997139.120761916,16454583.108585281,17201107.998585362
臺北市中山區中山北路二段５９巷４５號十四樓,25.0559699791744,121.524539972434,9551241.919947917,7975361.155994696,8874265.203812797,9740525.321908085,10572409.632144706,11455680.637867697
臺北市文山區木柵路一段５９巷３０號四樓,24.9878000025581,121.546719996979,9491716.479186112,7751714.988332713,8629314.465975696,9530491.735414937,10872280.929838726,12040798.759245584
臺北市文山區羅斯福路六段１６６巷７號十二樓,24.99702494,121.5410341,21579769.131925493,16176314.312036337,19521736.632402424,22421929.342081815,24871718.360805485,27668639.011693936
臺北市士林區中山北路七段１４１巷１４弄１之３號四樓,25.1232800144345,121.530600004611,163434860.20005524,104376925.65823917,138827238.6720981,176014647.86279938,203003163.38309368,256189080.03985548
臺北市中山區民生西路４５巷５弄１６號,25.05833502,121.521384,12457994.29097781,9063388.275206592,11338486.344138179,12701336.160961704,14186714.268712891,16368833.469924366
臺北市中正區水源路３７之３號四樓之３,25.018600018238,121.52394997027,21564905.44265218,18595340.526876528,20323203.762805033,21612223.805132847,23737816.268895447,26155700.584625095
臺北市萬華區國興路４８號七樓之３,25.02541899,121.50734,11910910.333903367,10720732.497266479,11270875.325313665,11847338.692204226,12540511.524042938,13349048.37650815
臺北市內湖區康寧路三段１８９巷９１號,25.073059,121.612459,21929338.84297874,18193313.84967083,20502488.27651165,22689246.112475134,24310460.363398477,25630488.539126508
臺北市大安區信義路三段１０５號,25.03370002,121.53888,20040647.501415096,16937153.77834868,18429916.752578277,20357033.234305013,21840155.086007513,23455122.759661607
臺北市北投區永興路二段４５號二樓,25.13289,121.50253,32468501.02323079,24168504.665555827,29358179.887482315,33336628.994875845,38932315.8875716,42518048.2412861
臺北市中正區愛國東路７４巷２５號五樓之５,25.03312598,121.519006,15329110.65502014,13470900.32415534,14656044.060559664,15601802.070842281,16685240.20020039,17368838.118681524
臺北市南港區玉成街５２巷２弄１５號三樓,25.0474400096794,121.581340023121,15737761.750658764,13158149.659351654,14713338.426758222,16084134.924424948,17254671.059319306,18789880.225193832
臺北市文山區育英街６１號二樓之５,24.9922399804891,121.538429959462,13017792.634475853,10106378.45989282,12192889.400203886,13182506.113104254,14446325.12690707,16321680.584081724
臺北市內湖區大湖山莊街２０６號八樓,25.0882424,121.5985366,8454596.918409536,7497785.000827059,7978916.503606823,8464243.90896531,9062711.019242058,9584556.854844116
臺北市內湖區民權東路六段４２３號,25.07122299,121.603932,14550736.039219236,12583288.256693378,13681791.521841846,14640242.119002338,15575473.977546366,16194911.078295374
臺北市信義區中坡北路１５巷２１號七樓,25.04460701,121.580205,29661120.410040714,26028922.715316914,28406602.07226404,30395336.647740453,31871287.50002972,33543892.173749108
臺北市萬華區艋舺大道１２０巷３弄６號三樓,25.0329300132733,121.502569998383,21776512.46499978,16759427.71038898,19588690.47788183,22532294.017774567,24874161.346626915,28193424.161362056
臺北市中山區林森北路４１６巷１號,25.05979121,121.5250618,6287575.720619678,5607220.212355637,6001155.343197222,6294601.611220552,6633948.42118055,7287032.452878917
臺北市信義區基隆路一段３８０巷３４號,25.03454378,121.5582554,16924227.973887913,13453523.517907819,15346292.801927013,17223971.039996684,18999837.19857554,21525819.302015424
臺北市文山區萬寧街１５５號,25.00351159,121.570719,13673491.796147004,8203874.8962763,9602256.472289145,12577552.193059094,20691177.090674993,24921288.82170869
臺北市信義區吳興街１５６巷３３弄３號四樓,25.02794042161,121.560239111898,19436661.278232016,16881168.778002497,17977425.986678764,19483203.167818457,20923427.89033469,22532749.211521115
臺北市文山區景興路２６２號十二樓之１,24.9901100131637,121.542700036216,6740049.813806667,4801873.775941575,6223436.68702769,6945657.519947109,7669074.128819065,8216305.859502805
臺北市中山區通北街１１８巷９號,25.08468902,121.537155,28210365.028124884,24312691.336894706,26207970.104943275,27488037.378890872,29297971.850738723,34351676.79654673
臺北市士林區通河東街一段１６７巷４４之３號,25.0876700017078,121.517209998107,15563483.062747993,13065226.372736646,14510793.778842052,15910697.609987093,17058961.00713282,18116476.777091607
臺北市文山區福興路８２巷６弄４號二樓,25.0058700027903,121.551129967697,12395939.066985,8864208.669655142,11271907.202488493,13098570.990715764,14828663.81251907,16505701.000396762
臺北市萬華區水源路２０５之１號,25.01955698,121.50323,6634142.233824309,4445396.642638842,5568316.922608278,6589452.146523978,8265755.838637083,9603125.798588287
臺北市北投區天母西路１１７巷５９號三樓之３,25.12172002,121.524611,7666317.462348204,6291197.408660675,7261879.090789917,7853376.113994381,8575706.17216008,9628158.654798327
臺北市大同區延平北路四段２９４巷１５號,25.07754102,121.5096619,22617267.147536207,15812607.172194732,18981368.115765546,22494322.727397688,27770628.908519994,32232992.1492118
臺北市松山區民生東路四段１１２巷７弄１９號二樓,25.0567000010315,121.55522000117,28789708.314327613,23155863.57059568,25723175.423240136,29208681.07475437,33424423.352983296,36233909.736012734
臺北市中山區新生北路二段１０１巷１１號三樓之１,25.0574599881924,121.528339992058,10089668.16288115,7984706.638513018,9146619.237708436,10239422.773114188,11130839.509424929,12317824.135885613
臺北市松山區民生東路四段９７巷２弄１１之１號二樓,25.058613,121.552783,28104642.765520446,23975760.396995924,26054867.992758673,28099945.408420492,30316298.46308797,33416797.665300895
臺北市文山區木新路二段１１８號五樓,24.9844300164769,121.569609968723,11866275.633663744,7557458.076064282,9077433.120387817,11399239.886488922,15770994.875716532,19329515.794001732
臺北市北投區泉源路３９之３９號九樓,25.1412200113485,121.506140018583,17825790.87182878,13390108.201894218,14717222.96411366,16486193.161470456,20911835.675414562,27378027.834330942
臺北市士林區延平北路八段１８７巷１弄９號,25.105646,121.481528,3559107.1063566897,2631983.498019561,2906095.511443316,3247106.7930914485,4193411.6976382993,5556249.008864131
臺北市文山區辛亥路六段３１號九樓之２,24.9894299893591,121.552759996407,19623047.77651152,14437882.696234005,18478356.300332114,21042821.513890862,22256173.465199977,23447746.805644296
臺北市大安區通安街１１８巷２號九樓,25.029088,121.552687,48605583.049108475,41044729.33639921,45964178.43060156,50002683.37115605,53253873.42780405,55815457.655303225
臺北市松山區八德路四段６３６號十樓之６,25.049832,121.574493,18986710.528220963,15999383.890315233,17077172.2982597,18698529.009835254,21813302.820953522,23629617.65519514
臺北市信義區莊敬路２３９巷１弄１７號,25.030252,121.562158,21036362.035386197,16209766.369103048,18676275.86718505,21712916.381784774,24527461.728192538,26449314.99661318
臺北市文山區育英街６１號七樓之１,24.992222,121.538403,19684237.32252607,15946871.706402175,17777456.70243741,19754557.352248296,22280855.88882075,25476057.622572497
臺北市中正區同安街８０巷２７號,25.02234799,121.519242,18256486.2653955,16655017.976978919,18250013.32610543,19574682.65780035,21493342.99260262,24037028.98519355
臺北市士林區德行東路３３２巷１號,25.11007701,121.537713,17541948.212016877,14854216.96976841,16430205.148755837,17852135.145259816,18938549.682104312,20534528.907853413
臺北市大安區敦化南路一段１８７巷３７號五樓之５,25.04264502,121.551222,44541031.08111344,38460398.993014485,41328815.721684255,45717338.53813964,48155297.998415,51584150.366183
臺北市南港區東新街１１８巷７１號九樓,25.046039980392,121.589469966287,36084144.763402626,32447914.94933816,34290516.26767363,36503288.47357313,38324235.4131069,39637250.07039255
臺北市北投區長壽路２１號四樓,25.1426399895654,121.504159961596,28424104.01117267,24177040.30031414,26623946.742651165,28753466.472558387,30997605.743113372,33045893.547286462
臺北市松山區延壽街３３０巷１２號六樓,25.0556100183426,121.560100029018,44335479.98891906,37458791.440771885,40764451.08289534,45593398.802038394,49535264.15538758,53737844.890312016
臺北市松山區光復北路６０巷３６號,25.04989398,121.555594,18992042.320425544,13482277.231246358,16544931.39689573,19431407.401816443,23133567.81332592,25601113.695974953
臺北市中山區安東街１９號,25.04517099,121.542384,16144574.698822895,13315465.650276026,15236748.806561328,16774619.107951041,18169226.181956492,19854846.44975174
臺北市中山區龍江路２７１巷９之１號,25.05957399,121.541719,21714985.81360636,18361863.47773978,19978447.803973448,21808510.738781936,23498200.460305817,25953486.312515825
臺北市中正區羅斯福路一段８３巷２號十二樓之７,25.031409997042,121.519849962331,31740685.17723098,27262175.196435872,28780546.016134124,30602729.763927493,34970160.32837961,39587124.96136547
臺北市北投區明德路１１８巷１２號四樓,25.1094995062471,121.520720542331,21393977.80404513,18581084.393293675,19792052.752359603,21169873.28435845,22959615.199017294,25359560.109429017
臺北市大安區忠孝東路三段２５１巷９弄１號四樓,25.04336402,121.541753,26247040.609050333,19756440.68872962,22858372.01753141,27310975.39070459,30855728.654391028,32927409.314125057
臺北市文山區興隆路三段１８５巷７弄１０號五樓,24.99584902,121.56171,13604076.916500539,11568512.521744503,12811280.21550044,13963853.789296303,14872926.300856382,15856157.572409134
臺北市大安區信義路二段１２號,25.03490898,121.524912,20294487.21326974,17602255.90137409,19134230.657860007,20633427.893088643,21730275.36420291,23059505.718833778
臺北市大同區延平北路四段９９號四樓之１,25.0709600071753,121.510979980934,13293997.869351335,11373643.813897824,12154714.059006978,13258073.556717906,14440088.2815395,16047509.997989958
臺北市北投區致遠一路二段４０巷１６之１號三樓,25.1120700152181,121.514919978341,19883822.877676457,16662530.18741612,18451253.312741283,20308994.04014248,22018865.50048007,23944215.1923543
臺北市中正區林森北路３號三樓,25.04528879,121.5236306,60532233.2892184,48503886.33043522,57132447.954032406,63640233.596400216,67750495.1698395,75879748.75744417
臺北市信義區永吉路１８０巷６６弄２８號五樓,25.0434200070069,121.570410021381,22858061.322952673,19228843.585974075,21192920.283233523,23048331.741784,24807654.827525295,27069783.20546013
臺北市萬華區西昌街１５４號九樓之１,25.03872799,121.500524,8211568.594463561,6881693.334495254,7589287.664840838,8061910.98853839,8843760.205385022,10235310.846554475
臺北市大同區民權西路９１號九樓之６,25.06308102,121.51887,6938708.591698806,5690132.975028492,6238918.783948058,6992449.146072789,8235652.471617071,8950889.918822758
臺北市文山區興隆路三段３０４巷３０號,24.99607902,121.555486,4899905.1923835,2890469.0930157383,3380592.8877521567,4520813.258701604,6800192.886100547,9432243.749159995
臺北市松山區民生東路五段１４４巷１２號,25.0580900139446,121.561940024403,9217760.65973642,7316789.172608774,8351754.248545593,9646244.320235614,10595246.905759258,11449787.36428022
臺北市士林區重慶北路四段２２０巷２１弄３１號四樓,25.08666401,121.511677,5822566.206938403,3619015.7886000276,4042038.8423938043,5217182.318319932,8668474.418566925,10828044.222241253
臺北市士林區東山路２５巷３６之１號,25.11825599,121.541151,59972060.14524875,14803537.446359824,29165527.205492835,79657272.81138057,126288513.60475862,146274335.80944604
臺北市內湖區內湖路三段１７３巷１號五樓,25.08763702,121.589343,16454310.020393495,13480060.660451477,15085555.27988364,16652710.074708624,18142871.509413004,20249562.232976142
臺北市北投區明德路２６７巷２號六樓,25.1145099872325,121.522130007633,24510841.875913605,22427425.86183373,23411600.712898456,24663117.06730536,25748567.71525955,27060360.130800284
臺北市萬華區環河南路三段２０９號二樓,25.021390018529,121.492339969376,9464382.652513113,7166316.362143423,8796283.41750135,9841660.473756503,10550880.141836332,11265618.903450964
臺北市文山區萬美街二段７７號,25.00462118,121.5639006,26841797.61285858,12260066.927369392,23201975.942754976,29063484.589703195,34303417.408564486,44835707.99016378
臺北市內湖區康寧路一段２１４巷１號,25.07825499,121.595351,18150612.15145493,16078070.01434498,17217426.976498503,18131466.296582688,19337107.539554287,20924118.78083472
臺北市大安區信義路四段２６５巷１２弄５號三樓,25.0344499875952,121.554200007373,33346749.85618914,28476345.82164164,29605017.160407297,32647736.78704483,36516479.314431496,40790060.06915399
臺北市信義區林口街２４巷９號,25.03768301,121.579768,16358053.280839225,14597695.086485889,15353663.642117338,16178583.503430402,17172724.53996488,18636651.02271874
臺北市文山區光輝路１３２之１號,24.985189,121.558113,14461366.546133418,12835758.483323975,13636728.716110148,14527388.26187228,15474688.133992335,17135180.75520279
臺北市北投區東華街一段４３２號,25.1115199947318,121.518060006908,13091388.818049647,7860859.925608311,10545931.708893405,13644145.208204212,16503160.14157203,20578580.55857659
臺北市北投區中和街３６８號五樓之８,25.1419400168312,121.499150014249,5057734.045689519,3338666.4200593196,4412134.119938643,5252760.355893739,6035641.271991262,7146653.92232665
臺北市士林區中山北路七段５４之３號七樓,25.1205900102484,121.531450013412,18594702.20486225,11696628.68800222,14332704.408411026,17682925.65657846,24699730.78385047,30633055.327094413
臺北市士林區中正路６７０號九樓,25.08637198,121.507033,11821540.135966308,9347344.070864119,11118986.509275287,12435915.348593006,13710018.172547204,14522049.959034434
臺北市中山區通北街１４０號三樓,25.0848800014168,121.537659997837,27644785.15545939,24307268.4513763,26268234.490440175,27639415.543788485,29242958.101447776,31930654.649715733
臺北市士林區承德路四段１２巷５號二樓,25.0807199790518,121.519730017297,10334774.331936426,6901897.531492738,8425539.304037431,10800159.362384655,13184905.876974095,14099753.306969872
臺北市中正區師大路１８７號三樓,25.02069399,121.526496,20874385.197058506,16492894.973987482,19072727.659569845,21612662.996831384,23736675.48841225,25854185.601202093
臺北市文山區萬美街二段４９號,25.00517762,121.5645728,6547198.747491393,5136230.793113062,5912774.076214209,6506837.541390859,7472421.638774484,8422971.590352613
臺北市北投區一心路１巷５號,25.13271301,121.474388,12013959.934598066,10542469.739409776,11247749.388233755,11869209.607318789,13083519.72171482,14370852.458834445
臺北市大同區民族西路３３８號四樓之６,25.068589982143,121.509439973864,21945229.144388463,20025506.43842301,21117308.186047394,22131228.97782936,23087776.911987826,23800475.29676128
臺北市內湖區安泰街４５巷１６號三樓,25.0741900154735,121.6183600396,12118194.21904325,8842678.74664572,11048864.081856301,12306299.55828971,14020701.316786863,15296177.91440985
臺北市信義區忠孝東路五段２９５巷３號七樓,25.0432099984229,121.572559979545,30516542.662128136,26774168.740498684,29250087.73941362,30842931.382100422,32374744.11912952,34062748.0133703
臺北市大安區和平東路一段６６號九樓,25.0267300033135,121.524320031295,36777834.90959865,31103955.844793174,34243425.30724596,37500324.49385417,40184940.82346093,42496252.03637758
臺北市中山區德惠街４５號,25.06674299,121.526995,5961881.759779979,4910624.276563848,5584241.010696122,6107175.223948861,6566881.162376821,7203676.985752566
臺北市信義區福德街２６０號四樓,25.038832,121.585729,15523921.582714234,13514055.85330676,14427819.539442156,15483667.463962663,16555992.586452838,18206335.706262596
臺北市大安區大安路一段９５號五樓,25.0263400000001,121.53477,53184919.29881296,42149888.292050295,49272360.17902419,54648154.254536435,60313295.67622862,65016475.66426486
臺北市北投區尊賢街２３９巷２６弄１號,25.116072,121.506546,2302631.935913862,1696847.2219053973,1958768.3265806306,2254588.3927298924,2470690.2220890885,3320209.8660415756
臺北市松山區三民路１６７巷６號,25.06171129,121.5627503,30742415.690222308,24265590.751557335,28849658.94079987,32140602.026084647,34605619.87530883,37209460.07659832
臺北市內湖區大湖山莊街９６巷７號四樓,25.0879600155577,121.603879966589,15558342.571184501,12851960.45436157,14275605.0010251,15615721.626678294,17481096.76876526,19395292.243135422
臺北市中山區錦州街５０號六樓之１,25.0601600087528,121.526100012253,6840006.839949278,6126103.310905306,6387284.892885657,6819177.495411476,7349275.424439741,7700441.178334692
臺北市士林區社子街２２巷１５號二樓,25.0871499884348,121.507320022912,11936135.519681297,9465283.188653167,10778176.821254296,12300755.002649155,13698430.922193244,14735047.430420775
臺北市大同區延平北路二段２３８號十一樓之１,25.0599199929554,121.51123998757,10859561.979725748,8835573.210771881,10143355.8579739,11187311.463097274,12057079.265958551,13528969.893097926
臺北市萬華區雙園街４０巷６號,25.029562,121.494015,11826680.46472063,9254662.295557117,10448637.928010069,11891334.99786859,13382181.96534998,14776171.79533491
臺北市北投區吉利街２５７巷４弄３號四樓,25.11903299,121.510767,25499024.176919125,22253501.137200344,24361140.975554597,26084908.196228184,27973139.88872907,29544500.781283874
臺北市文山區興隆路三段１３７號九樓之１,24.9984099832356,121.558790021371,6656492.226561115,4643051.0167861665,6262203.302661145,7044118.172692971,7714463.345719548,8298724.68726941
臺北市萬華區環河南路二段１１９號三樓之１２,25.03447371,121.4937083,8387273.008299028,5304655.828592712,6261303.085184177,7952944.452065918,11112462.05829269,14217365.874117816
臺北市士林區社中街３９１號四樓,25.0919700018559,121.503069978907,8869739.669649927,7356243.132936799,8501734.009645265,9085028.215664368,9794103.481731093,10326871.891391952
臺北市松山區民權東路五段２０號三樓,25.06278799,121.563889,20062427.248326607,16349478.588892322,17802854.82965667,20050071.228007123,22494872.92392217,25435676.013136975
臺北市北投區天母西路１１７巷５２弄２５號二樓,25.1211699960386,121.525180014561,40147462.23683415,33103830.280664615,36227035.53621073,40648848.20944564,45535452.89636661,48846577.79283941
臺北市內湖區康寧路三段２６７號五樓,25.06636798,121.611201,14542376.346514028,12142936.154401533,13756957.46202237,14848466.690864678,16029101.933292005,16937518.226510447
臺北市大同區民權西路１６０巷２６弄１號二樓之２,25.0615759685816,121.515763855816,40112499.05920542,34389959.41649382,37609708.13231924,40078533.48850999,42632101.763170525,46181140.561000444
臺北市中山區龍江路４１２巷１６號四樓,25.0674800086149,121.540199965956,15182399.852373656,13655430.797715409,14495712.548050072,15417784.002863172,16173629.768322855,16744389.326568592
臺北市松山區三民路１０８號二樓之１１,25.0575000117801,121.563769961504,24761007.53734746,21275655.586168658,23346508.620599277,25213088.603132762,26925598.229817286,28737091.739366174
臺北市士林區天母北路３６巷８號四樓,25.12040239,121.5259374,18842589.944776423,15881884.845136546,17751442.64972848,18998339.713605266,20534719.83387855,22014942.918831974
臺北市松山區南京東路五段２５０巷２弄１７之１號,25.050846,121.567022,17760899.126964904,14665233.097159563,16475369.167787127,18196243.789882988,19914331.344263516,21539665.03758894
臺北市中正區林森南路１２０號三樓之２,25.03357198,121.518751,21993112.752520554,17982836.399333064,20201809.00015235,22942457.445500538,24748953.46993865,27224307.24063991
臺北市內湖區內湖路一段６２９巷３３弄５號,25.08104302,121.574993,17173310.977507576,12670544.591058329,15144976.810690865,17494367.13702565,19772961.315080144,21766794.58378399
臺北市文山區汀州路四段２５１號九樓,25.00190499,121.5361622,38049547.48881428,33252387.029056493,35477083.11464191,37904988.594906904,40462495.50187292,44344890.36748053
臺北市中山區吉林路１４４巷７號,25.05611499,121.529813,29915736.183073167,26872409.418468017,28785975.898422364,30551119.613639027,31743738.443484798,33273568.811695315
臺北市信義區虎林街５０巷３４號,25.04703001,121.575175,25139497.077595193,20239079.887211133,22330032.190077595,24733795.18791394,29153739.76481251,31388408.296047956
臺北市松山區健康路３２５巷２５弄１６號十三樓,25.0563500146644,121.566440016761,39329597.011260115,35620184.36863854,37302421.90716714,39137344.38772261,40945267.74811801,43961291.00826833
臺北市文山區木柵路二段１０９巷１００弄５４號,24.992437,121.561259,12672880.351128042,8510239.101304363,11725394.41396996,13516622.700557508,15104849.38243395,16417011.191814814
臺北市大安區通化街１２３巷５０號四樓,25.0288399797999,121.555570029447,7375969.723801199,5261122.206610739,6476362.808066944,7717171.123323643,8773076.077340724,9710260.650206607
臺北市大同區哈密街５９巷５６弄３８號,25.0753100053758,121.514759967809,13051729.056647118,10578939.158095373,12302936.878232196,13342434.486133758,14369053.07265333,15692197.345117524
臺北市萬華區昆明街４６號七樓之３２,25.04640899,121.505649,5554671.292893958,4051172.480285589,5122334.826823241,5818662.861592876,6440822.266572025,6888148.879550644
臺北市萬華區中華路二段５０４巷５號四樓,25.02564199,121.507897,12079145.834305346,10902870.720609985,11485363.183804791,12050799.436757237,12777854.984588083,13871807.373160448
臺北市大安區金山南路二段１８號,25.03329701,121.526954,42145951.93377401,37243430.58660081,39410751.80953462,42883822.98971147,45910928.644622386,48535341.43989462
臺北市文山區興隆路二段３０１巷２１弄１０號四樓,25.00263199,121.553302,23316173.556100294,19812152.5122082,22395816.907148626,24620618.59567296,26024325.9819177,28571513.833087094
臺北市信義區吳興街２８４巷５之７號三樓,25.025515,121.564,20004349.69530698,17548730.377207376,18679288.07225193,19950470.76747866,21248016.523680955,23174658.638587408
臺北市中山區松江路２７號十樓之７,25.0598500040638,121.533369972153,7139133.767122677,6201965.922198834,6555604.4325022455,7250233.781431391,7822110.249759389,8322794.046456381
臺北市大安區新生南路一段９７巷１號五樓,25.04122399,121.533299,81794139.7442776,69028614.6024378,77231196.54403698,83706590.278162,88239233.52397352,92838201.95936787
臺北市中山區松江路２８９之６０４號,25.0604299898541,121.533380030437,35201322.0330098,30507842.738964994,32733008.119374868,35350317.771421745,37382517.4731821,41229630.21309462
臺北市大安區溫州街７５號二樓,25.020349991983,121.533050034909,11917326.825084336,9153725.083022699,10452348.678116787,12289614.517434837,13850265.426163252,15599925.61228843
臺北市松山區南京東路五段１２３巷６弄１１之３號,25.0530700083138,121.561429985595,24327882.34355508,21045896.607157256,22599430.47249063,24145655.04115989,26412283.268248618,29254483.182670314
臺北市大安區復興南路二段２１８號二十一樓之３,25.02633819,121.5432281,39236938.174765706,29378416.744336363,35754737.056511715,41090930.56619452,45397027.98530635,48101224.744701184
臺北市士林區劍潭路１６號,25.08391001,121.52388,16979448.30146695,14104361.458771266,15372022.255253183,17384836.883511767,18946331.8986545,20675867.59974421
臺北市北投區溫泉路３７巷２８號九樓,25.1364194206134,121.511863859115,7680118.763159205,6334822.915044501,6916038.650714669,7612792.31319286,8603654.585661815,9217742.905667301
臺北市信義區忠孝東路五段２３６巷６６號,25.03707,121.57111,388422531.8009927,243512342.21189332,359487578.53418946,429066101.37724894,489032796.7245813,522260504.62821853
臺北市北投區天母北路１０５巷１５弄１號,25.124068,121.527441,11054782.110720824,7174739.416577665,10057791.969105687,11825806.0157223,12799412.521354891,14670607.163852744
臺北市士林區通河東街一段９５號五樓,25.08472301,121.516293,14485570.635531103,11414339.793912305,13990803.145590778,15263081.382393299,16224947.597006386,16940594.306238387
臺北市中山區民權東路二段９２巷７弄２４號,25.06062801,121.532354,12353777.304171141,7959684.860125288,11352021.491886195,13024220.866446532,14388013.24457853,16174553.130938185
臺北市北投區大興街２４巷７弄５號四樓,25.128930003908,121.499120007036,12871309.054212295,10039019.62583382,12099483.589439042,13472993.126883745,14453525.516616724,15892570.68496605
臺北市大安區復興南路二段２１８號,25.02633819,121.5432281,44086088.7531835,32247485.325688872,37107392.43746691,46603696.5678047,52060816.38779848,56500346.74421902
臺北市士林區中山北路七段１９０巷８之２號六樓,25.124939,121.533347,20651413.050709005,17331153.97076578,18648772.81419371,20943313.396346983,22890238.997635,24891116.774850555
臺北市松山區敦化北路１４５巷２３弄５號二樓,25.05303099,121.550349,26976875.328523338,20059457.050032344,25260444.36384862,28697250.07754421,30341678.095121678,32333978.18232279
臺北市中山區林森北路６７巷１２６號,25.04772701,121.528333,12764238.113229075,8262359.035909031,10161759.907523863,13307501.309690155,16179299.90438534,18005805.381887853
臺北市中山區龍江路４１２巷４６號五樓,25.06747301,121.539045,15302315.884786509,11115879.908181235,12912271.668414405,16493380.012278752,18268870.801224396,19606691.009925235
臺北市松山區民生東路五段４８號三樓,25.05822899,121.55758,28606905.65285171,21410240.094778653,27070116.41696872,30526168.192336984,33058822.24183868,34800072.54993866
臺北市內湖區金湖路３２６巷４７號十樓,25.07391601,121.603868,18376937.836931847,14766932.005178114,16280730.351218795,18617060.914808474,20463038.37287224,22218031.491228685
臺北市中山區中山北路一段９６巷２４號二樓,25.0496400078059,121.520499978923,9014457.483330196,5823441.854643298,7492800.1262410525,9261988.157981278,11632450.763595918,12839926.154106254
臺北市信義區永吉路３０巷１４８弄３０號二樓,25.0427000015242,121.567490017771,19105654.864101537,15978600.142152617,17982544.72077657,19636549.87704105,21501228.786561746,23650979.148686275
臺北市萬華區西寧南路３０７號,25.03818199,121.506499,10529575.46363891,8654278.884026326,9402604.78076538,10480612.966894545,11573380.466759462,12888631.10847233
臺北市中山區德惠街１６號九樓之１１,25.0666199834396,121.524030017445,8327153.1174500575,6692453.373312093,7394764.138620895,7975012.037493094,9307023.629864886,10826578.87250486
臺北市中山區復興北路４４８號八樓之１３,25.062720683849,121.543981115059,11981052.288811374,11101609.049350012,11488014.365136113,11904033.694506306,12549040.187011372,12896802.443069212
臺北市大同區民族西路３３８號八樓之１,25.068589982143,121.509439973864,52524566.33093419,44109284.297565475,48512973.66204701,53217983.5321242,56709753.812737584,60476590.62976277
臺北市北投區崇仁路一段１６６巷１０號三樓,25.1227600011615,121.50214000675,16546933.420440884,12675400.379421677,15059210.953723805,17076579.460001852,19648585.269254804,21752122.057224344
臺北市中山區明水路３９７巷７弄４６號六樓之５,25.077900013457,121.550360006071,22707380.737216353,18341767.906245608,20527659.191825487,23318405.873770323,25751023.875090465,27247341.31160751
臺北市北投區知行路２５５號,25.12105001,121.46714,13669218.511813287,11258224.501340134,13170573.353475895,14226627.64444021,15031722.332282888,15807122.26040617
臺北市內湖區大湖山莊街２２０號九樓,25.0884499797078,121.598610012605,8244606.223882012,7448346.182862427,7801323.3243305925,8331247.635904778,8743098.168671161,9242263.971788269
臺北市松山區民生東路五段１３８巷３號十二樓之４,25.0584599911508,121.561680017766,14831545.324857764,11417932.171173556,13231145.601976931,15504681.967352515,17143667.830944665,18334750.96489018
臺北市大安區大安路二段８２號二樓之１,25.0316099892518,121.545909969856,85299922.71514058,66174339.17880378,72559328.78979704,88640942.60228297,99549673.65406086,107291648.10997312
臺北市中山區松江路４１６號七樓,25.06455799,121.533005,14163719.942766927,7843308.351097774,9492571.624876201,12663782.014692275,24295473.30759214,27383257.912855733
臺北市萬華區國興路１０２號二樓之３,25.0273800199048,121.50543996203,25626475.383875687,22282093.229402576,23995280.596688155,25756346.284253657,27653013.353989888,29638415.39746901
臺北市大安區和平東路三段１２號十樓,25.02451198,121.547114,9627745.34793798,7132966.765684301,9275918.499246417,10329591.658457894,11111320.861301027,11899656.623858579
臺北市中山區中山北路二段１１５巷３弄１９號,25.06127602,121.524077,11122437.25560157,8639360.847005267,10048631.690913072,11090501.357695388,12196786.348785225,14813669.621642843
臺北市士林區中山北路六段７５４巷２７號二樓,25.11406801,121.529697,17776875.978182547,15837961.95442121,17145585.861118764,18000973.19623078,19278596.17181038,20511573.814920414
臺北市信義區吳興街２８４巷５９弄１０號九樓,25.02192998,121.563531,13976954.527728552,11299649.377461283,12419618.387501966,13804440.58355552,15983514.728450859,18746266.776781645
臺北市信義區忠孝東路五段７１巷３弄１號四樓,25.0411897911834,121.567282245538,19683983.858130515,16477614.18449368,18287568.63318057,20187839.912111625,22330259.86943031,25010214.56948133
臺北市中正區詔安街２２０巷１號六樓,25.02618501,121.509267,21027356.51268339,12813607.504034579,20307319.881924003,23249712.191254985,25038625.529204503,26892063.60983061
臺北市內湖區康樂街２４號二樓,25.0684800115733,121.618219977998,12577032.042913564,9389694.940634377,11589131.669917487,13234316.553942326,14539876.879035342,15472092.999751132
臺北市中正區信義路二段２６１號,25.03388002,121.531668,18937379.2897281,15151626.124226106,16293668.923444692,19261215.300815027,21996156.686655924,23758453.4554681
臺北市文山區木新路三段９５巷７弄８號十樓,24.981486,121.563545,17164298.82049442,13895937.01508376,15440093.601388736,16971390.970962923,18930394.614904493,21891917.568429828
臺北市南港區福德街３８１號二樓,25.0397064503849,121.589272506797,14627937.532915758,8005433.814620677,9722391.778832406,13252858.910776068,22360755.98469461,31344382.521127168
臺北市內湖區金湖路４０１巷３５號四樓,25.07244302,121.603881,33822757.07379859,29337568.259664185,30973242.22984046,33721570.2355891,36976693.657343596,39201149.69294186
臺北市士林區中正路２１２巷２弄４號四樓,25.0959099992625,121.526620025526,20169458.298643112,16675720.01555995,18732597.16838009,20763955.1864382,22277610.783019166,24171404.74080763
臺北市中正區廈門街９９巷１８號,25.02373402,121.519441,28903166.03577882,23248952.38633726,25813494.844108455,28949534.75811471,33046503.931905717,36670771.01540618
臺北市內湖區內湖路二段２６５號,25.082162,121.590342,23497897.6058962,19160276.137528297,21850027.0256444,24359769.94461105,26474438.780733734,29594705.664489776
臺北市內湖區文德路１０６號五樓之６,25.078185,121.583072,8614838.05678568,7513310.301535023,8106495.715051185,8646469.404678935,9513964.082941322,10182467.783517383
臺北市士林區菁山路１０２號二樓,25.1406006977658,121.552168300085,68769638.75956404,52116272.200470105,63411822.49109289,69949370.4662401,78322924.05017455,88961298.02957577
臺北市大安區建國南路一段２９１巷１１號八樓,25.0357799860815,121.538779987739,24832589.73922979,21274824.365348257,23311202.535437692,25128515.06150406,27038644.244353767,28696949.510347962
臺北市士林區華岡路４９之２號二樓,25.1377199800395,121.541239992502,15929051.995137686,12432872.618459538,14311838.435146533,15786856.056489088,18009302.437959,20190486.106729306
臺北市中山區四平街８９號三樓,25.05371592,121.5350659,5534092.475289656,3323138.712790765,4040186.3723547943,5353133.458252774,7818433.693351156,9533969.529800117
臺北市文山區政大三街１０３號,24.986419,121.583244,16256531.43854862,13354084.727019094,15209175.159585973,16868134.13397916,18103310.762625523,19333034.01429894
臺北市中山區合江街１７巷１５號四樓之５,25.0551900011744,121.540150009813,15832605.588951932,12915870.822272012,14367445.54193386,15964949.412457142,17495034.97108294,19897534.707653135
臺北市中山區錦西街４之５號,25.06015301,121.522154,12452855.939125374,10474262.523637392,11273703.529682195,12246758.152897682,13575571.949076386,16198989.517438725
臺北市中山區德惠街４５號五樓之１９,25.06674299,121.526995,420226.335703571,244430.08982886586,361508.0484583747,449035.2888741805,564180.8098119054,728836.0184945301
臺北市南港區松河街２９０號九樓之１,25.0519599928763,121.580369985467,42058409.629342735,31673436.481289074,39610334.56150011,44252561.20443445,49137037.481242165,53246471.8267897
臺北市信義區永吉路３５４號十四樓之１,25.0450199865946,121.576610031341,31435136.625859085,28772471.78201034,30107956.59483792,31394273.860393047,32789736.265236244,34163728.16905162
臺北市大同區民權西路１５３號十樓之２,25.06314501,121.516434,13945481.542837609,12213799.763625018,12847743.610461183,13987881.010982214,15078852.076079143,15939837.257526634
臺北市中山區錦西街３１號七樓之５,25.0604299898541,121.520689996668,11227815.723772516,9123003.776766293,10378750.681186412,11199469.801290099,12551454.972451966,13964428.984144095
臺北市內湖區內湖路三段６０巷１２弄１４號三樓,25.08826901,121.591796,15364764.1147357,13631185.237510595,14677063.254882239,15555019.079513628,16388569.197839163,17072650.597188517
臺北市松山區復興北路４２７巷２５號五樓之６,25.063394,121.546364,9192445.770752456,7675930.5064830715,8601657.500163492,9282060.451851074,10207604.960749198,11354306.57262926
臺北市萬華區西昌街１６９號,25.038982,121.500752,15909148.75346686,10150899.907734867,13823288.943123065,17122380.944468264,19941441.82895036,21253582.556031875
臺北市信義區信義路五段１１９號十四樓之２,25.03334999,121.5739149,30658306.693049423,26834467.70646467,28412187.141157683,30460339.52709448,33694636.92116845,35925439.58897256
臺北市中山區民生東路二段８３號四樓之５６,25.058123,121.530731,10436367.723285483,8768231.523487926,9560505.695714857,10355984.956874372,11308357.93767413,12465802.73779336
臺北市中山區農安街１８８號,25.06454701,121.535437,23145605.957346383,19232993.591844816,21545125.14065314,23413021.22867046,25802600.17245698,27796525.795169644
臺北市中山區新生北路二段１３７巷４７號二樓,25.061302,121.529354,15790755.636951758,13317570.518667147,14682525.821909424,16094454.318407927,17458635.83877174,19116622.663998503
臺北市中正區詔安街３２巷２０號四樓,25.0243000057639,121.515100021621,12748863.430152602,8650978.793326562,11242981.955765452,13347935.711639507,15551047.29564623,16454092.606457993
臺北市萬華區西寧南路３０７號,25.03818199,121.506499,16171249.80719644,12527613.98184352,14262691.776871324,16207797.557460666,19233780.258227147,20879072.712150414
臺北市北投區行義路１４２之１３號七樓,25.1298399852262,121.52819003981,6294650.402915735,4987593.3150117295,5400495.633905376,5906886.747049295,7307431.196404137,8860050.405995822
臺北市中正區寧波西街９７號四樓,25.0298300082934,121.514959960019,31790029.344814096,25572117.70231861,28171443.715505067,32107886.929421112,37245367.70629167,39719041.40298333
臺北市士林區士東路４６巷３７號二樓,25.11087501,121.528131,23519003.943028297,20344435.646431215,21731074.903782696,23200384.387809336,25662140.503409892,29260126.464434862
臺北市北投區光明路１５１巷８號十一樓之１,25.1352699916508,121.50204998511,24830253.82669942,16109283.052087463,23033850.270794783,26209413.465367455,29401411.487340227,32231137.60958775
臺北市文山區興隆路二段２５巷２０之５號,24.99934409,121.5452455,15867891.301247153,13379175.653612783,14436585.16112803,16068326.281542484,17919168.01021468,18743620.49246776
臺北市大安區瑞安街２５６巷１４號三樓,25.02713099,121.538972,7679460.587737649,3573717.419468574,6870681.505996367,9084677.130494501,10206985.851906106,10762322.220249299
臺北市北投區奇岩路１４之２號四樓,25.13321068,121.5071979,14774734.445849756,9786242.389230374,12490635.585014705,14693595.21987762,17871064.27629115,22984242.01730797
臺北市萬華區萬大路８５巷２０弄１號,25.03014399,121.501947,10553804.17597255,8391003.288077878,9715856.138174355,10649377.615845611,11713720.784927614,13724592.404528514
臺北市士林區至善路二段１２１號,25.09863102,121.547026,13788490.094257168,9343783.525796784,13002686.007927474,15154235.852570176,16292545.148767814,17704581.352278374
臺北市內湖區麗山街６２巷６號,25.08138198,121.579993,17402531.92562965,15551142.896851672,16467060.983552337,17404997.843917973,18353402.486247096,19789943.063124254
臺北市北投區中央北路四段１３８巷３號,25.1337364,121.4759289,14042954.015377956,11571845.909803724,13090881.221462892,14575999.67848127,15717062.420515204,16713146.416125229
臺北市中正區臨沂街３３巷５號,25.03966001,121.530218,23518826.3315996,21067681.686043568,22151177.517475806,23701377.194015674,25050940.194464356,26365466.0559882
臺北市中山區新生北路二段６８巷８號,25.05669011,121.5266692,28473368.134611048,24661358.28743542,26333416.03068606,28435946.920897253,30903540.914023098,33246851.013575636
臺北市萬華區昆明街１４１號四樓之７,25.0409400114049,121.504509989873,3199542.3560091355,2369043.3478992647,2578810.661626627,2931936.990068329,3812150.178089479,5207008.047404237
臺北市文山區景華街１２８巷３弄１３號,24.99591901,121.547538,15626647.569797304,13616696.056159213,14678718.366358278,15691401.180438058,16828851.468288433,18244054.45580522
臺北市信義區吳興街３２０巷５９號,25.02508241,121.5645144,27620969.108286418,22930132.67971075,25216021.723433822,27588889.258037966,30023862.477844797,32677614.51075867
臺北市中山區天祥路８０號五樓之５,25.06396598,121.520529,15988404.722926436,12622383.38015326,14031879.801767077,16469701.215693029,18267347.817233246,21121986.046919294
臺北市大安區羅斯福路三段５１號十樓,25.02323701,121.525599,37446891.84246147,29757691.027505722,33411212.697597153,38784012.370878145,43191356.95106176,46725634.98879167
臺北市大安區臥龍街２７１號二樓,25.01867298,121.556627,16410002.771486096,14541771.259260321,15431979.510023858,16366354.941623297,17461070.559747934,18972876.01974887
臺北市松山區八德路四段６４０號九樓之１,25.0498299836413,121.574759977672,12495524.471089037,10761614.106616516,11514614.768180788,12322093.11361004,13650090.352213264,14854508.522794973
臺北市文山區汀州路四段２５７號八樓,25.0017899856911,121.536149997979,37112969.470571555,33330429.668158688,35073146.33490625,37283598.073289506,39216898.15366699,40878187.534270845
臺北市信義區富陽街８７巷６號三樓,25.02134702,121.557005,17670277.836936586,15562721.73639697,16829863.099127308,18009404.962073058,19504409.737715814,21291088.101310838
臺北市大同區平陽街２２號,25.0552200083878,121.515999986565,17167488.58716319,13707907.838654336,15895412.920587331,17450542.73887321,19138875.29324456,21445534.876936194
臺北市中山區興安街７７號,25.05640508,121.5432426,24879436.40704638,21004799.762179468,24276903.10726646,25961917.891472265,27548872.810672577,29873049.51339955
臺北市內湖區康寧路三段９９巷１７弄４號四樓,25.0723200128751,121.609990038727,18302034.44018357,14999517.583661474,17474252.76137125,18918152.342732713,20412196.894944996,21540824.06543629
臺北市南港區福德街３７３巷２１號,25.03956001,121.591457,22572578.6895793,20310594.466560263,21729318.428134028,22951591.67886372,24055194.568489917,25149430.981574662
臺北市萬華區柳州街４２巷９之２號,25.03867099,121.50477,8301004.22677894,6953583.012813515,7574000.6651977245,8159707.691435088,9041072.681833275,10115544.951400772
臺北市大同區承德路三段６９號二樓,25.0656999857471,121.518559987433,20783114.234933957,17914050.141257945,19717392.640058704,21186364.44154912,22599480.82251648,24142286.80561281
臺北市大安區臥龍街１９５巷２１號二樓,25.01850199,121.55303,16052211.591241265,14143585.106094327,15282842.947345337,16110349.638979489,17000179.44765399,18335210.794620063
臺北市內湖區南京東路六段１５１號六樓,25.0565099832865,121.579310009991,27618825.67831558,23429223.732733984,25543147.892995093,28641246.51548109,31007701.58461145,33739698.05465284
臺北市北投區行義路１８６巷２６弄１５號四樓,25.131612,121.529413,11021414.96138557,8019382.485101177,9803168.003180727,11191477.959930891,13474403.547955997,16032039.59046733
臺北市文山區景華街８２巷２弄８號,24.99486699,121.544991,16028262.287772553,13731229.580444042,14709862.846959598,16285015.431605617,17732150.34017168,18667821.70725411
臺北市文山區忠順街一段１２５號,24.98435802,121.560263,15529796.921423906,13121674.522994285,14145485.764607895,15377307.561891602,17481364.975402553,18845219.27883918
臺北市中正區廈門街３４巷１８號四樓,25.026054,121.516637,10307501.959944371,7492028.874901168,9383570.335381078,10695932.389191888,11948594.801174346,13191215.782581182
臺北市北投區光明路２１８之５號四樓,25.136263,121.504282,14463496.126670541,11684333.194856402,13239645.870131988,14557107.892878959,16396022.949399091,18548147.56391097
臺北市內湖區新富街５７號四樓之２,25.0591999874726,121.583830035098,65334728.47669799,53215738.61772048,60637248.731648944,65890208.96011373,70891389.74145302,76059368.12675062
臺北市中正區師大路２１０之１號八樓,25.0207700091511,121.523329960892,25334558.118856203,20085797.014303844,22719807.590180103,25524731.309873,28145866.271894567,31663536.3359677
臺北市萬華區成都路１０６號十二樓之５,25.0435899920033,121.50204998511,12252260.034685988,10828244.511285063,11563224.749384422,12252482.85022127,13211267.70972652,14025122.14389859
臺北市文山區興隆路一段５５巷２７弄１６號三樓,25.00440401,121.542379,7236385.8005075995,5558117.221955507,6237213.028855416,7036159.4406602355,8320960.472294728,9883860.383044595
臺北市大安區仁愛路四段１２２巷６３號九樓之２,25.03359549,121.5505053,24365645.175266184,20465938.855896156,22862972.19182234,25022043.34577747,28444086.299067877,31842095.283487022
臺北市大安區通化街３９巷６２弄３５號二樓,25.0301900110348,121.556270002181,13638081.25173947,10337562.857281268,12222348.233860284,13703195.269728553,15712574.905336108,17858055.72939796
臺北市中正區羅斯福路四段１６２號七樓之５,25.0124300154915,121.536189979658,13430507.05134595,9724027.141777147,11446655.096595006,13629343.597752113,15907621.03011257,19346388.159727007
臺北市中山區農安街３３號,25.06503098,121.525098,39443465.43192454,34996692.01791348,37341796.58716518,39196464.910781324,41170156.0689891,44557811.49828009
臺北市大安區復興南路一段７９巷２號十二樓之２,25.044375,121.54425,9817915.822809761,8444084.13641738,9243531.25839325,10097762.363070495,10542440.08771421,11043811.304291766
臺北市松山區八德路四段７２巷１４弄１１號二樓,25.04657198,121.559669,18540355.189243224,16160466.466388589,17065552.309300628,18891508.30776825,21333005.114634883,24506391.673758984
臺北市中山區松江路１５０巷２９號五樓,25.0540900021112,121.530630011824,20430712.191931937,17666526.982461352,19277288.449398663,20484523.261946958,22022164.191799648,23257519.457985573
臺北市中山區德惠街１６號九樓之１,25.0666199834396,121.524030017445,5839773.695875244,4265953.750740018,5421044.179294351,6121313.853463657,6474322.1228164695,7339010.110422669
臺北市文山區景興路１８８號,24.99229899,121.543817,10451691.283620952,7748253.081595254,9207246.075570254,10572594.703515533,12132689.690181844,13569283.19621927
臺北市信義區光復南路４７３巷１１弄５６號二樓之２,25.03429299,121.559698,26404499.595880054,23125425.066176727,25176754.906254258,26830259.647693977,28263752.15527697,30863992.28558243
臺北市信義區松山路４８２巷３０號,25.03879001,121.577813,17044852.507868096,13746940.068798281,15735332.103862742,17425676.545286696,19078272.37017857,20997209.742504884
臺北市內湖區民權東路六段２０６巷１４３弄４５號三樓,25.06478099,121.59706,32434511.44447328,20968214.806733828,25275458.266323406,30006885.148691516,46859845.39014817,55754770.40915319
臺北市士林區天母北路９巷１之１號三樓,25.1192100137096,121.526690014418,19236615.118659496,15682417.57377859,17531382.247205578,19476678.037549336,21776922.509813294,23763475.276764322
臺北市北投區西安街二段２７９號十一樓,25.1204400160911,121.506630024643,29645429.775816847,24327183.032611117,27476990.444811612,30571147.051803682,33461788.22707985,35792535.89535091
臺北市大安區復興南路一段１３５巷１５號,25.04271899,121.545045,45155722.13810301,37623394.51631896,42481129.246873684,46422223.43231616,48594968.26167578,52459521.84412694
臺北市士林區中社路二段５０號二樓,25.10631528,121.5631694,8107691.727746029,5409176.82008624,6479685.04776692,8562863.73042941,9927375.60787063,11141338.081433214
臺北市萬華區西園路一段８０號十二樓之３,25.0392099865895,121.499749990879,29296929.64061345,24370919.096898947,26745660.091286004,29815754.315814827,32393111.357382935,34739797.80234128
臺北市北投區西安街一段２９９巷２７號,25.112117,121.515617,11838522.530046549,8989329.641295807,10762164.665550243,12049131.113933727,13258802.712878453,15182911.088371135
臺北市北投區溫泉路６８之３號,25.1349000144447,121.504600011513,15230628.958840266,11923649.080656093,13491890.194721334,15404416.017815564,17505401.096876223,19757940.320737932
臺北市士林區中正路１０４巷１弄２之１號三樓之１,25.0968499877941,121.52945998196,13128417.928835109,10138534.995627288,12003458.468690611,13196541.673441945,14716249.725545315,16990534.196910053
臺北市南港區昆陽街１４２巷１６號,25.04922301,121.59381,12642614.455492625,8234990.056273891,10123856.3985999,13595426.155564204,15883329.110925624,16809401.6557757
臺北市大安區大安路一段１６９巷１２號,25.03670698,121.546966,48152420.9859549,35550580.20268128,43252807.92382966,51174351.61447682,56230386.71314877,61482083.99559415
臺北市大安區辛亥路一段８２號,25.02109799,121.53144,31028646.063285228,24799814.72401294,28590091.76099646,31536146.989459276,34798383.469393335,39458693.31578033
臺北市內湖區康寧路三段７５巷１８６弄９９號,25.076538,121.612987,24093785.567798816,21590313.898935996,23029920.323439747,24431599.28812476,26000108.86295834,28081819.35356092
臺北市松山區復興北路８１巷６號四樓,25.0511399912886,121.544440035496,64498954.200631395,54313911.51373693,60999301.350406945,65483431.66969955,69238798.98542856,73865627.04473001
臺北市文山區辛亥路四段２０９巷２６號,25.00234801,121.555666,37199714.4017298,32106317.982951425,34361617.31074533,37787426.33252911,40125747.25557996,42461864.52347113
臺北市中山區長安東路二段１７８號九樓之１,25.0482100132146,121.540580001446,13148368.33539132,11004631.619689798,12022044.688643888,13179881.766543748,14611073.53401872,16053147.84637753
臺北市松山區民生東路五段１２２號五樓之１,25.05857101,121.561184,21283065.791169927,16227941.733244019,18715267.01572769,21655942.6265453,25711949.940576404,28771389.89882391
臺北市大安區羅斯福路二段８５號十四樓之１,25.0257699820333,121.523600025812,28168965.949995123,24196820.320017956,26686959.25553149,28857651.641921345,30408684.698274788,31871268.937478766
臺北市南港區經貿二路２３５巷６５號,25.06208998,121.61598,25500339.5223355,21828281.087966286,23636932.370614268,25603254.779688533,29060903.32264354,32013314.11647892
臺北市大安區樂利路７８號二樓,25.025651,121.551917,11879948.167198338,8471075.167914815,9601508.264840452,11249215.63029413,15111727.642694263,17625552.816894144
臺北市中山區天祥路４８巷５號,25.06193898,121.520665,2560047.5629957877,2039241.4358467371,2255118.1334403045,2424888.53428198,2666097.245964663,3538188.773214203
臺北市內湖區康寧路一段１５６巷３２弄２１號二樓,25.07747669,121.5941029,14159626.563914757,12327161.056897555,13400372.656293113,14221292.548431583,15160395.289218664,16954802.18975338
臺北市信義區莊敬路３７６號二樓,25.02747901,121.565077,22229132.504441116,18800768.618442543,20707172.05278603,22476240.145127196,24134117.85730781,25856564.52810496
臺北市信義區莊敬路３９１巷１弄１號二樓,25.0281200162266,121.565260012432,23874742.792552345,20358322.448140677,22310154.693545893,24489897.634794243,26125407.165270843,27204885.704916015
臺北市萬華區民和街１００號十一樓之２,25.02548299,121.497528,32631006.194958705,30026887.55198624,31262864.031274706,32685754.360077247,33981344.36075525,35128377.53896376
臺北市北投區自強街６８號八樓,25.1104399865076,121.514150016715,29250266.94953575,24757441.534672692,26799030.502661478,29319160.08237646,32154551.793964088,34819785.79439231
臺北市士林區中山北路七段１１４巷４１弄１９號七樓之１,25.1248700195574,121.535130004182,29031067.496062364,20296886.41342723,24976467.371453885,29484864.864126123,33801176.01286808,40067865.240535155
臺北市大安區羅斯福路三段５７號三樓,25.02319728,121.5256458,42343670.92415371,36365762.52026327,39108388.68961943,41990738.05937211,46500459.17434208,50914598.120940775
臺北市內湖區康樂街１５１巷２１號五樓,25.0717600179239,121.620379994447,13603021.750638533,11117504.427217735,12879860.664983245,14316905.6526319,15252440.876701146,16025006.157914786
臺北市中正區信義路二段２５９號十三樓之１,25.033889992644,121.53158001673,31006479.02926703,24914162.771692287,28695924.86562714,32059921.951388158,34265157.233900055,36814292.37807117
臺北市中山區敬業三路１６２巷９４號八樓,25.07801698,121.559323,32130205.99944916,29802416.29259977,30822552.774149977,32062448.577482156,33303638.716710545,34860056.771950945
臺北市士林區華聲街８１號,25.09493699,121.522109,12117818.039729752,7820401.477114988,9877806.559277864,12214151.3922605,15054086.490610337,18248989.664175738
臺北市大安區忠孝東路四段１４８號十二樓,25.0413000141463,121.549909981689,20725393.886509184,13550536.897229452,19731220.167331144,22142868.165034432,24922087.595362876,27910032.91071481
臺北市北投區石牌路二段３５７巷１３號五樓,25.12426295,121.525125,22850809.9244727,18046577.84787027,19639896.166445225,22410691.847971853,26497051.98002725,28972735.72324321
臺北市文山區興隆路三段１８５巷１５弄８號,24.99566902,121.563315,10854814.819058282,7400015.679136569,9218494.008744009,11155152.255655065,13578090.281064093,14674006.587764274
臺北市文山區興隆路一段５５巷２７弄１之１號,25.0043600029332,121.541780038523,18507853.52955246,15271042.375242839,17377243.73335792,18561152.446425322,19913531.736384965,22541452.722787395
臺北市士林區環河北路三段１７１號二樓,25.0869600125994,121.504990021468,10227638.568303207,7531284.0533156535,8972129.873685738,10484172.569751335,12061719.889638118,13220070.059869753
臺北市北投區中央北路四段１３８巷１號二樓,25.13373401,121.475892,11618906.855034035,9988157.229696756,10845995.003612438,11632894.223430648,12878850.094402827,14427093.655806892
臺北市中山區建國北路二段９９號六樓之２,25.0589300063713,121.537320027844,28362456.65331731,23989574.67528646,26801735.394855164,29180027.945142493,31063751.748020153,32523543.75272256
臺北市內湖區成功路四段６１巷５５號,25.07982201,121.59403,58490510.647330046,46948904.236904144,52193580.22984791,58182720.753941156,65768219.79621428,72016445.1389478
臺北市萬華區柳州街２１號,25.038853,121.5055,25500434.959660392,20341410.024141967,24092065.112670343,26372567.1073391,28520792.775677845,30941348.027498823
臺北市松山區敦化北路１２０巷２８號三樓,25.0539700151672,121.547309999143,224134175.39973003,167566812.73288694,194600886.1115216,227723016.88732892,261572140.69481382,302657111.31165063
臺北市內湖區康樂街１５１巷９之１號,25.07177498,121.619894,13648164.75671919,11514633.265170239,12911363.056200135,13917119.181988662,14923463.862026569,16931906.147958305
臺北市中山區長安東路一段７５號,25.04851201,121.527865,33709790.93852046,22653020.43877467,28399415.396597367,35886144.418688655,42214688.886943355,47635988.93104216
臺北市中山區民族東路５１２巷１３弄１７號,25.067055,121.542827,18017504.6928929,16006817.007237418,17262583.70576458,18088371.856196135,19150908.97778798,20463971.44490192
臺北市士林區基河路２３８號,25.09103161,121.5215466,9521406.24749571,6656735.618220338,8157113.44533338,9851759.64666611,11462909.70268809,12865277.77004109
臺北市萬華區環河南路二段２８０巷２０號,25.03313499,121.489995,10886904.71716656,9452230.587189674,10262577.14533559,10924648.95733756,11734675.482020518,12537744.985814761
臺北市松山區富錦街４５６號二樓,25.0606399984381,121.562200031039,21983329.53780456,17942838.40802552,20011002.302017123,21903878.490180112,25092023.428079434,27062340.663843423
臺北市內湖區康樂街２０４之３號十一樓,25.07630498,121.621279,23669950.82350412,21480330.024418093,22650696.683230788,23916564.43694306,25188132.6954993,27057274.803674504
臺北市內湖區內湖路二段１７９巷４６弄７號三樓,25.0833200035073,121.586109996581,14704175.746752338,10292278.415528594,12915512.799957544,15905458.302145302,17426522.421560846,18835395.933701355
臺北市大安區仁愛路四段５０之２９號,25.03760062,121.5473785,17048155.661298335,10696002.526642885,15503773.874159627,18028312.531379554,21080610.61854508,24717697.715776622
臺北市文山區辛亥路四段７７巷１７號十一樓,25.00775949,121.5603166,23070091.450190283,18645254.64171352,21900885.584415637,24131338.702070847,26178917.177180145,28028357.383583598
臺北市中山區錦州街５０號五樓之３,25.06016298,121.526107,6990971.193074711,6175717.809179651,6460647.638019845,6974931.316047221,7537929.296756269,7970212.9809143655
臺北市北投區大業路２８０巷３５弄３之１號二樓,25.12800502,121.499718,11502695.95269777,7966232.787143216,10481831.811072124,11904553.889695968,13907803.031007808,16203332.48766155
臺北市大同區西寧北路１２６號四樓,25.0564899924474,121.508870004448,10368470.838677373,7971469.278019785,9831427.03608104,11056596.327418428,11815344.800777387,12868695.491432132
臺北市中正區水源路７７號十樓,25.0210399902524,121.520030005611,38292203.71634628,33442989.616834283,36791555.8478075,39069980.62819491,41043476.87817937,44282866.099074095
臺北市中正區寧波西街８７號,25.03000691,121.5158466,27886313.949705992,21351953.184608877,25613071.40459073,28781349.675184138,31598444.951175287,33764574.530829884
臺北市內湖區成功路五段４５０巷７號,25.07368798,121.607117,36559940.78842708,30594550.09116317,33630035.14206899,37172143.097248465,39556722.42233184,42497498.37687558
臺北市萬華區環河南路一段７１號,25.04504601,121.501972,2804600.4952288717,2396129.5445392192,2588636.114912529,2789708.017119694,3016288.6735750297,3325058.6533781537
臺北市北投區中和街３８２巷２弄９號二樓,25.1427199948312,121.499059992609,10721199.48091004,9075864.165315513,9789444.57693854,10839564.185098602,11602568.385258306,12875202.508354004
臺北市大安區通化街５７巷２１號,25.0305700046153,121.554890005642,45975824.295927465,32799225.520890284,39451537.54681172,49350201.66149287,54946943.27343021,58383931.77476294
臺北市文山區興隆路二段２７５巷１弄４號二樓,25.0028500030762,121.552720014729,11821828.301014349,9425635.79615908,11190550.172047662,12439074.010750603,13284090.00931739,14289882.436119055
臺北市士林區格致路２０巷２９號,25.136515,121.547415,4441738.259660843,3054061.3149276627,3631297.6753347544,4496010.478644673,5430349.107575355,6369191.759747902
臺北市內湖區康寧路三段５４之５號七樓,25.0716500054447,121.60917003714,17142244.44467411,13831482.303864196,15136933.078044446,17474736.460100424,19439726.01625905,21202477.28817483
臺北市士林區重慶北路四段２２２號十三樓,25.0861100037983,121.511390023637,22554568.377970632,18572694.294782884,20180163.284777135,22540762.675870188,25459856.70972769,27905793.654119566
臺北市大同區民權西路１５３號十樓之３,25.06314501,121.516434,28585865.56889022,23218936.135449342,26281655.683747366,29361169.774260104,32065724.29012978,34606162.57770044
臺北市北投區中和街３９８巷５弄２號七樓,25.14386069,121.4986761,12228164.231740369,8283730.140169651,11542762.837770332,13362824.011647873,14585064.284762593,15664698.391702145
臺北市士林區華齡街２３巷３號,25.0832500146158,121.519219978489,18711541.129166715,16055367.762680184,17134617.01611913,18551040.68431767,20401625.79978857,23409975.11218266
臺北市南港區興中路６８巷１６號七樓,25.0567199918706,121.606079964715,23076347.05380349,21154185.02814034,22575568.2433505,23355344.051600944,24613123.64114827,25498953.201827563
臺北市士林區重慶北路四段４９巷３７號,25.0810599909541,121.511179973144,30611613.041398507,18722313.393021572,27960851.446708743,31736702.01367988,38912964.044816405,48388904.82083691
臺北市萬華區柳州街７號,25.03908401,121.505533,34760646.36314406,31091638.88326461,32319817.06424363,34085248.626137964,37202406.738165766,40094336.8370194
臺北市中山區合江街１２７巷２１號四樓,25.0607800181307,121.540080020921,12044770.108990181,9087600.490490725,10529234.474756867,12211342.128179822,13952720.988859769,16026890.809335083
臺北市信義區林口街１３１號,25.04027298,121.580951,22534158.304646574,19547087.814785488,20847068.388751894,22589821.90851073,24103309.849404678,25966312.494432233
臺北市南港區東新街６０號四樓,25.0472499919344,121.585740019374,29334267.036305167,18111952.570198618,21599190.11007539,26716082.79728692,43999327.12170704,55961109.623885706
臺北市文山區政大二街２０７號三樓,24.98865553,121.5869132,18029189.521202873,14902017.214735962,16948022.49615914,18656147.563854933,20210972.36932901,21337000.010112036
臺北市大安區信義路三段１４７巷１１弄８號,25.03470002,121.542443,23095825.392063852,18504918.946714688,20606921.158439584,22418903.087265797,26957488.27813482,29357455.567943938
臺北市中山區農安街２０８號九樓之１,25.0646700174849,121.536400030151,23242706.044114478,19071483.162877783,21707895.93679176,23525314.66756325,25549282.207298383,28168701.463095345
臺北市大安區大安路一段２０２號九樓之８,25.03499502,121.545865,15706649.356900787,13944005.13151594,14910281.922652494,15897986.461317029,16942780.22749929,17773941.420084167
臺北市大同區承德路三段９號,25.06359298,121.518512,51402587.074948974,43459202.508663565,46776651.35546298,51376087.46331429,55849781.736914426,60855334.12768932
臺北市松山區敦化北路４巷２１號,25.05006199,121.546395,31850966.931151025,25431430.225852326,28621093.978414126,31605188.951887924,37187060.905373774,42421583.11169944
臺北市內湖區麗山街３４８巷７之１號五樓,25.08202299,121.573211,16638349.130130854,14844045.375901965,15779016.13832134,16499656.75932719,17607330.48153022,19294610.491195377
臺北市松山區富錦街５８１巷４號五樓,25.062889994617,121.567060026139,18071412.29788192,16518690.230048122,17255795.27688989,18050791.458510324,19016459.699311808,19833837.764245518
臺北市萬華區成都路１０２號十七樓之３,25.0435200031118,121.502279984533,40383810.46850681,33299844.544747572,38182025.21477947,41901394.285833165,44516629.90963641,47327325.75174837
臺北市大安區信義路四段５３巷２８號六樓,25.03425912,121.5450225,5161101.134954454,2322926.2302191164,4364667.174444376,5752170.083666999,7164018.018725718,8571792.279012445
臺北市士林區雨農路１７之３號二樓,25.0976899802208,121.532100030003,27060570.25186331,20198388.263531122,24695573.212493118,27491035.210350003,29985838.511928298,33040173.754171256
臺北市士林區承德路四段６巷３３號三樓,25.0795999891495,121.52036000114,16334219.700977696,14175697.339971982,15560169.182733981,16599495.25488485,17675559.879445177,18856201.350547224
臺北市萬華區漢口街二段８８號,25.04615301,121.504393,13174184.106516412,11134679.331774516,11938016.941812731,13019750.240547873,14172859.815643832,16303024.62513477
臺北市北投區大屯路６６號五樓,25.1441799966358,121.501350012376,26993698.59918677,20591688.668622047,23700911.219184928,28303128.426181342,32207844.918980595,37124740.90017515
臺北市士林區基河路４０號十二樓之１,25.0854200055289,121.524790004606,1954083.2155423213,1132122.2883212434,1701743.4661635044,2134774.148223678,2396348.265621012,2712782.548812634
臺北市中正區水源路２１之２號,25.01672599,121.525226,12175595.964476872,6783527.384335391,8424689.406330872,11370894.320979534,18551007.455437593,21996245.48445765
臺北市信義區和平東路三段３１１號,25.021559,121.555856,33075617.869836986,28530174.473547023,30828486.444769282,33218737.516606502,36092345.12811771,38871610.17209944
臺北市內湖區成功路二段３１７巷７號,25.06985192,121.5910727,53110888.24345417,47205312.125754654,50034230.7686393,53185423.85564287,56807520.7584711,62334457.324374445
臺北市內湖區成功路二段４２６巷６６號四樓,25.07001201,121.58796,14611636.44406187,11428222.719913255,13932230.546048412,15396163.508754699,16298385.95125882,16801109.217391238
臺北市北投區中山路４７號十二樓之１４,25.1387199829979,121.511750026379,3135502.167201733,2646411.464289748,2929876.8038489083,3139593.3362097153,3299807.766162047,3514748.9104566583
臺北市大安區金華街１０６巷８號三樓,25.0299303,121.5259373,20812077.066735018,17602255.90137409,19593480.111033067,21016876.965433903,22260979.60757055,24618598.538554505
臺北市內湖區東湖路１１３巷４９弄８６號,25.07033501,121.614746,38659458.95020547,29266137.328507937,34528112.86381764,40214082.20782783,46109790.82423832,51579073.874779135
臺北市中山區八德路二段３３２巷１６號三樓,25.0466500153051,121.543260031167,16916683.558184158,14536013.65703523,15684498.744955786,17147401.656175308,18734055.14908482,20595590.426926617
臺北市萬華區成都路１５７號四樓之１,25.0435500103252,121.503029997229,10505524.510931639,8679715.66771062,9284440.429968124,10760652.43597519,11640144.741802156,12260131.005081719
臺北市文山區羅斯福路五段１７０巷３弄１號四樓,25.00447999,121.538156,19213897.814384174,15108265.485759927,17289226.09651594,19260194.97830392,21591010.905871864,25003538.763449952
臺北市文山區政大一街８３號,24.98554971,121.5810517,13102635.808794735,9758246.348969795,12498297.871962931,13984929.499960996,14839978.383713342,15793063.245410869
臺北市北投區明德路３０號,25.10710001,121.5182608,58207592.01938895,46761715.043826364,54190216.05267411,59821451.48904465,63477503.06665974,66308992.373235285
臺北市內湖區康寧路三段１８９巷１５９弄２５號,25.07524199,121.61178,31756975.178823538,23281068.754815653,29250688.894299354,33550854.335651845,39033593.327778734,45443502.41429265
臺北市中正區金山南路一段５９號十七樓,25.03850498,121.528601,146605757.17053375,113040988.3107602,127594801.60958691,151765612.26484278,170430480.32245415,177947040.3566321
臺北市北投區長壽路２７之２號六樓,25.14279501,121.503604,14345855.247087436,11135035.959902275,13236122.52762534,14687713.60987892,16083886.436449017,17676697.180455036
臺北市內湖區康樂街１１１巷８號,25.0706899841645,121.619659988964,14489263.856702877,12497522.314841896,13794175.345986882,14794788.165753335,15790155.154193183,16654721.72531666
臺北市文山區景華街１２８巷２弄９之２號二樓,24.99511279,121.547029,15641465.635319062,13367818.454915471,14350028.57849269,15655682.213396762,17307888.467060577,18313828.041779585
臺北市北投區光明路１８５號六樓之１,25.13594398,121.50331,44384962.409957685,37930084.78759291,41445756.18067962,44512397.05327317,48736015.072293624,53042218.05395001
臺北市大同區民權西路２６８號四樓之１,25.06273099,121.512018,11233000.045089632,9276475.035861177,10465414.673945744,11587735.549178213,12354109.11799151,13289705.865546275
臺北市士林區承德路四段２９４號六樓,25.08958258,121.5191134,24980462.212512843,20711053.420494743,23398227.587812323,25995540.00949274,28440239.598464288,30540835.20970658
臺北市中山區敬業三路１６２巷７１號四樓,25.078466,121.559321,31945437.610838562,29695785.643278927,30749466.36672945,31963840.918891825,33102760.8914631,34588337.55636611
臺北市中山區民生西路４５巷７弄１８號二樓,25.0586899905739,121.521430034899,14841596.009536738,12318496.835861027,13716978.212010277,15293929.698525287,16869930.77562157,18095583.939659696
臺北市內湖區康樂街１８６巷１５號,25.07692398,121.620318,8002869.216302358,4119370.423947197,7197972.060561419,9030988.594517682,10259250.056706807,11024021.189519517
臺北市北投區知行路２６１號七樓,25.121084,121.4670799,14031496.840050757,12105883.932197208,13271542.45878809,14326794.404313466,15111016.042739956,15987535.896568876
臺北市文山區木新路三段３１０巷６弄１０號三樓,24.98171298,121.557287,8601583.430923786,6360281.797832126,7465725.813213808,8930230.375585128,10084284.608044367,11224709.928153027
臺北市南港區成福路２０６巷５弄１０號三樓之２,25.04027,121.587862,8012640.655578261,5315621.332356524,7521574.203049893,8589316.00316194,9608412.016819175,10292150.334929537
臺北市大安區和平東路二段３１１巷６３號三樓,25.02606599,121.545569,33494751.27199047,30153782.79743553,32067904.57588975,34066546.335829146,36134454.23878784,38181337.235649005
臺北市北投區奇岩路１２之６號,25.13348582,121.5074444,7957421.469742743,5378037.627959853,7135429.492828324,8217726.2412896855,9290792.88042086,11083675.71530393
臺北市中正區連雲街２６巷３６號,25.03737401,121.529879,30323591.780798964,27608144.870546464,29232457.868453693,30674391.856963567,32688103.76021489,35263661.4584818
臺北市內湖區民權東路六段１４６號,25.0688168,121.5895168,11305373.050392218,10240679.58604578,10684747.143026415,11334314.171976725,11879916.508171251,12393995.404810417
臺北市大安區忠孝東路四段２３３號七樓之１６,25.04165511,121.5536086,10892318.201694582,9089802.574116908,10136271.7422506,10763980.166907988,11883789.460889626,13470003.123926327
臺北市北投區泉源路３７之１號,25.14072778,121.5061149,15389373.461506365,10844332.614318796,13322314.026112512,15079278.357579555,17479679.74566237,22742358.60310527
臺北市萬華區萬大路４８６巷２２號,25.02011798,121.496694,7774545.988465975,5454230.8012043955,7358435.075861816,8313188.221167352,8879149.239281261,9471441.276531484
臺北市士林區天玉街３８巷１１之１號,25.12034601,121.529107,20302763.25168264,17972246.497018762,19503839.900450766,20815932.361040674,21816974.485344145,23343252.597719815
臺北市北投區溫泉路９９之１號,25.13637209,121.509743,5381218.009408249,4524746.406506845,5066397.2783746105,5386962.387903409,5763363.181490988,6383512.558047202
臺北市松山區光復北路１９７之１號,25.059634,121.55522,39575101.15369939,33887076.29879785,37412255.14477674,39744666.54621414,43452611.88006832,46878905.9124447
臺北市南港區忠孝東路六段２７８巷２３弄２７號,25.04889402,121.590496,1910622.271099843,1127776.0317574786,1580214.349102838,2113975.875596969,2344401.772303664,2585395.3415564937
臺北市北投區新興路７０巷１號五樓之１,25.141082,121.487911,14723803.57921504,10906184.067047022,13807448.57417225,14864541.602124114,16243495.888042841,19669859.308934115
臺北市內湖區內湖路一段６５９號,25.08025738,121.5753352,16132007.237960808,14142163.54134471,15031514.2908308,15841672.518703917,17102591.7710398,19175719.535835356
臺北市松山區三民路１１３巷１６號七樓之１,25.05801902,121.562318,9587821.798796449,8203062.380073833,8946327.772168847,9933984.133365316,10522986.086037286,10931322.373638019
臺北市內湖區五分街３１號三樓,25.0676100119332,121.613350008434,15720430.183843907,12333470.240372904,14781067.704073098,16350448.511232754,17650029.97444236,19255108.02442185
臺北市中山區南京東路三段１９４巷３號二樓之２,25.0517542685367,121.542715071957,36354893.88414728,31890179.85384325,33375985.797536243,35785859.829708636,39169708.611955956,43411936.623732455
臺北市萬華區華西街１７之４號八樓之４,25.0392800173905,121.498569986549,4966642.602114692,3796153.678180545,4236242.964973064,5151150.831525314,5822492.345734997,6237468.789076551
臺北市信義區和平東路三段３９１巷７弄４號,25.01980601,121.55812,15916445.7033268,11113815.233943075,13486850.5342802,16723238.491042687,18652834.30557609,20876924.84745417
臺北市信義區松德路２８９號,25.03222099,121.57474,18266625.640039477,16001928.580916887,16806505.259165313,18270056.947514925,19675832.343088195,21516270.944707446
臺北市大安區忠孝東路四段３４１號十一樓之４,25.0415600207828,121.557350010405,24784417.148019176,21164116.867910005,22520481.808192812,25053816.0847518,27455275.758784473,28853996.83805341
臺北市內湖區星雲街１３１號四樓之１,25.08096699,121.595857,33683532.769462205,26756697.818384293,31042689.657438003,34635753.32465294,37869309.57835326,41006640.57717386
臺北市士林區葫蘆街３０巷３８號,25.0812200014858,121.509999968815,7187139.538948147,5100413.911920933,5713278.38534107,7054673.836460054,8890306.962596707,11018193.586134607
臺北市文山區興隆路三段１８５巷５弄１２號,24.99594,121.561315,14006317.893630985,12083315.440018632,13230261.798812615,14264693.012363182,15323721.546011738,16472196.119651105
臺北市大安區溫州街７０號,25.01998999,121.53284,29487404.042280383,25740195.781169564,28246230.69182231,29874635.18144595,31998046.512732625,34899957.768593505
臺北市大安區忠孝東路四段１８１巷３５弄４號五樓,25.0438800058532,121.551059978805,35295367.00118509,30404819.378316678,33620442.87813482,36267547.543183625,38539060.711900435,39933684.893694505
臺北市大安區敦化南路二段１７２巷３４號四樓,25.0240299827531,121.546780011406,20831467.079498917,15901197.066461831,19434735.620043516,22253548.03587166,24116223.48687101,25794083.087316304
臺北市萬華區漢中街１６０號,25.04116301,121.506566,18646782.155106008,14645581.61003302,17072056.649770025,19453630.32708578,21178821.590732843,22586962.68414133
臺北市中正區羅斯福路三段２４４巷９弄３號二樓之１,25.0175690167436,121.529847486963,18893974.024899345,15136109.437528273,16568032.238242736,19097805.755651996,21347250.27380235,23105391.84342541
臺北市萬華區德昌街２７４號,25.02302001,121.491977,15366259.74236315,9451239.469949715,12340642.63382453,15837644.902234934,19830669.001867067,24488728.804734092
臺北市北投區中山路４７號七樓之８,25.1388499863161,121.511780033592,6794080.617128101,5940424.133548416,6320522.946333351,6749504.690102404,7311342.346965572,7808624.835250889
臺北市中正區林森南路９７號,25.03803602,121.521563,48471012.01713361,37469911.12409189,42241224.7689006,49606668.22450985,57748160.5914973,61891971.30807596
臺北市中山區民生東路一段７０巷１２號四樓之１,25.0572499796083,121.526339986141,13648836.692708474,11750526.113404907,12776462.911074547,13742969.02761605,14625486.923805784,15393958.182109319
臺北市士林區雨聲街８３巷６號,25.104416,121.52872,18254484.746439457,15886231.2849098,17367193.72198971,18469240.08933928,19570084.044248894,20665470.998374794
臺北市士林區中山北路六段２９０巷２７號,25.10931798,121.526651,7922067.617262118,6771476.902512672,7688018.654155006,8224208.4374747155,8691481.095379578,9284715.073950827
臺北市文山區景興路２５８號六樓之１,24.9901600112161,121.542740017894,10301119.520589635,8386965.124432309,9599381.778060138,10446746.99849955,11402652.184218677,12571573.771899883
臺北市中山區林森北路１１９巷３８號二樓之１,25.050322,121.526532,11554029.703030068,10273930.88342039,10865464.990729304,11542197.806127748,12128211.064556072,12912842.533372711
臺北市中正區仁愛路二段６５巷１３號四樓,25.0393599807468,121.530409986866,28128343.38395435,25014302.245752834,26921447.33291982,28412604.492186747,29543577.46523265,31048084.5896034
臺北市南港區中南街１１７號,25.0522446,121.615284,15003629.007972501,11115181.436898598,14047108.089474207,15558250.042530006,17113418.841862388,18901798.02523917
臺北市士林區士商路１４９之６號二樓,25.0940800202517,121.517460030279,35566111.45104726,30828068.262799114,33059579.232615143,36138977.18262915,38481862.24560647,41144918.494328074
臺北市北投區大業路５２２號十四樓,25.13469801,121.496611,32582875.266339228,29752150.630652186,31281667.06783398,32926308.411706354,34360610.2694053,36378220.02641991
臺北市文山區興隆路三段２０６巷１０弄１０號四樓,24.9977499921796,121.558639985304,14508609.229573607,11973547.835633958,13352081.420389954,14686676.223697845,16172472.826650603,17414702.643285528
臺北市內湖區民權東路六段２９６巷１１號二樓之１,25.07217999,121.605819,17267704.74688461,14117632.58641422,15390130.245102854,17243993.603978362,19383474.38835112,21120149.21109496
臺北市士林區天母北路２之２號四樓,25.1198200067132,121.526320037211,13915173.874450307,10505071.263743166,12403190.617301386,14463783.295278814,16561109.049740875,18004955.999565575
臺北市南港區重陽路５８８號,25.06292302,121.614597,24825163.927600488,20981796.241335195,23576296.84815222,25676062.981274474,27255746.266966175,28534524.33213861
臺北市中山區林森北路１１９巷８１號二樓之３,25.05035,121.527739,8275061.895894013,7318678.672329906,7908697.294823578,8461517.914759595,9129744.856302748,10151588.164782897
臺北市士林區天母北路２８巷２１號四樓,25.11972941,121.5256235,32806611.922883157,27983856.846038494,30372936.31623528,32536555.734028984,35972596.65692923,39147197.48744629
臺北市士林區芝山里芝玉路一段６６號,25.10405101,121.536285,6030544.318061287,3732663.6919398117,4547801.497337477,5542212.021018783,7489847.3108688705,10447555.027463231
臺北市萬華區青年路２８號四樓,25.025810005621,121.505160006464,19773614.54568876,18096127.881932065,18757011.18568149,19690246.106907047,20887525.957464963,22083122.8196143
臺北市信義區忠孝東路五段４６９號八樓之１,25.04103401,121.577216,31237044.429253686,24475102.334452696,27412255.265575215,31825698.400958017,35295842.40486747,40196992.62692773
臺北市北投區明德路２６７巷１０號六樓之１,25.1146000088726,121.521770004892,31324814.314068098,25003020.950958233,28409169.420504868,32316167.534203175,37709360.84924487,39857179.557416335
臺北市中山區林森北路１４７號七樓之３,25.05150699,121.525349,6038535.386161181,5041569.957921734,5574671.123745026,6059092.24374741,6520471.776370123,7222706.453164687
臺北市士林區忠義街７１巷３號三樓,25.1059800177375,121.533359997688,20184496.105491728,16047746.334910667,17991717.3003884,20115358.20289487,22722950.223593574,26527113.45654645
臺北市士林區社子街１１５巷１３號,25.0883700163515,121.50611001137,6939316.772122567,4772981.19073859,6008083.4599497,7486817.871646236,8271740.996419474,8927552.451259317
臺北市中山區民權東路二段９２巷８弄１７號三樓,25.060863,121.531027,20974194.983379655,17563733.565918714,19118686.674967527,20576251.87023383,22605995.749110222,25787100.72503651
臺北市北投區明德路３３３巷３號,25.116138,121.519973,2449308.1598177515,1718249.3287117963,2245687.0362664913,2471807.4146489957,2773158.8954017386,3543910.6337608444
臺北市萬華區環河南路三段４７號三樓,25.02635902,121.490138,8068125.673424481,6287632.881602334,7444955.303086862,8361835.728072216,9016665.09434059,9478612.68014749
臺北市文山區忠順街二段８５巷１弄３３號四樓,24.98528698,121.564466,25994179.21309161,20079650.295045577,22351818.640277818,25634582.483798802,29984900.0047769,33946101.13534686
臺北市大安區瑞安街１３５巷２６之１號四樓,25.0264800130513,121.541520031887,35060125.70720503,31010840.49058428,33840482.121737376,36101194.58450574,38283394.9370146,39973074.19361767
臺北市內湖區文德路２２巷４弄８號,25.07817498,121.579911,14851221.297033878,12949311.108828902,13985514.048137119,15127753.975258034,16232532.149896841,17342561.128505744
臺北市北投區北科路１９０號十三樓,25.10455402,121.5168609,59719233.38831814,51812774.34414871,55495698.74844718,60953357.688131146,64429321.82946163,67280677.34573798
臺北市松山區八德路三段１２巷１７弄１５號三樓,25.046727,121.55127,19749129.05304689,15832863.391073432,17680659.60547996,19650762.670990318,22280783.84391465,25710225.337202683
臺北市中山區復興北路５００號六樓之１,25.062720683849,121.543981115059,15658830.598175151,9852626.401321813,13082785.22282731,16848088.469222218,19974580.222464062,23577163.011536118
臺北市中山區中山北路二段７７巷１２號五樓,25.05738602,121.524161,23889676.97622958,21442669.774430797,23192072.73727484,24318559.29837753,25386484.429318003,26281454.566817112
臺北市中正區中華路二段３４３號,25.02719729,121.506862,7679791.76591258,6287659.687495407,6949640.701946646,7774731.550287313,8504046.119987316,9282152.26246675
臺北市大安區和平東路二段２６５巷６０號,25.02811901,121.544005,27107668.74575053,21568923.556305412,25151732.065357603,27693646.5286593,30124182.5471924,33035093.51301742
臺北市信義區松勤街９號十九樓之１０,25.0321900169515,121.56103997564,16389155.329430507,13750497.666913673,15172134.276754804,16385657.763784155,18028426.645423446,19452780.965988882
臺北市北投區新民路６２巷１５弄１號五樓,25.1394119792603,121.511163429971,14816984.362994267,13547512.156130329,14183731.636302855,14824262.258809013,15503545.311108852,16323115.78177147
臺北市萬華區長泰街７３巷６弄２０號,25.02226299,121.499845,12001507.667016614,9810633.391966585,11058111.686917115,12324607.344382253,13508121.528416762,14883695.89291459
臺北市松山區八德路四段４４５號十樓之１３,25.04992001,121.570422,9755355.076586764,8802807.906178271,9280399.143866247,10058351.284645062,10756857.955020238,11544337.745896276
臺北市中山區中山北路二段６５巷１０號,25.057024,121.524004,34403409.7924759,27115713.580416776,30050532.68208098,34050739.18261509,39005838.242760085,43393972.5796482
臺北市內湖區東湖路１１３巷４９弄４５號二樓,25.0694300164792,121.614960004396,16433364.420672173,11971493.451799296,13930629.711128319,16388156.09671631,19782109.39520392,23459479.205513746
臺北市北投區石牌路二段３１１號五樓,25.1216299948849,121.523089987004,41657487.88875577,34507252.78459446,37929595.95520176,40662752.7577021,44675700.537694946,53503245.45280033
臺北市中山區合江街１０５巷２１號四樓,25.0599000021163,121.5401200026,9579758.534258751,6853088.543152158,7832024.455696729,9497265.858595796,11620696.10327178,13266214.696241004
臺北市萬華區萬大路４２３巷１０１弄１１號,25.0225699809485,121.502019977897,6152936.001730518,5285642.490878385,5654329.85835296,6237562.665827587,6585092.815067396,7190965.716213501
臺北市內湖區江南街９６巷３號,25.0771715,121.5769081,31815444.487986658,28080334.105132233,29474828.23408877,30894146.41697497,33289070.41674638,37828007.05757633
臺北市大安區通化街３９巷１２號,25.03081199,121.55464,15078532.180489423,10251428.531743426,11700866.739866316,15223178.68195905,18993375.691709172,22946494.195357233
臺北市中山區林森北路６７巷１３２號五樓之２,25.04768899,121.528558,20739637.462424975,17817835.854901146,19286818.56984146,20696967.773605432,22664457.429309346,24442963.464641098
臺北市北投區幽雅路７號六樓之６,25.13729598,121.513111,5173710.394167083,3069581.5449211975,4095684.690636301,5461953.947795,6687164.796069257,7841522.171278113
臺北市內湖區民權東路六段２１０巷２１弄３號,25.06685799,121.597875,11967105.532895751,10614333.897105059,11236141.562316835,11828643.399218451,12647225.139633227,13625997.564087044
臺北市北投區中央北路三段４０巷１９弄１１號四樓之３,25.1386600104806,121.48490002448,12834960.908349024,9904584.029903395,11508387.138885744,13500666.499686025,14692331.106011223,15534922.603961032
臺北市信義區松仁路３０８巷９５號,25.0203362,121.5708261,30136460.4827516,20818054.824372306,27018519.26382051,32500897.907228597,36239736.1020447,39527550.75087641
臺北市中山區長春路１９０號七樓,25.0546600134367,121.535160011395,8485151.167795205,6437177.37568767,7349556.437296065,8658830.364013525,9911328.563319167,11297382.285765277
臺北市大同區承德路三段３０１巷２２號四樓,25.07565702,121.521353,21319704.5347084,19071638.304303695,20686471.97275673,22069683.58556159,23365516.801235303,24307988.971863657
臺北市文山區萬美街二段２巷７號,25.00352258,121.5629436,8393643.11628851,6490230.545220897,7720127.257243687,8601966.812256686,9529835.832552137,10634956.87457509
臺北市中山區中山北路二段５９巷４５號九樓之４,25.0559699791744,121.524539972434,19537716.378871202,16658233.223105367,18249376.34702498,19771895.11651913,21433729.90457593,23248836.130976096
臺北市北投區雙全街２０號八樓之１,25.1388199791027,121.501029991312,13651153.060622456,11172083.75839805,12746214.381178334,13964359.456052396,15108318.162954831,16342138.419541227
臺北市中山區敬業三路１６２巷１１９號,25.07954702,121.559489,31569663.817879368,28149487.405287005,29981425.44301154,31704539.530204836,33473099.402753428,36230635.631619975
臺北市士林區忠誠路一段１７３巷３０號八樓,25.1081899903287,121.532270015,31971329.32886434,23807040.869843926,28703954.282490723,34397186.41617596,38105303.04528829,40453576.56879959
臺北市中山區德惠街３４號十一樓之２６,25.0665800017615,121.526249964501,4400619.674162848,3150655.778214018,3995629.4869681634,4614340.408274097,5028576.295383328,5617902.252683964
臺北市大安區和平東路一段１１９巷１８號二樓,25.0269400118976,121.527220002155,43479941.08564824,37423884.79482226,39599998.6267802,43190410.34772445,47836115.45400597,51008215.62212108
臺北市松山區延壽街３３２號九樓之２,25.05644712,121.5598776,54895101.48473591,47212436.56924347,51697614.31698818,55329323.1484177,60054831.05035164,63140795.18482182
臺北市大同區民族西路３３８號九樓之１,25.06858399,121.509445,53792648.657552525,46294950.17367158,50238829.578040235,54462401.530652404,57484691.200885974,61940696.34259682
臺北市萬華區西園路二段１７０號五樓,25.02966899,121.495906,15357637.474098485,10873270.176562365,14096730.174413849,15909547.677706363,18181939.969831098,20885007.26230391
臺北市信義區永吉路１８５號十二樓之２,25.0457500084516,121.572559979545,14926082.433133509,12572726.510291858,13747192.137464698,15334233.554289695,16741456.336348107,17744947.38553709
臺北市內湖區康樂街１０９號五樓,25.07058102,121.619202,14196703.955701895,12231916.568674505,13592133.060765041,14430243.982600428,15305060.871358354,16093218.610552568
臺北市萬華區桂林路２４２巷４８弄１３號,25.0362600176764,121.493919958125,9412413.293570582,6916936.622199465,8134522.670557221,8873328.805737926,10097898.291260669,16421871.504066668
臺北市信義區永吉路１８０巷６０弄２５號,25.04377301,121.570914,16628785.512618702,13722518.789778888,15468299.004409043,16748456.35536476,18401936.595686078,22027161.87915774
臺北市萬華區西昌街１４９號五樓之１２,25.0395399821175,121.500739977463,3148825.4085337445,1951260.4636394037,2325394.156580003,2719683.976012254,4616056.774915553,6114968.820083359
臺北市文山區政大一街３７８號,24.9870199826486,121.587299975374,151734153.3102059,88250748.82964377,99615869.23643428,127605127.63201414,235351352.71775228,407356850.6463778
臺北市北投區同德街２９巷２號,25.124557,121.528616,10794471.540468166,6770530.56718575,9929372.485889288,11377372.302703014,13009902.509939853,14718966.959765099
臺北市大安區忠孝東路三段２１７巷６弄６號七樓,25.0432400056362,121.540029980959,31843664.054366115,28275780.12453376,30694575.663180277,32583306.07068359,34849975.44032255,37186298.99790408
臺北市北投區光明路１５１巷８號八樓之２,25.13526798,121.502045,32631141.57566755,28632955.994555935,30914878.119254023,32645144.658115372,34404470.35312902,38174364.564375564
臺北市大安區辛亥路一段８６號,25.02120201,121.531555,30837781.336351883,21385516.306128345,29027741.818255726,33350042.818796426,35942451.68956248,38718703.70212593
臺北市信義區吳興街６００巷１００弄１０號,25.017648,121.571911,17084795.190378454,12819669.439373918,15837157.640401036,17812793.608489417,20073282.668979112,22146916.964925863
臺北市中山區龍江路４６巷９號八樓,25.0493699847951,121.53932003376,143700207.4289778,100856687.82199879,129814810.76967733,156673146.2824361,165572741.35996658,175590562.61263695
臺北市中山區通北街１１９號,25.08371819,121.5382186,42505254.10420502,30569745.44212383,39190423.95331016,45542161.08201854,50448702.37602877,57819908.922261745
臺北市信義區松山路５８２號,25.0342124,121.5812608,15789913.416429989,13418048.928728353,15163119.703704342,16060127.595273716,16945584.696577646,19926806.29118637
臺北市大安區安居街１２４巷１５號二樓,25.0186399999161,121.551400032617,10871565.71707968,8017801.167277402,9188955.306191536,11312886.276174944,12953124.682557652,13935781.750736522
臺北市萬華區西寧南路３０７號三樓之３,25.0381800183273,121.506440006898,10262135.814875016,8487122.970419604,9155701.543440834,10251879.370454712,11315693.472264377,12180485.341126874
臺北市文山區木新路三段２２４號四樓,24.98153499,121.559242,14156421.60912902,11888992.372947413,12883615.713325027,14034657.88762727,15472235.088234983,17312214.77777063
臺北市北投區溫泉路銀光巷１３之４號,25.13653801,121.513706,13485409.210363414,6689389.410669591,13996190.13127473,15533809.410833783,17394402.897416536,19390733.057948753
臺北市文山區木新路三段３５２巷１號二樓,24.98063301,121.554639,13731001.045813158,12250164.937132109,13345747.686871406,14155841.935601164,14846857.926970422,15629541.586826587
臺北市士林區中山北路六段１６１號二樓之４,25.1069500134825,121.524820011819,20563093.10771316,17263927.704827737,18704609.839318745,20479854.927443415,22598024.30150751,24810090.321511276
臺北市信義區虎林街７４巷２０號四樓,25.0440600072239,121.576109966997,15647604.953967033,13595620.764722794,15033379.43522731,16143331.623235181,17246745.73504377,19166721.738389984
臺北市松山區民生東路五段６９巷１號六樓之６,25.0590400188505,121.558140004779,8302499.429724316,6645028.748654292,7712118.166972882,8499618.64540096,9420581.526702292,10237364.91435977
臺北市大同區重慶北路三段８８號六樓之１,25.06642699,121.513462,27007696.517649867,23122160.339132443,25640633.701546904,27931175.183844287,29944551.26032754,31827497.828550205
臺北市中山區中山北路三段５３號,25.06771101,121.522906,30533652.789556324,25100203.476106867,27981667.534535825,31077903.530135073,34676900.471112415,37873060.44942177
臺北市北投區北投路一段５９號六樓,25.128739986163,121.500049979193,30350579.384948637,26441707.373315606,28632749.961524673,31104509.880630046,32870410.55011284,34265107.96636742
臺北市文山區忠順街一段２６巷２６弄８號四樓,24.982959998298,121.558890017475,10452312.088042885,6085697.313809907,9049527.330264764,11368839.713561729,12884362.282928038,14216197.023459774
臺北市中山區林森北路１１９巷３８號三樓之１,25.050322,121.526532,11571544.451241994,10289781.03378307,10933066.070663994,11554193.614612564,12142158.754767843,12912842.533372711
臺北市萬華區西藏路１４６號,25.030137,121.503854,10585069.170704134,9253884.385897137,9961465.831892462,10679399.752107028,11566294.66335976,12384174.411419842
臺北市中山區中山北路一段１２１巷３３號十一樓之３,25.0509200082398,121.524720015714,22769544.582347818,19065159.968941677,21080062.82785836,23312205.254398547,25206314.614150546,27195529.360347413
臺北市萬華區西園路二段３７號四樓之５,25.03176539,121.497308,27921862.64550891,22987593.487869464,25792749.97571506,28923629.084693123,31522313.441328492,34048085.624453634
臺北市信義區吳興街１５６巷１６弄３號五樓之１,25.0288199889608,121.56093000507,11921816.152294949,9223890.088557959,10677246.269124458,12090884.2589183,13510127.920667218,15832190.683277292
臺北市士林區中山北路七段８１巷１１號十二樓,25.12171578,121.5299873,79608138.8896671,58013377.08258912,70046227.25933963,80303854.96951483,93220854.6135382,113104789.55231282
臺北市士林區後港街１３４巷２號三樓,25.08708876,121.5212273,4869269.766128648,2159144.757504502,2623079.7378752376,3952276.085012456,9966641.85418326,12812764.974191437
臺北市信義區忠孝東路五段７０３巷１弄３８之１號三樓,25.04259099,121.57887,24014408.260968246,20138174.50919712,22180955.984553054,23939226.496833324,25812701.364406828,28797021.819575813
臺北市大安區光復南路１８０巷１３號四樓、四樓之１、四樓之２,25.0420400104681,121.556820022667,26964486.433364227,23705018.656335145,25766059.07101618,27342207.723578278,28551057.45071125,29530889.631245296
臺北市信義區虎林街１２１巷２號二樓,25.0402299803869,121.576940026869,11334465.600282418,8409290.255331554,9602007.294790126,11120078.295906283,13274840.420790888,16282803.866547504
臺北市士林區天母東路８巷２１號二樓之１,25.11721116,121.5324463,23915888.52057291,19166839.294558283,22183752.80485965,24495344.845647134,27049361.1446211,30586475.29662051
臺北市北投區中央北路三段４０巷３８弄２號,25.13990761,121.4850345,8705296.111732423,4963487.49040378,7370074.638779295,9887293.042264601,11144338.242239248,12117892.885791313
臺北市松山區民生東路五段１３７巷４弄３９號二樓,25.0599699910078,121.563099995983,31151421.743931554,26586739.428810526,29791068.951180596,31927523.333891317,33830536.10281964,35374713.73448572
臺北市松山區民生東路四段５６巷１弄８號三樓,25.0574399973533,121.552039990924,25658187.07762147,23135637.053736538,25783512.825419277,27865955.07189311,29381369.738680977,31607412.207219534
臺北市信義區信義路五段１１１號五樓之３,25.0333199813186,121.57324000335,29721591.76360862,24782719.577223465,27498497.081509635,29861966.5899349,33686083.95305286,37419613.84445882
臺北市松山區民生東路四段７１之１號四樓,25.05804601,121.551202,22275677.79566411,19132523.448839348,21085022.812069654,22709004.533711687,24294370.448938034,26199695.22912807
臺北市內湖區江南街１２６號,25.076294,121.575608,17298861.458721783,15871173.95036219,16671785.089239536,17514848.275274754,18504913.45297047,19883781.344589237
臺北市大安區信義路四段２６５巷１０弄２之１號三樓,25.03377399,121.553951,10210232.10597755,7570155.885268219,8725622.786309347,9754173.812297009,11752880.97515716,15234610.216637012
臺北市信義區莊敬路１７８巷２４號十樓,25.0316700036785,121.560460031759,34882756.17698845,29193127.919075623,31756814.739945848,35139975.730032705,38144236.30880368,41929586.54304127
臺北市大安區新生南路二段３０巷２５號三樓,25.03126398,121.530637,29386152.288752742,24310086.64846783,26531816.798068777,29429135.994042315,32223171.382710613,34810928.44029219
臺北市北投區立農街一段２２巷２弄２號三樓,25.11928509,121.5032127,13666902.543733668,10514964.247060655,12304760.414318237,14145230.053182181,15851968.10916869,17887638.259748824
臺北市萬華區民和街１００號七樓之１,25.02548299,121.497528,21267900.593028113,18501796.105616592,20283463.11394578,21762399.996207908,23077368.30748023,24642367.755504537
臺北市文山區和平東路四段８８巷９號,25.00498198,121.567168,20061566.30791407,14167543.926587677,19249355.18471973,21545609.97918257,22733776.72693903,24384065.7073434
臺北市中山區民生東路二段１４７巷１１弄２４號三樓,25.05983999,121.535878,18685444.518787995,15614459.736910818,17099638.337517813,18880885.46428754,20680176.682686053,22907400.427769903
臺北市萬華區康定路１６６號十二樓,25.039449,121.501804,28520219.119479008,25050984.422710955,26483970.29436956,28362317.479419623,30388454.552522928,32510424.651301198
臺北市南港區忠孝東路六段１８８巷１３弄２號,25.04797201,121.586972,15669879.401596013,13046386.721284717,15059083.801815277,16034812.382214379,16932160.386739366,17925030.80031412
臺北市中正區水源路７７號,25.02114699,121.519977,38316660.87294442,34541523.900688484,37020544.840352,39027176.05421322,40739514.2538796,43841683.42341429
臺北市信義區和平東路三段３９１巷８弄７８號,25.02140599,121.558444,10155223.483125184,7903680.250244002,9052674.72632493,10365398.152528184,11262694.150129568,12763601.717427835
臺北市北投區溫泉路３７巷２６號十三樓之２,25.133750017329,121.50329997833,8161093.242802246,6530515.8175485805,7308058.600973335,8171565.6519230055,9000883.826261299,10304282.937047211
臺北市松山區慶城街４６巷９號四樓,25.0551500194963,121.547309999143,4459244.929632806,2938966.208906397,4043672.9466292043,4511949.87248221,5239520.868357405,6779419.38079755
臺北市北投區稻香路１４０之３號四樓,25.1426899876179,121.489439998516,4127953.897366047,2401437.641480984,2957081.042514544,3987688.1609516502,5563833.227007832,7483299.876006646
臺北市北投區泉源路３９之３５號七樓,25.1412200113485,121.506140018583,5396453.446692017,4792049.804037128,5115350.553978007,5366418.070573105,5708330.4132417645,6435162.902540223
臺北市萬華區康定路４７號十樓之３,25.0413099886111,121.502309991746,6514037.538619556,4410286.451450472,5114150.227398291,6327796.853209946,8197643.013844331,9994370.637459802
臺北市中山區民生東路一段７２號十二樓,25.05792699,121.526486,20686597.245669004,16847271.22122097,18937607.35411609,20804569.93837526,23404117.34050548,25552673.925627075
臺北市信義區忠孝東路五段７１巷３弄１３號二樓,25.04164501,121.567947,23678596.586621426,19929876.355376806,21568240.706907347,23264203.887869596,26050396.73443272,29166002.01209213
臺北市萬華區大理街１６０巷２４弄６號五樓,25.03247898,121.494146,13046595.805026056,9506991.611076178,12400477.886203378,13743356.05091035,14972637.649009574,16298946.578604195
臺北市北投區致遠一路二段５７巷８之１號三樓,25.1119900099523,121.513040001277,12593471.175265372,10293231.3556971,11630750.327128397,12997418.886227354,14514800.141248487,15794677.355981778
臺北市中山區吉林路３６９號,25.065069,121.53051,7556324.365614584,6404747.99882753,6973767.470465482,7540272.876074219,8240999.465621799,8847790.798445363
臺北市士林區德行東路３３號六樓,25.1102500106721,121.537720012263,5583772.274630612,3194396.186227866,4510653.079404537,6296823.620967802,7093000.761879391,7955861.1279153805
臺北市萬華區萬大路４２３巷２８弄１９號,25.02007174,121.5005175,23951585.730977334,18353671.383370694,22546716.970481157,25017332.21729886,27767128.972842537,30647894.29446512
臺北市大安區安居街６０巷１１號三樓,25.0204400136231,121.553470027425,18090579.060646188,15715414.806593783,16639565.792092074,17923480.474583667,19609399.22668926,21963142.947975084
臺北市士林區基河路３００巷２３號五樓,25.0937200175103,121.518610027395,47054308.64439179,39035751.84080652,44895577.10413641,50046750.74281967,55135102.6887992,59972650.37818256
臺北市內湖區康寧路三段５２號三樓,25.071757,121.608831,18406867.221135557,15632768.724659504,17085596.77972418,18377500.82226241,19777770.626727458,22311535.226513043
臺北市中山區民生東路三段８８巷１號十一樓,25.0573000195703,121.543149976778,25858163.300585385,23238961.08949756,24597412.351935033,25986047.609755345,27410824.688269537,29236599.737435848
臺北市南港區重陽路３３２號四樓,25.057943,121.60641,22762534.666955333,20361892.51089508,21593532.002032124,22778612.498720303,24084890.558462255,25587778.460114695
臺北市萬華區環河南路二段１２５巷１５弄６號三樓,25.0340699940147,121.494169990297,10522736.229952933,7100105.745372561,8819569.507522872,10855884.045281153,12944211.272441199,14311086.609971767
臺北市信義區福德街２５０號,25.03875799,121.585329,22470720.91787669,18537026.55715627,21265817.945245273,22915554.141602557,24461378.46379548,26140051.937360294
臺北市北投區三合街一段８２巷７３號八樓之１,25.1286000083799,121.504330030412,17694203.542360824,14453122.093250658,15661336.917553116,17998666.72619758,20282649.318354223,22134420.70200225
臺北市信義區忠孝東路四段５５３巷１６號,25.04279799,121.562888,12617329.834065495,10075191.355020279,11125412.722183537,12718029.160087224,14531656.328685334,15904915.859056352
臺北市信義區吳興街６００巷１００弄１８號二樓,25.01756502,121.572149,15905099.354432609,12603810.414147677,14580626.548090369,16445226.831790691,17866748.289897796,19954762.86445688
臺北市內湖區康寧路一段１９５巷３弄５號五樓,25.079049,121.597047,6487935.161241404,4386448.3305902695,5390723.120447475,6391105.81213,7916745.519151773,10196172.482164873
臺北市萬華區德昌街１８５巷２７弄１號三樓,25.02237099,121.494472,12505069.001209702,10308893.292429524,11373719.033795005,12740922.996882588,13835000.848670732,15216505.054792458
臺北市中正區和平西路二段１６巷６號,25.0279388,121.5134785,13500504.098763684,10595565.1176553,12264502.069172606,13655430.336344002,15427221.88151135,17563161.765816357
臺北市萬華區康定路１０５號二十二樓之１２,25.0392682,121.5020232,11767800.782045435,10621015.295022337,11183373.442942435,11777390.895610198,12306941.296948794,13022737.888924303
臺北市中正區臨沂街６１巷１６之８號四樓,25.0365699804558,121.529729963061,16697264.517025514,10831496.61123877,14274378.834248839,18013718.47829354,21189034.76380801,23817986.430462323
臺北市中山區雙城街１９巷８號二樓之１６,25.065328,121.524851,9699735.493631506,8612212.497404052,8977452.872422993,9654399.435022369,10454820.976264765,11341421.943485145
臺北市萬華區雙和街１１０號二樓,25.0277399807366,121.500909962459,5690610.799371463,5015385.441624158,5434652.509399429,5810897.106136082,6178849.708519394,6379397.516584949
臺北市松山區南京東路四段１３３巷７弄３２號三樓,25.05276399,121.556359,9597053.22440875,7391901.861886685,8678018.731553335,9773911.596687522,10705627.48057649,12089737.389604136
臺北市內湖區康寧路一段７３號,25.08004498,121.592695,18066950.375404138,15097076.523868706,16641253.022208678,17781205.54351355,19603151.720680833,21385175.913656138
臺北市松山區寶清街１０１巷２１號,25.05295878,121.5683347,14360740.54863533,8210781.234500318,10863133.772613091,15131950.96609796,19738928.79726783,24091076.608146086
臺北市大同區敦煌路８８巷１０號,25.07559109,121.5168612,21042896.715266153,18518029.89179299,20055051.517048795,21532393.27495151,22862277.417962655,23844199.155668303
臺北市內湖區新豐街８８號三樓,25.06057969,121.5838239,30066324.345032755,25409611.23664932,28314614.032425053,30939896.61210793,34299915.09392991,37067946.370902926
臺北市北投區中和街２２８號五樓,25.13921799,121.501698,13076722.883556858,10594648.518604208,12041422.431230497,13379553.10151615,14567182.39463849,15973666.413653068
臺北市北投區行義路１８６巷５２號三樓,25.13336998,121.530513,9747377.009618137,7805604.049316467,9115383.879170515,9949642.105163937,10960910.921012713,11801407.893419113
臺北市萬華區雙園街１２號二樓,25.0292700133423,121.494720010783,10568263.65758422,9056737.897978783,9981097.481775071,10712525.766574994,11460129.389734145,12358049.003303416
臺北市士林區至誠路二段１７號四樓,25.10211399,121.530017,21637248.61705407,17603401.47365471,19376734.76451078,21289216.71323421,24780037.44487744,28186229.192260686
臺北市松山區民權東路三段１６０巷１號九樓之６,25.0615799869697,121.548050037375,14995940.553652056,11120520.227059936,13201246.053081516,15468317.422297545,17585218.291671216,19625145.631577276
臺北市中山區新生北路三段４３號三樓之１２,25.065407,121.528041,10838445.099792954,9284272.686361268,10056230.103596862,10880241.12353273,11738402.021041038,12629878.761411617
臺北市文山區汀州路四段２８９號六樓,25.00148295,121.5355503,16371408.228455942,9355000.503585154,12193749.511034533,18292965.66922566,21289035.046806898,25177642.086915426
臺北市中山區林森北路５０號十一樓之１,25.0634199823548,121.525990041683,14123320.888107758,10914533.158851497,13001600.323434029,14625554.92453885,16101809.460601466,18310297.34838227
臺北市文山區辛亥路四段２０９巷３６號十六樓,25.0025700056006,121.555500040555,23604248.04488434,19864621.854113266,22036654.05384981,24269764.836528722,26114707.64631179,27740395.471458856
臺北市文山區興隆路三段１８１巷７２號七樓,24.9964800081199,121.561940024403,34821159.310946025,27414521.896339193,32166345.213648517,36255290.389172584,39407480.23902897,43779800.43781592
臺北市北投區懷德街６７號二樓,25.11327802,121.519522,15202889.295928352,12695375.299627852,14513415.228250174,15817191.720318757,16929130.625004087,17914310.734561883
臺北市文山區木新路二段１３號五樓,24.9839799920954,121.569109988198,9026110.099728491,7159217.480373515,8326591.861023052,9595730.30031834,10442868.100731792,11084856.668630261
臺北市松山區光復南路３３巷２０弄５號,25.04660601,121.558958,16498867.993165134,14670459.108326422,15582284.959456442,16578973.816394482,17563801.912153337,18865419.730913214
臺北市文山區景華街１２８巷２４號二樓,24.9947100016264,121.54757000578,14155445.48188252,11722722.801556494,13337272.08520057,14408986.952290954,15619881.883790776,16873523.4886186
臺北市中山區南京東路三段８９巷１５弄１０號五樓,25.0532700005236,121.538809994952,27045967.044519395,21991824.512033127,24926425.443271987,27365436.57669173,29964928.453477748,33470879.05106345
臺北市士林區芝玉路二段２０巷１１３號六樓,25.1112700044696,121.53565999192,26588611.30363694,17359982.838460784,20331740.02708772,25397669.857549336,35469378.00176647,45997170.97062518
臺北市北投區稻香路１６１巷１號,25.142211,121.488969,23826515.277731106,20530379.982785843,22187723.73619943,24422482.422802523,26081508.506264046,27274497.712962534
臺北市松山區南京東路五段２３巷１５弄５號四樓,25.05295099,121.557807,20673193.747075863,18032872.27254628,19498599.090466417,20891509.174129277,22455935.05340007,23810633.539078902
臺北市南港區忠孝東路六段７０巷２１弄２６號,25.046187,121.585361,21263141.844322287,17976136.725462735,19508884.346017107,21618096.266569242,23325929.46084689,24721910.982155368
臺北市內湖區內湖路二段１０３巷６６號九樓,25.08285699,121.58099,32209716.95823491,27838487.41870208,30041477.46853359,32160923.07001146,35369232.46041517,38218488.76771038
臺北市北投區自強街５巷６１號,25.11103699,121.51189,31680498.798129413,24811596.46238962,26853013.91717785,30592884.110914987,36004979.51849417,43638526.91796724
臺北市內湖區民權東路六段１５０號三樓之１,25.0684899860381,121.590470011155,50391079.820135295,43288518.080964975,47766817.31034498,51066238.85760817,54316304.43202211,57348421.78352253
臺北市中正區汀州路二段１２１號二樓之３,25.0250799837639,121.519279992915,12094504.145416968,10690891.87963733,11344212.392370613,11915187.01182073,12887013.602946568,14153006.791958855
臺北市內湖區民權東路六段９０巷２５弄１７號三樓,25.06707001,121.586583,16137245.548064701,14549493.231858537,15445650.064356497,16240829.391847951,17006698.277870994,18026688.95745804
臺北市中山區復興北路４４８號六樓之８,25.062720683849,121.543981115059,11666561.04110077,10454832.69929567,11231097.130169831,11674715.360719731,12398856.507902779,12801673.018203015
臺北市信義區松隆路１０９號,25.04637501,121.571014,16119752.151644928,14035816.701599978,15501313.176164292,16439100.623134624,17511869.057160255,18660538.222013343
臺北市內湖區民權東路六段２９６巷４８號十樓之１,25.07111599,121.607754,58319253.6388337,49945567.343608096,54364509.2284608,59969797.98953714,63480221.52061941,66336380.10120715
臺北市大安區仁愛路四段５０之２８號,25.03760062,121.5473785,22472087.054480314,17651291.858215142,20197636.131349538,23622714.937397353,25687460.217125166,26916644.59609074
臺北市萬華區中華路二段６６６之６號,25.02415999,121.5111767,8281623.993066877,4390818.442905769,5586160.959694069,7488845.860827124,13997466.595229715,15790526.445315037
臺北市中正區汀州路二段１２１號四樓之３,25.0250799837639,121.519279992915,12069764.947230084,10603948.327562267,11329057.69886062,11939535.228230506,12862637.755164783,14032057.278007073
臺北市萬華區中華路二段５０６號,25.02584198,121.507873,11528916.96184906,10526130.832025938,11045035.039780635,11622870.01470154,12110745.404412974,12691425.986933453
臺北市萬華區西寧南路６３號十樓,25.04639998,121.50712,12881508.292508926,9890165.86989599,11690001.514235307,13695874.537618205,15328930.88466563,17079626.530909274
臺北市大安區八德路二段１０巷７號二樓,25.04427898,121.53447,27915427.072274387,24528180.435000345,26496572.618499666,28277705.755668096,30013152.997697093,31915435.11928458
臺北市文山區久康街１６９巷６號七樓,24.9911300069611,121.568359975502,19251155.337421577,16574268.827263335,17858741.164006475,19631559.373173777,20979721.11291789,23031746.80634912
臺北市士林區文林路５３０號,25.0972599885879,121.524100006336,45973952.32513879,28805093.277562663,35714484.47331536,50935064.924616635,59333784.67617264,66389617.99218663
臺北市松山區八德路三段１０６巷８８號九樓,25.0454099965493,121.554209981837,65750615.51762074,55862273.99210085,62681266.50659246,66640321.96160893,70079786.6938334,76550795.08730708
臺北市大安區忠孝東路四段５９號,25.04179212,121.5458064,19328691.017419785,15747435.693298997,17571110.959445797,19415853.82142528,21618128.331778936,24947114.80283854
臺北市松山區光復北路８５巷３３號二樓,25.05057262,121.5595659,30255878.03697808,26258086.69266312,30125557.702683218,31505331.470985603,33188784.99789842,34697190.247150816
臺北市中山區新生北路二段７３號七樓之８,25.0567100174058,121.527859960463,4792531.334134397,3398059.4624071782,4475907.899693717,4899668.011482236,5514558.186448099,6209297.600848874
臺北市中山區中山北路二段７７巷２０號十一樓之１,25.0573400012485,121.524790004606,38590247.37458746,29176601.49889937,33876519.30034849,39211726.73245935,44602294.702926114,49836073.0738734
臺北市文山區指南路三段４３號,24.98437692,121.5799312,13273444.329493683,10027996.107245378,11825728.652480436,13450819.412513738,15133297.226459207,17193081.399754386
臺北市士林區天母東路８巷２３號四樓之１１,25.1171900169538,121.532110004468,14215441.521170348,10729571.064031186,12498265.21630764,14845343.524598636,16661581.975037843,17921842.66431225
臺北市中正區水源路２３之３號五樓,25.0170699856323,121.525180014561,18748318.65137651,14392682.654163703,17157068.326219168,19851610.745208465,22185809.440035246,25382766.43501391
臺北市士林區福德路５７巷１８號三樓,25.091876,121.522054,18884829.075771984,15020423.284424718,17094936.780195747,19104694.12008039,20997782.893831637,22743578.443419565
臺北市北投區公路３０１巷５號,25.1323027,121.5026806,22857950.15839444,19483294.988596387,21215541.799300686,23030592.645777773,25297298.306552615,27510645.60290175
臺北市中山區明水路３９７巷７弄４６號,25.07795102,121.550349,10637477.562707216,8972039.832698474,9984089.097386837,10680147.73991093,11714201.348944446,12893791.165549772
臺北市信義區吳興街６００巷６０號五樓之１,25.0197599898184,121.570280018062,15678642.843134567,13997691.653246876,14758085.965744467,15620889.519806122,16642624.551816983,17365180.308615834
臺北市松山區三民路１８０巷６７之１號,25.062696,121.565468,17999472.895239823,16291706.360819982,16971931.65596355,18002597.9403193,19108636.209616717,20104589.601809684
臺北市松山區健康路３５巷６號十樓,25.0537799974223,121.554249963516,37887477.37810246,33585904.4727635,35883656.91398015,38164067.11243382,40473605.58727294,43460662.195354834
臺北市中正區杭州南路一段１０１巷２６之１號三樓,25.03736798,121.526862,29790206.62878864,26783842.62512422,28361604.23952226,29608388.84820328,31385352.997045398,33031636.305043004
臺北市北投區中山路３號,25.13704499,121.505195,12491701.386693224,8628110.340059794,10648975.119157262,13474165.907108705,15741477.875193417,17382412.90906363
臺北市南港區福德街３２６號五樓,25.0395899801699,121.588319969172,41151057.70187357,34942482.50500043,38693150.514258936,42462867.249174535,46230342.31517698,50158614.789231576
臺北市南港區研究院路二段２巷５４弄１號四樓,25.04867701,121.612923,17065771.337501936,14308420.935492313,15933735.546606721,17527898.81900146,18715087.90879587,20670265.414773323
臺北市大安區四維路６６巷２號,25.03459298,121.548001,47951609.632106364,43461066.775196545,45729451.69187674,47692359.05744183,49951448.55966066,54376101.82831053
臺北市大同區酒泉街１０巷２７號八樓之５,25.0699400133779,121.519340007342,21824590.558506206,19110001.00683274,20676026.1096183,22208125.07556024,23343230.007239915,24722446.225104254
臺北市北投區溫泉路７１號七樓之５,25.135646,121.504801,7257295.2642532075,5576578.828391671,6564711.332732119,7467045.499226082,8141844.317760933,8833497.530834146
臺北市內湖區星雲街１６３號,25.08125998,121.596442,19603249.83778316,15573495.050285514,18514496.335743126,20661558.87466897,22062220.765299782,23580280.321957298
臺北市文山區景福街５４巷５弄７號,24.99964099,121.537513,22144003.4487048,17528880.10183552,21117893.502001375,23212959.42751333,25119476.952976584,26482799.06419406
臺北市大同區重慶北路二段１２３號三樓之３,25.05774099,121.513886,29453775.347755518,23048366.2000697,27404793.23085343,30706297.808030214,33437691.252914783,35833253.85161946
臺北市中山區建國北路二段８９號,25.05862302,121.537446,7143757.832732113,4854522.767885052,6443395.087872038,7698711.201521514,8416708.687290877,8955911.845857786
臺北市內湖區安泰街１２５巷２３號,25.07716371,121.6171363,12594745.183418209,10534332.399069063,11803373.006984802,12539167.636340512,13623190.226386093,15040027.627550228
臺北市松山區南京東路五段２５０巷３６弄３４號六樓,25.04959001,121.567371,18655511.06313755,12879742.4196576,14348521.554790486,17986994.482705638,24073956.286472876,28978342.91962576
臺北市中正區南昌路一段７之１號三樓之４,25.0320600136333,121.516710017583,17212186.732529335,14235445.132781025,15621816.562388543,17131015.069823664,19000503.160527073,20776060.68350209
臺北市北投區崇仁路一段１３１巷２弄５號,25.12435202,121.502393,14308848.169320874,11248525.519979576,12664318.912846014,14864223.801206686,16495906.019132325,18008299.351194773
臺北市內湖區港華街９９號,25.08353299,121.573727,19507908.38378179,16704492.71820841,18189960.643049464,19817541.603973527,21166247.310069032,22790112.90000098
臺北市信義區紫雲街６８號,25.01604798,121.577321,55385933.05945475,33065076.100496843,49854534.30330976,54962754.39759391,66581535.77349365,86363599.55881006
臺北市士林區天母東路１０５巷５２號,25.12045751,121.5350761,18864209.28282104,15710080.903655404,17064205.270398755,18629543.42264167,20283241.796279673,22918845.269037757
臺北市北投區吉利街３１４巷１號五樓,25.1178200007965,121.51123998757,24500168.874359295,19980071.55535146,22201623.177493215,24836598.668290548,27185106.168602493,30012616.116000827
臺北市中山區林森北路９６號,25.04992101,121.524667,7601347.32081007,6320591.693866546,7018891.979385455,7659449.253618154,8243386.023950035,8760079.933281004
臺北市中山區農安街７７巷９弄２２號,25.066126,121.529162,10230378.634803748,8164198.654507536,9204456.762095738,10259546.398607017,11305078.856980678,12461307.588991849
臺北市中山區民權東路一段５３號,25.06292,121.524841,22625046.326197818,18011317.764447905,19951972.465852175,22791328.356240395,25341663.20321366,29949211.228070848
臺北市松山區富錦街３４６號,25.06040128,121.5574181,44724777.31182735,38964088.93213157,42491321.51022571,45494219.89627328,47513235.820867814,49306958.50334942
臺北市中山區龍江路３４２巷４２號六樓,25.0654699863239,121.538689966099,22961613.69865448,20002489.253824208,22502491.085767332,23548557.927546542,24798690.049255203,26044095.74219678
臺北市松山區塔悠路３２３號,25.061467,121.568938,10260556.198919756,8691591.909357373,9651655.572211323,10498443.35487937,11235752.711736321,11921960.658756262
臺北市萬華區東園街６７巷２號五樓,25.026660014422,121.497819973853,12380405.535809115,10030585.216184124,11476794.502379425,12672100.504123332,13658641.24793816,14836761.334059017
臺北市信義區虎林街７０巷１７號,25.04418402,121.576358,23263112.67146938,19997123.65328928,21547556.4730442,23139339.38253139,24633844.91497856,28303658.76169896
臺北市南港區南港路三段２２５號八樓之３,25.0513999979251,121.580420025429,21902382.709611185,19292760.06105767,21162374.34305656,22588175.217637584,23610224.71915625,24694859.843134712
臺北市中正區晉江街７２巷３號二樓,25.0235900166554,121.52354998585,22370092.909385398,18769027.053091317,20242093.102924705,22272716.494526424,24916767.973976985,27051133.39386953
臺北市萬華區國興路１巷３號五樓,25.024319996603,121.509169992762,12926304.476498062,8683143.008602126,12591533.171019902,13995221.23295176,15284395.815836284,16303513.844601758
臺北市內湖區民權東路六段２８０巷６９弄２號,25.06926598,121.608464,19079221.764655985,14940381.173888955,17315446.370488953,19615870.668058917,21594418.9368748,22913880.150140677
臺北市信義區吳興街３６１巷１弄１號四樓,25.0264199986246,121.566489972904,17737840.95224031,15598182.180126179,16801954.03085408,17830933.02994987,18848382.85766432,19943217.9379568
臺北市內湖區五分街７２巷７號四樓之１,25.066840008398,121.616430022575,12789864.302459003,11398035.808546599,11767014.455223832,12594467.048681602,13803024.611371147,14838536.595018806
臺北市中山區林森北路３０８號,25.05611,121.525272,11388630.010538764,9689415.205998607,10630993.128011264,11431714.876873609,12005755.04804437,12840568.886567371
臺北市信義區莊敬路４７８號,25.02648102,121.568168,24552675.629319407,20886971.426904015,23206237.820043504,24943336.515429348,26489294.205140017,28024920.319689855
臺北市內湖區成功路五段４０８號四樓之１,25.0759542,121.607603,29710829.75092783,25799887.28251621,27993719.125184666,29673812.36692757,32367257.5016482,34803416.64125561
臺北市士林區福港街２３３之１號,25.08459301,121.517662,18472426.459820904,15973610.759183707,17359766.754093647,18610004.793282565,19785533.746115934,21310791.00795351
臺北市萬華區和平西路三段８５號十二樓之２,25.0353699852877,121.50165000069,20082203.32075496,16894848.884796463,19027473.523707766,20779854.7852521,22012215.4296399,23409206.130173393
臺北市士林區美崙街６２巷２０號,25.097622,121.522717,18117372.46441543,15458272.52528835,16859061.742938194,18397603.010753453,19942395.28442032,21026434.361431625
臺北市松山區敦化北路１４５巷２３弄５號六樓,25.0530299847261,121.550350031606,32560403.222866397,28169427.995555833,29919589.40527551,32385743.50504937,35144198.49725316,39471460.57758305
臺北市中山區新生北路一段４６號十二樓,25.04639399,121.531287,22188686.258538466,18345220.71139289,20644824.085809514,23121831.28995122,25233125.363506828,27218393.97125663
臺北市士林區至誠路二段６０巷１弄４號三樓,25.1018500025858,121.528360024806,15956562.301345432,14111674.257192034,15249653.945718912,16246384.702316552,17205195.566998634,18435848.667675763
臺北市中山區錦州街４２６巷３號四樓,25.0595700065883,121.542440029579,10605879.690670485,6943496.895195024,7958482.696956486,10262920.737066863,13960023.444929875,16706984.21842006
臺北市中正區和平西路一段５９號十一樓之１６,25.026780001366,121.519709984548,20800402.264238384,16678501.965302521,18560245.350552324,20904179.09683346,22921401.972673208,27333511.90964111
臺北市中山區新生北路二段６２巷８號,25.05603402,121.527097,49504617.90197414,39054502.240142435,44313825.96865611,50982074.57085462,55362015.1145119,62218203.52494822
臺北市文山區景興路２３５號十二樓,24.991337,121.543756,18442662.066485412,15480088.424919324,17044326.448394608,18388031.613135178,20292499.348128393,22397353.120730966
臺北市中山區復興北路２１４號,25.05642202,121.54358,24971736.543779917,21255542.13025467,24056947.6336693,25591926.740507837,27100076.450732097,29161545.145238582
臺北市大安區安和路二段６０號七樓,25.0306700007202,121.552239983134,60777550.05364668,50475735.69080061,55855197.38875215,62311897.73709011,66626013.39460048,72762287.99727266
臺北市中山區吉林路９８巷１７號,25.0526673051661,121.529423231771,11548102.181564514,8732654.68089832,10047012.027651642,11605366.501354504,13096612.260556087,15144615.64600557
臺北市信義區和平東路三段３４１巷２５號四樓,25.02111702,121.55753,18468503.748951063,16050064.543073729,17046854.90353988,18236425.75178899,19888540.021517135,22379996.750736337
臺北市北投區三合街一段８２巷９９號,25.12909249,121.5040422,18340454.142465048,14764051.376111127,15967034.019792046,18626182.837151114,21011852.969052915,22689161.5942363
臺北市文山區景豐街３１巷４號二樓,25.000140008051,121.545799999286,14004664.416009888,12063878.744411126,13414997.925689254,14466699.049773525,15247507.491716936,16149846.865635458
臺北市南港區東新街２０５號,25.047035,121.594042,11828034.227950383,6989410.893992469,8296846.28936926,11164155.186668033,17589163.565168712,22600973.002305526
臺北市萬華區中華路二段３６４巷１弄２號二樓,25.02867201,121.504625,25630941.483168934,21478740.309831787,24043881.65328496,26022916.17863922,28549139.957543563,31163509.562588204
臺北市中山區伊通街１９巷２５號四樓,25.0489800167498,121.53576996249,12095722.822862176,10719456.590927524,11390838.552633524,11893080.21860345,12589802.494991634,13893788.518006984
臺北市信義區虎林街２０２巷４３號,25.03735,121.575923,19728191.141146224,16833278.47901182,18448978.735207647,19788059.385341212,21469571.013833854,23541995.09286944
臺北市大同區民權西路２６８號十二樓之３,25.0627400004597,121.512010033015,14045183.472865392,11686671.90301364,12758821.230818953,13960930.90741073,15501361.088011347,17134860.15223444
臺北市士林區光華路２６巷５號二樓之３,25.1371399942493,121.541630002457,5966875.716650734,4757870.738905412,5342371.415392634,5720525.3532777475,6630996.473394114,8002207.600454758
臺北市中山區中山北路二段７２巷９號六樓之７,25.05710799,121.522186,13133635.117865069,10864297.48664418,11955541.544644065,13267966.029959593,14690498.263411112,15645760.060697922
臺北市松山區光復南路４６巷３９號五樓,25.0458899862347,121.554880031177,36538931.961733066,32648993.590273656,34685260.80232735,37240547.542001896,38911317.79174251,41145415.038978346
臺北市南港區市民大道八段５２５號三樓,25.05435763,121.6138943,14804805.381356025,12827197.727764772,13840151.10978413,14844053.617023788,15816258.372270463,17025788.227583565
臺北市中正區銅山街１號,25.04017868,121.5261009,26613523.608362053,22299189.26704061,24498830.925439704,26952869.75619025,29131143.462940954,31476189.6950923
臺北市士林區環河北路三段２０３號四樓之２,25.08789698,121.504199,26557846.866092168,21888140.32273835,23683761.210694566,26695852.223991804,30038151.992094576,32498786.287674773
臺北市士林區中山北路六段４１９巷２１號四樓,25.11436301,121.526145,20912037.038776103,17936702.98914567,19622715.563157864,20881108.902558368,22167032.964366935,24139511.949213266
臺北市士林區延平北路五段２８５巷７１號二樓,25.0845099823012,121.507520015122,9424160.287476853,7576018.989697885,8802929.977098953,9681177.886976212,10662879.533831928,11535923.2776284
臺北市中正區重慶南路三段１２９號八樓,25.02388699,121.517001,19999392.13725002,14893173.318275515,19145158.50481052,21181849.345770482,22595962.805118293,24209485.17964605
臺北市文山區萬芳路２０號,24.99587291,121.5704706,13553193.661178537,10270159.711859148,12065754.9027998,13511763.604518628,15762843.69321308,17503212.192592654
臺北市松山區新東街９巷２２號四樓,25.0577699928813,121.56500998026,18120255.51594831,15261451.174811978,16896059.635112863,18718103.050675306,20555534.891616773,21861432.818859596
臺北市士林區葫蘆街７１號五樓,25.0804399815763,121.508689961167,12665735.832106821,10532487.150551237,11452255.749700489,12755188.81254599,14156896.44330094,15546678.554586211
臺北市內湖區成功路二段１１５巷７號十樓,25.065263,121.591498,34609926.45754185,26428667.79247392,29127012.244854342,34806605.487782285,39920435.08313649,44203255.95852175
臺北市中山區雙城街３巷２號十三樓之７,25.0632399809841,121.524599986861,7776897.2904911665,6802543.941629639,7308814.587628661,7816509.004441463,8295572.207159891,8874979.525433494
臺北市萬華區和平西路三段３９８號三樓,25.03534501,121.490921,11140432.154196221,8788217.411016554,10546020.25152557,11515841.860386536,12580300.455192925,13971825.004889473
臺北市大同區迪化街一段２２４巷１４號四樓,25.0594500196443,121.508930018874,12151204.120962389,7840062.899288059,10192416.025429636,12149188.514879644,15447807.437241206,18052675.54050853
臺北市士林區磺溪街４７巷１４號,25.10719099,121.522466,22886689.018210582,20475443.384762786,21420782.6671578,22790815.726061385,24474292.94153432,26149226.244705454
臺北市內湖區港墘路２６巷８之１號,25.082708,121.577682,19655517.870869644,17574700.35194208,18550409.70149497,19699994.997404944,21160567.197872706,22426570.58852882
臺北市士林區中社路二段４６巷９號,25.106516,121.562641,7106312.652212301,4789035.033212878,5607311.159034537,6682690.760384536,9169971.154925972,10993845.947678717
臺北市文山區福興路９９之１號,25.00687202,121.548756,13608550.454748929,10810341.505326768,11969216.641210329,13521647.450828537,15565824.074778913,17292447.68809731
臺北市中山區長安東路二段１８９號九樓之１４,25.04838079,121.5427736,9738408.6525789,8325257.405410558,9145802.52056354,10004216.943601647,10536510.72116724,11218086.751281638
臺北市士林區忠義街７８巷１１號,25.1065600035277,121.531329984558,24594333.520553075,18353169.2798147,21354787.322680622,25775837.30530822,30024953.570104342,32721442.4273237
臺北市南港區玉成街４４巷１１號四樓,25.04832899,121.580833,16674469.62559814,12026202.30771992,14766116.26550051,16997926.196693175,19001255.299771897,22818035.08771602
臺北市松山區八德路四段６２６號十一樓,25.0498299836413,121.574199982721,15981060.483633943,11602187.027739014,13846492.823180113,16640224.081554981,19433163.007492576,21533256.74500996
臺北市內湖區新豐街１０６號六樓之１,25.06078002,121.58477,37283365.09769055,32193544.8529703,35360685.293132894,37901325.516401805,39875931.53628889,42059708.32379188
臺北市文山區和平東路四段６６巷３９號十樓,25.0055051,121.565006,34128921.616984956,27237293.079817787,32486880.572534613,36258421.83335708,41363450.149977714,46464566.93493053
臺北市中山區長安東路二段１８４號十二樓之６,25.0481999968403,121.541360021355,25681256.296170592,22619004.45251713,24253647.607569125,26082767.362986118,27755766.073629335,29948571.6548782
臺北市大安區雲和街６３號,25.02359999,121.529809,22660902.677645393,19259925.627313066,21590998.569463056,23253114.910802707,24635204.899126843,26053605.06211014
臺北市大安區敦化南路二段１７２巷２５號,25.02415399,121.546955,21372668.051380843,17193257.654898558,19551160.947986554,22068011.89709531,23868132.069970783,25676901.66264806
臺北市士林區雨農路３０之５號四樓,25.0986800087144,121.532609984992,18175922.579474315,15129197.628593203,16503616.71135501,18272091.059061285,20227491.663203213,22154853.47216328
臺北市大安區信義路二段１９８巷４２號三樓之１０,25.03018599,121.531359,28170009.876837477,24426884.108095247,26433001.27535264,28450999.309661105,30584345.980421517,33945952.31052186
臺北市信義區永吉路５３號,25.045863,121.569147,22158772.070055798,19957783.434193354,20925890.883236445,22159163.03052234,23441494.868735045,24696651.383498054
臺北市中正區汀州路二段１２１號,25.02511301,121.519284,13861322.225317331,11745226.398257434,12511796.657457937,14023965.768213434,15263230.996529236,16243108.55318103
臺北市信義區松平路３０巷６弄３號,25.0298394,121.5635004,35739042.316927545,29939803.515077688,32578204.635642607,35383884.38217696,38733978.86427881,44903546.48487558
臺北市信義區吳興街１７９號,25.02862,121.562442,9443499.682838205,8017061.316045174,8600594.148816042,9680063.558552096,10445316.730570277,10965713.382611744
臺北市中正區中華路二段３１１巷１０號五樓,25.0284399953803,121.506049996943,5978668.623483241,5290946.365177327,5637661.761243511,6095170.052268634,6388291.652951289,6744367.456834779
臺北市內湖區民權東路六段２９６巷９０號三樓,25.06891478,121.6104643,33417065.02919417,28471380.93705105,30354867.317061763,33512015.049601033,37272334.445459805,40022788.15991286
臺北市松山區健康路５１號十四樓,25.0536600104783,121.555500040555,42071113.02790508,36848664.84004828,39002250.75596718,42409603.517755896,46069164.162566766,48209794.18503135
臺北市信義區莊敬路４２３巷７弄１３號三樓,25.02842399,121.566522,17330023.555667926,15119141.651692865,16169088.826887786,17475478.256494507,18652150.717193633,19967805.184362505
臺北市內湖區文湖街２１巷１００弄２４號,25.0909399916841,121.561120022815,15130209.251671875,12841151.283492513,14374015.707933389,15593083.600126773,16811646.950358987,17849114.002398968
臺北市大安區通化街２２５之３號,25.02613351,121.5532583,22788273.75944468,18721548.204228133,21043529.95371242,23151218.03782537,25702209.137329705,27983044.14342033
臺北市文山區木柵路一段５９巷１１弄７號,24.9882100033519,121.546469964807,14021341.779034156,11803858.396240212,13494952.344539411,14381365.37677282,15204758.184293807,16613616.162379818
臺北市中山區民生東路一段７０巷６號八樓,25.05764929,121.5263346,16909975.341622327,14467374.265178042,15881072.565522654,16962598.975361943,18055938.42875117,19304280.72541374
臺北市內湖區成功路四段５３號十樓,25.081660009493,121.592080007117,27934744.841526687,24504617.553949814,26075348.918139532,28491197.577916693,30147676.681023575,31783318.580510385
臺北市信義區吳興街６００巷７６弄１１８號四樓,25.01799799,121.569551,15230684.354984473,13108843.937064879,14484987.268798038,15682155.4722256,16967520.241105493,18097718.614736572
臺北市內湖區文湖街１１巷２９號,25.08565202,121.5590341,24843199.397704855,21893663.317911312,23353437.271215506,24853168.666517787,26685262.92147204,29705575.961507916
臺北市北投區幽雅路７號十樓之１２,25.13731999562,121.513130022918,9895338.929653926,7018755.805017835,7778277.217065841,9017083.180706259,12559214.250968672,16723496.026574356
臺北市內湖區內湖路一段４１１巷９０弄２７號,25.08484002,121.57147,14821099.223683115,12837852.435440946,13950483.852732776,14892688.500033544,15792698.23398817,16636059.51281518
臺北市文山區萬美街二段５１號,25.00508491,121.5645429,22467416.285794206,17146186.428258345,19590480.56466563,23210118.236759182,26087809.261841804,28039141.6162829
臺北市大安區瑞安街２０８巷３５弄６號,25.02953999,121.540843,21910925.50747767,17551920.58805033,19464966.084352087,22304554.53958436,25375719.727201473,28623837.471178245
臺北市中山區民權東路二段７１巷８號,25.06333398,121.531611,31260531.08210555,25778804.02790747,29100283.524364762,31910055.47535615,34734026.54572707,38105536.93844579
臺北市松山區富錦街１０６號三樓,25.05958698,121.55237,27350932.353754707,23543856.954863004,26725456.08579037,28840682.813339375,31863153.82227086,36369324.86392125
臺北市北投區溫泉路８９號,25.13570602,121.507004,24332726.43416065,19084583.68480866,21134765.896256924,23770221.90330085,28157620.724706154,32232559.330847673
臺北市松山區三民路２９巷１號三樓之３,25.05456002,121.56349,52642289.820657074,48748834.082963556,50722363.62904468,52866723.076991074,55244876.272803456,57746784.815675266
臺北市士林區中山北路六段４２７巷６弄３號,25.11442801,121.526683,16519929.870339312,13826819.032058835,15727194.745124709,17161534.8829586,18265698.74203033,19676566.416868
臺北市萬華區武成街５６巷１０號,25.01912401,121.495106,8913453.323011257,6750016.711888944,8496247.955524378,9341716.18969473,10083759.68668839,10787225.18142988
臺北市內湖區成功路二段５００號,25.07364599,121.589695,43479111.172398716,37383715.01977892,40546833.922253914,44217324.092017785,47266849.30987706,50487052.693174355
臺北市大同區五原路１９號十三樓之７,25.0566800101924,121.517309994212,18053528.781967677,15354939.29608772,16795618.213694844,17958051.831922997,19561578.09569129,21852113.434854005
臺北市內湖區大湖山莊街２２４號,25.08849,121.598544,8347822.136443488,7453636.235176605,7989713.887833847,8467923.172953686,9192611.831139252,9775017.353816092
臺北市內湖區內湖路三段６０巷８弄４０號,25.088339,121.591312,15352564.561135732,12553526.910795692,14042837.633375134,15755819.664531453,17253421.463220075,17998688.63992477
臺北市中正區羅斯福路三段１２８巷１９號,25.02040301,121.526751,28986603.65391478,20125404.018229213,26509510.009925984,30933434.26495718,35236551.55266597,39528795.69997726
臺北市萬華區民和街８１巷７號三樓,25.025227,121.498278,27922385.534873046,22681299.059940852,25784333.536212463,28238602.863053594,31271023.0429314,33480382.285908565
臺北市大安區建國南路二段１５１巷５０號,25.028635,121.539844,31466375.09963753,28192625.40467996,29565146.309216186,31937755.709910348,34884257.06303879,39690114.34094897
臺北市大安區光復南路６８８號,25.03001701,121.557229,13491407.631674813,10508446.866649557,12499680.361297337,13838341.334138572,15120847.598594546,16100805.929137412
臺北市大同區昌吉街９９巷１６號,25.06647502,121.511502,24836984.26799883,20718565.244400263,23068343.541284125,25148098.40793929,27145953.882556293,29396314.30841315
臺北市內湖區內湖路三段６０巷１２弄１０號,25.08810498,121.59175,16814132.443504438,15159118.722176187,15943143.07678972,16850413.644969914,17865878.22335953,18958813.397916123
臺北市內湖區內湖路二段３３８之１號,25.0816396,121.5892773,40835587.680219375,34571615.098248206,37812628.50424346,40424797.034441605,44033327.28222209,49511631.72477815
臺北市萬華區柳州街２號,25.03943102,121.505399,23264500.026591886,17659554.187393256,21119560.156130567,24146378.423655268,26344076.967465796,28437445.521557007
臺北市萬華區柳州街２３號,25.03881302,121.505494,24962732.451200604,18279311.17672529,23293748.34573754,25840281.858698115,28099498.383097414,30756958.591107003
臺北市內湖區成功路二段３１２巷１９號五樓,25.06726698,121.589564,17216156.983568173,15365547.21799024,16402728.78322843,17317560.4855831,18285068.504675124,19404424.53142527
臺北市南港區重陽路９號十樓,25.0589516410115,121.609266644897,37674177.78621257,33388455.677924316,35728745.610526755,37975779.91132202,39898165.23579745,43322924.75011388
臺北市士林區士東路２７６號四樓,25.11322701,121.537166,14851026.961747056,11425817.57166343,13379459.682313964,15293174.375486258,16778051.272769395,18308934.138438605
臺北市內湖區成功路二段１１５巷５號,25.06528198,121.591424,20525997.006304722,16644091.34998838,19193263.463601355,20871214.699434306,22719536.131411396,24739868.52197114
臺北市南港區重陽路１９９巷２０號四樓之２,25.0569900148814,121.599140000343,26477586.376351036,21099625.46914745,23685808.61414151,26841409.995182738,30069132.279275574,33246486.759414222
臺北市中正區汀州路二段２７５號七樓,25.02217498,121.524231,43989462.27034989,35819115.09768321,38950929.44534643,42738576.931307115,48219316.08147645,61049629.2994141
臺北市內湖區康寧路三段１８９巷９０號,25.073058,121.612695,13649851.286079118,11807593.092061566,12878904.419997377,13746948.74562274,14776897.155849835,16397486.2733146
臺北市中正區仁愛路一段６號十一樓,25.03854199,121.521837,33877385.04596059,26740120.02333194,32176166.991904266,34961278.57336275,37618135.73611011,39358846.97929995
臺北市大同區延平北路二段１４３號十樓之３,25.0578499981472,121.51162002306,28896345.28203165,21394333.383507267,25316341.078804415,29831222.51318295,33336248.03428469,36974987.44453139
臺北市大同區大龍街６６號三樓,25.06530201,121.515916,11605478.673744189,9498153.161544358,10517685.888018556,11724732.991750376,12664692.982403036,14380751.960589856
臺北市中正區汀州路二段８５號十六樓之２,25.0254399865053,121.517690029702,45973728.98917264,34136804.857272744,42639589.404546425,47413354.38347883,53265445.7159445,58880631.43518921
臺北市大同區哈密街８３巷５號,25.07304098,121.514804,12950356.096818313,11334433.643733706,12307538.45652563,13252869.600688215,14228254.70699299,15017440.621101744
臺北市士林區忠誠路二段２５號十七樓,25.109309980231,121.530679967967,75359356.32081407,48203967.989025585,54282252.04481154,68494199.82313403,94865112.55957618,141534127.5942205
臺北市內湖區康寧路三段１２號,25.07284698,121.606532,24477751.31976486,19761651.46749234,21526885.730158854,24044593.455424726,28232342.008694045,31992677.500931334
臺北市大安區金山南路二段２１號二樓,25.03325498,121.527326,24297607.610112883,19381963.599942163,21667282.99103004,24527806.317900926,28267136.803623416,29786130.77866937
臺北市文山區政大二街２１５巷１２號,24.98883999,121.587528,20126397.478700846,15606442.643306531,19368986.524711177,21042821.513890862,22322147.05185835,23839631.33691655
臺北市中山區林森北路１０２號,25.050731,121.524835,7702943.569430026,6629996.484301651,7331887.391934138,7827897.788226131,8298549.029662226,8597628.305074228
臺北市中山區樂群二路８６號七樓,25.07973548,121.5547282,150380609.9413615,100761243.07412294,132554027.39385615,164021847.12142995,182524682.37676096,210660323.97473562
臺北市中山區建國北路三段６４號六樓,25.065358,121.536096,17772415.306874666,14779808.34367627,16507523.938793138,18373312.200961087,20378419.600730624,22276317.68342879
臺北市文山區仙岩路２２巷９號,24.99860679,121.5494637,15723791.46950578,13225352.328512426,14375466.067390325,15777033.507683218,17551417.830224354,18978773.497793753
臺北市文山區景隆街３６巷２之３號,24.99860901,121.543533,21829533.425674934,17978300.11366228,20264704.938727316,22199054.03999377,23892967.557702735,25801497.66763614
臺北市士林區中山北路六段７２８巷１５號四樓,25.1141471985979,121.528376402778,20942988.230360124,18912814.23595459,20045566.537176747,21067546.298771642,21976597.938726194,22934595.42900093
臺北市中山區北安路４５８巷４１弄６８號三樓,25.0793100172092,121.546840025832,35902819.41906381,28025137.995930795,32568374.176807463,37049822.53750174,41051310.42118258,46127095.43847886
臺北市內湖區康寧路三段５４之５號,25.07174099,121.608938,22367923.678121362,17252167.00877774,20514752.19703042,22906599.21575207,25164097.655785106,27939605.560975865
臺北市大安區仁愛路三段２４巷１弄４之１號三樓,25.0371800153689,121.535899965808,21822552.65681659,18240828.044213638,20465201.693134245,22422934.51292006,24156933.771190517,25417739.80257906
臺北市信義區莊敬路４０８號三樓,25.0272099929989,121.566040032341,17217094.131987207,14795073.13267765,16013490.371902807,17259305.047028285,18565004.12085367,20109282.030965857
臺北市信義區忠孝東路五段７４３巷２１弄２７號二樓,25.043769993374,121.580139986044,39336145.97046909,32773680.462539952,35830940.89916345,38587143.01478255,42986167.16500249,51911370.337572314
臺北市萬華區中華路二段４１６巷８０號七樓之３,25.02731359,121.5034581,32704909.460054394,23727438.808204323,27016353.532204453,31324798.51120976,40369980.206928745,47097748.01298684
臺北市內湖區民權東路六段１９０巷４６號三樓,25.0673199980833,121.594500030202,51259828.813761175,46500524.60995773,48817934.377239525,51814503.79747621,54442785.65552668,57519304.86042705
臺北市中正區仁愛路一段４號八樓之１,25.0385699863725,121.521690041535,26834973.676909693,22860625.71998916,25764813.07148926,27691171.719202235,29209533.131078158,30515533.034730952
臺北市大安區忠孝東路三段２１７巷６弄６號,25.043232,121.539995,32875277.41009758,29408415.399532184,31166140.23898343,33378618.261531103,35100006.716175675,37297395.75475598
臺北市士林區德行東路３３號五樓,25.1104199956685,121.53778002669,12348869.636543117,10003894.857093574,11842052.386245046,12907099.73649857,13896457.7674993,14777745.571241833
臺北市文山區羅斯福路五段１９６號,25.00344902,121.538449,15223376.88099234,13327669.963806534,15239110.435540607,16216205.0178048,17125387.606073335,18239597.91202479
臺北市大安區復興南路二段９０巷１２號,25.03021968,121.5423855,15822193.756782126,12455490.233995043,14268050.908997122,16237927.15864273,17793488.778706864,19123075.0589765
臺北市北投區吉利街３５９號八樓,25.1178699988489,121.512250006903,19904706.250965454,16917922.816457544,18820297.4263973,20301534.101186745,21998878.91932787,23314449.47235992
臺北市中山區龍江路３１８巷２８號五樓,25.064690008324,121.539269993798,19262739.07806023,16897068.58890507,18042507.97716031,19263717.76789783,20786091.71105097,22310955.32597969
臺北市大安區和平東路三段１巷３８號,25.02642901,121.54662,27532432.869572483,24384473.51329446,26035007.54836065,28101716.46255315,29365643.673962746,30915521.475843612
臺北市中山區南京東路一段１３２巷１８號九樓之３,25.05097998,121.526923,23723270.911367092,19457114.97666272,22196440.144290116,24403804.479556847,26260566.416607805,29271406.29862374
臺北市中山區中山北路二段９３巷５號九樓,25.0594200124309,121.523559960315,47776164.68745446,35749539.160141885,43965015.85055636,49180109.28999016,55461599.39067653,62597563.74281521
臺北市中山區錦州街２０６號,25.06028771,121.5311131,26467604.80850397,19420446.14090357,22000334.892448977,24818349.748571955,31245420.77895974,41513127.759966284
臺北市內湖區康寧路三段９９巷３９弄７４號,25.07440501,121.610716,29005637.522362195,23827471.731937572,27306489.657981277,29569307.222045083,31502449.768654563,33844556.270261176
臺北市內湖區文德路２２巷５９弄１６號三樓,25.075440008694,121.580039989939,23993662.96894237,21252723.887568336,23098181.206179813,24620338.337877087,26077621.958283763,27807952.421054777
臺北市內湖區康寧路三段７５巷１３５號三樓,25.0746700051588,121.609410011028,27679524.892148465,24019430.987618882,25600742.931107026,27645598.728639342,29979381.679431923,32428820.108755052
臺北市北投區溫泉路７０號二樓,25.1351399883326,121.504839985401,24473043.454474878,20208817.51433538,22413144.575229585,24659265.34620309,26777494.58086124,29333105.086514015
臺北市南港區福德街４５１號十二樓,25.0397064503849,121.589272506797,21648857.964807626,19199981.075128905,20700172.08215463,22313184.86613354,23268512.13054206,24347814.97653304
臺北市松山區三民路９５巷２０號三樓,25.0571100018253,121.562560033781,7025214.196097219,5302451.522344479,6008142.425678277,6959490.11381609,8265307.342733103,9930226.527389372
臺北市中正區三元街２５２號七樓,25.0274099852086,121.513509974588,33177751.53534495,27194707.5008831,31116067.85999991,33748959.961235024,37045804.95880296,39345909.410311036
臺北市大安區溫州街７９號三樓之２,25.01998601,121.533052,34591987.19954451,24652733.123418916,33261455.544602893,37102996.06100786,40021311.54100461,42095577.25658736
臺北市士林區後街２１巷１３號,25.09839402,121.524763,11439969.0801198,9269115.036582218,10393736.70734033,11696103.822152007,12804296.417514294,14622357.879745744
臺北市中山區遼寧街６２巷６號二樓,25.0504900166069,121.541999979663,23926289.448759846,17929304.509573482,21779443.49854539,25305625.71633504,27296420.031343203,28987295.797994487
臺北市內湖區環山路一段１３６巷１２弄１７號,25.08701998,121.5687233,23265698.188007124,19770423.21547014,22148817.394014485,23960985.976906475,25510900.49372701,27236136.23370815
臺北市信義區基隆路二段１６７巷５之１號五樓,25.0253399904004,121.554269996264,15959352.90901315,12720940.113567986,14427483.549839448,16198022.988394678,18159630.84666606,20553716.690914236
臺北市中山區五常街１號,25.064429,121.537395,20988122.521511085,17546424.61750556,19200113.16575683,21534507.53745362,23329397.482781358,25492880.24218507
臺北市士林區天母東路６１巷５號六樓,25.1188899926464,121.53381002207,8099465.115516685,6448012.061185694,7558516.141401971,8425254.934858678,9238285.71449677,10110456.107688626
臺北市文山區富山路１６之２、１６之３號,24.98913901,121.5540735,29560047.789906956,23552539.18770861,27313531.77415137,30961853.54896916,33106920.62238509,35958939.79632065
臺北市萬華區成都路１３９號十一樓,25.0434599886851,121.503420007184,25727710.8418994,20938156.80262134,24158532.825282235,26349194.29010469,28770399.69536375,31317647.65310967
臺北市文山區汀州路四段２３７號六樓,25.0020058422152,121.536413955969,11658668.180913465,8896513.953406174,9817039.366256349,11378225.776251223,13928973.418327305,15795094.750778027
臺北市中正區臨沂街３３巷３８號,25.0397799979149,121.531699961765,28745295.66439621,26002352.23694671,27596057.235329036,28757746.92291977,30110418.674943343,31830681.13296774
臺北市萬華區成都路１３９號六樓之７,25.04350601,121.503248,22544433.80076282,19386208.03196998,21079275.923703905,22592715.750517625,24737807.924315255,27404269.98865134
臺北市北投區明德路１０８號,25.10975099,121.520092,15437416.320668802,11413896.754604202,13920845.690532006,16368220.229072798,17880934.931431066,19640071.76759242
臺北市中山區龍江路３９４巷４８號三樓,25.0671399967126,121.539019961627,17865392.85011009,15094890.82886603,17002429.43906692,18094530.223872453,19489423.5244322,21489715.20923514
臺北市信義區信義路五段１５０巷４６３號三樓之４,25.02219685,121.5781223,5534403.56212531,3553813.8259823564,4570054.912166852,5945377.324499353,6805250.287240132,7932766.664113756
臺北市中山區樂群二路２６６巷１１２號,25.07697101,121.562238,110584726.1195418,66863880.66755791,82305787.04645473,122061103.63766989,146182861.1988227,160100180.65965748
臺北市信義區松山路５１５巷２弄２７號三樓,25.03815198,121.579011,16243088.85086453,14461509.066609517,15338377.724770457,16440079.733688777,17696340.713512715,18584881.66583051
臺北市中山區建國北路三段１１７號四樓,25.0665400200833,121.535789995238,18296552.494763594,15643114.7392429,17473888.67456094,18959005.02678565,20210965.336610287,21779781.116531797
臺北市大安區仁愛路四段３４５巷４弄１１號四樓,25.0390400015931,121.553329965823,35060559.776482224,28672699.76582086,32759577.695906132,36363583.00715597,39207473.199359,41032310.48320093
臺北市北投區石牌路二段３２４巷９弄２號,25.12152401,121.524384,7070392.7134223115,5197530.986664255,5749736.518304935,6629269.985929806,8826140.925532456,10573328.866398435
臺北市萬華區萬大路３８５號五樓,25.02263402,121.499526,18896262.0052402,13195870.571255771,16242672.166632865,19678650.141688332,22918995.630660657,25757593.06072035
臺北市大同區延平北路二段２４７巷２５號五樓,25.0623900140926,121.511810040805,14967846.873772558,12104428.062136948,13423422.58872563,15170765.060224324,17125044.572763246,18444098.420582812
臺北市松山區八德路二段３６６巷１３弄２號,25.04748079,121.5462559,29519354.827470984,25040009.796112,27551474.548383743,30287639.345311552,32525880.70637396,34400778.38749356
臺北市內湖區港華街１７之１號二樓,25.0824899855454,121.577149993543,18348810.525565717,16289105.869609166,17299188.003239788,18549114.46978452,19620006.365577776,20744675.2142531
臺北市萬華區康定路１０３號,25.039507,121.502048,33223766.057826564,26183100.009910114,30243913.57081104,32783828.648295533,37800863.17430263,43246335.17601754
臺北市文山區恆光街２２巷１０號,24.982442,121.566596,16238096.737190172,12267153.911008857,14865853.47078694,16903190.696855165,18706752.471446186,20508646.113245085
臺北市松山區撫遠街３５６號,25.06285399,121.565844,17278316.29699285,12887891.562004652,14608334.63584856,17267234.464317318,20796355.00551394,25524289.581311908
臺北市內湖區大湖山莊街６１巷９號,25.0862299907423,121.603210001068,23657451.27109956,20065823.939410847,21671923.753709,23898449.6656832,26435628.02353754,29047101.748946622
臺北市信義區虎林街１００巷１１９號,25.04298901,121.574639,2190752.828434063,1537324.0420444747,1858610.3961686082,2168376.411775596,2487412.016916237,2961029.990142001
臺北市信義區永吉路２００巷８１弄１０號,25.04323699,121.572914,28825579.92658463,23042122.822816804,26908086.186887484,29899765.775627904,32137815.096290722,35307893.316404186
臺北市大安區臥龍街２６７號四樓,25.01876598,121.555183,19423727.584335938,16403348.630195225,18029581.757681284,19616065.07242262,21177618.953496788,23117198.692574777
臺北市士林區承德路四段６巷１１號,25.07933202,121.521047,9239150.884951897,6214730.267437637,7154471.547616894,9094377.873727035,12341360.43218367,13430935.504272576
臺北市北投區石牌路二段３１５巷２號三樓之１,25.12198246,121.5229749,8785318.437671872,5938101.675975495,8096815.927772206,9635477.217712564,10652321.675458692,11423670.69457215
臺北市信義區松山路１１５號三樓,25.0476099946758,121.577949962382,25036714.78543721,19211336.01042107,20457776.078247942,22495914.97408351,26509316.985179715,42454618.1181643
臺北市士林區基河路１２８號,25.08867608,121.5231356,6188875.823832152,5269496.6381720705,5774311.40595289,6304825.364522117,6756260.022818425,7268751.933771609
臺北市中正區中華路一段７號十五樓之５,25.0471300049904,121.510510007623,14206905.657361101,11290767.58916534,12282131.997683484,14530266.458312443,16247758.346487945,18060535.023326408
臺北市松山區南京東路五段２３９號五樓之１６,25.05161642,121.5649724,19092990.274557516,15197572.918163136,16995082.12823498,18824347.594627026,22467958.998510458,24086714.053857766
臺北市大安區復興南路一段７９巷１０號,25.04451699,121.544635,8568790.660091257,6582098.520239279,7969637.184454271,9289914.29406429,10062313.97530113,10438321.577241255
臺北市松山區南京東路五段２５０巷９之２號,25.0500399922254,121.565899970739,28778516.729263004,22790255.327408187,27250108.126915783,30204800.694068264,32111554.46723612,34171294.82883525
臺北市北投區公路３０１巷６號,25.1323027,121.5026806,15355834.421794022,12858924.161390733,13904897.978639929,15180122.9530522,17209629.874912836,19987520.043578714
臺北市內湖區成功路四段１６６號,25.0830486,121.5933015,9652045.671224019,7782665.598444641,8817456.566112593,9928448.218610786,10873024.470644172,12121612.587646313
臺北市信義區光復南路４１７巷１８７號二樓,25.03690899,121.560076,27250578.211691163,21424930.176171858,26222005.536462605,28354158.664985906,30851656.566963363,33035093.51301742
臺北市士林區環河北路三段１１１號十一樓,25.084990013896,121.506300029115,21582723.920733728,17245371.421960834,19722263.741750762,22577549.865411304,24480901.77667508,27017726.80323422
臺北市士林區中山北路七段１９０巷２７號,25.12592098,121.535214,19412218.636506412,13651615.669420868,17730815.947511427,21082024.168465517,22997593.42291957,24628083.35764461
臺北市萬華區西寧南路１２５號七樓之３,25.04457202,121.506584,37615461.61152787,30826907.817468666,33193240.936537698,37864444.83695607,42704086.89771456,47239948.69091712
臺北市北投區大度路三段３０１巷２８弄１４號三樓,25.1223500003677,121.465470018548,11313348.94932357,8546620.702702265,10460791.87750274,11604778.453527626,12936444.506491857,14565561.840559088
臺北市中山區龍江路２８６巷１４號,25.060892,121.539856,25467953.303940557,21655029.661422968,23186243.940728202,25475803.3949195,28323021.563889384,30744141.09112592
臺北市南港區忠孝東路六段２９８號三樓,25.04920499,121.589691,18135730.90022303,15585084.399032166,16607728.057233235,17917754.063420452,19392976.44841187,23640207.351544503
臺北市大安區建國南路一段２９１巷１３號六樓之２,25.03584499,121.538854,9813076.026763141,8052095.914255739,9254340.118508236,10347844.643231647,10988792.910384934,11713190.544534514
臺北市士林區中山北路六段１９５巷８號十三樓之３,25.1079500164408,121.524430001864,41498036.63460038,36854075.49572483,38671994.31487674,40948097.8470106,44287740.75244735,48245300.6793609
臺北市士林區大東路８４巷１５號三樓,25.0912199891597,121.526260022785,21099516.5953625,15838859.566881739,19319118.359755907,21660753.092092484,23887959.090062458,28169651.427205972
臺北市內湖區文湖街２１巷９８弄６號二樓之３,25.09059101,121.560105,12102566.714561708,10098004.657730544,10795136.16676898,11973267.297308352,13367160.970917717,15175797.459930573
臺北市中山區德惠街１２號四樓之７,25.06656198,121.523756,18053747.627148718,16286412.037437888,16980795.172705855,17865525.992823288,18886280.80141044,22003293.410611972
臺北市大安區和平東路一段１６５號十樓之１,25.02655499,121.531626,21235471.43126298,17861476.093472306,19657490.81657418,22016163.30507885,23516608.781822417,25079601.823364563
臺北市中山區新生北路三段６８巷４５之１號,25.066241,121.526158,12750715.373402825,10497237.547785537,11721139.42250152,12842744.488949198,13964115.81785157,15453693.030827228
臺北市松山區八德路四段４４５號三樓之１９,25.0499299797462,121.570419995846,10750305.248169988,9263755.364080966,10139938.587981801,10910250.193557339,11503860.667232499,12196891.934048057
臺北市文山區下崙路３３巷４號三樓,24.9856000044316,121.558750039692,2526077.692149603,1748326.2622127817,2050881.8429684034,2362311.8473353903,2824303.3223233814,4320928.501085931
臺北市士林區延平北路五段１巷５０號四樓,25.078870009202,121.510020001563,12034733.411489433,9658402.274645079,10740878.02517766,11899142.091514437,13646733.48750087,15430552.925878383
臺北市中山區松江路１２４巷１３之１號四樓,25.0526199839323,121.531810016153,15115337.281261427,12047011.836186048,13655903.945889074,15750676.028784351,17083018.94038467,18342249.250388347
臺北市大同區重慶北路三段２０３之３號,25.069714,121.51406,17160875.114135288,15599870.459189955,16569572.012248825,17252309.96869745,18067196.50043242,18880552.40332832
臺北市內湖區內湖路三段３２９巷２弄７號,25.08849,121.585502,12828842.226138739,9932377.221466282,11247820.216438962,13385940.382345976,14988966.683922404,15647582.37774233
臺北市中山區中山北路一段５３巷８號五樓之１２,25.04910101,121.522127,19645926.92213747,16141625.04678448,18038137.838465065,19889424.695842963,21736433.17494589,23554857.62081763
臺北市大同區大龍街９１巷７號五樓之３,25.06735998,121.516517,12848563.242013685,9444191.417019628,11502352.572054446,13370089.214327725,14836179.602562996,17137111.379598323
臺北市內湖區環山路二段５３巷６弄１３號八樓之１,25.0843299809305,121.573999990511,34738421.378888175,29524058.072620675,31637044.87633426,34682268.97949031,38185945.71715556,40486460.43117131
臺北市內湖區內湖路三段２４２號八樓,25.088684,121.588077,50073722.61009902,43207451.8003555,47404876.06677572,51212840.58196029,54749996.9808729,58401740.24133308
臺北市大同區承德路二段１１２號,25.05865701,121.517969,11785369.714592805,8961117.305019354,10569544.13686712,12041754.461057024,13643212.336753504,14881453.244854765
臺北市士林區福德路５７巷５號,25.09220231,121.5223834,17220147.9991572,10466642.011059958,13738519.302043151,18448565.776629236,23304810.76342824,26804675.618125997
臺北市士林區天玉街３８巷１２號三樓之３,25.120552,121.529355,6016213.320903195,4132100.0702709686,5431696.318956903,6373191.405571987,7050606.477228319,7806600.761069085
臺北市萬華區艋舺大道２０４號七樓之２,25.03260002,121.499446,23177534.2647152,19408824.701260548,21791356.321514383,23736775.12431401,25703670.455027547,27688859.373078227
臺北市文山區興隆路二段３０１巷２５號九樓之２,25.0025500147615,121.553649986886,33533359.825307254,28076601.545469522,30909341.953364052,33512858.449612014,37022691.35611152,39401899.50218267
臺北市北投區新民路１巷５之３號,25.14012781,121.5075494,12283493.72392989,8478333.817181867,11010485.80951614,12890268.80490629,14762068.654144939,17474734.494911853
臺北市中山區南京東路二段１０８號九樓之１５,25.0517999823446,121.53207002279,15359426.844378382,13739218.751562469,14536164.047991078,15432334.58179605,16108136.81478506,17204043.50798701
臺北市北投區新興路７０巷１號,25.141082,121.487911,16601557.177590221,12711248.888679003,14333756.915353639,15859497.386968823,18920600.067011204,25653183.570180748
臺北市松山區南京東路五段４０號十五樓之１２,25.05129501,121.559708,23917769.172345184,19261547.693020143,21218037.489185743,24675690.720964488,27230008.266978867,29558264.50424794
臺北市士林區延平北路五段１３６巷２７弄６號三樓,25.0824000058148,121.511550034169,10520534.713368446,7634098.732025935,9661607.531618962,10704627.4526531,12244553.598684642,13824518.591595454
臺北市士林區天母北路４巷５之１號二樓,25.1194100059194,121.525270036201,9904065.178895686,7399822.838981358,9172908.46456713,10295096.4776908,11439859.337430831,12314091.674244046
臺北市中正區忠孝東路二段１３０號六樓之６,25.0423899968352,121.531810016153,16430539.05102846,13670126.33793709,15538276.373222485,16862999.853668973,18130100.259857442,19824832.157685127
臺北市大安區金山南路二段１５９巷１４號四樓,25.0289999903315,121.527259983834,27303721.843584143,24045710.08795695,25263308.267136764,27780700.69277867,29287792.29753402,31152028.94628542
臺北市文山區興隆路二段２２０巷５３弄１２號,24.99928602,121.551899,13012544.020654172,10565517.579879275,11784955.281615991,13008708.885209406,14668156.475535464,15980228.823527412
臺北市信義區崇德街３１巷５弄８號,25.02456198,121.554305,23153579.382462867,19855940.991565008,21410945.068862684,23215556.94514081,25307580.10677939,27531610.687000327
臺北市士林區承德路四段８８號六樓之３,25.0822914232738,121.523017720112,23759766.151026282,21181090.32970637,22701189.978860583,23760499.39663728,25641140.302862555,27996897.26093454
臺北市內湖區江南街１２６號二樓,25.076294,121.575608,17739159.880142078,16036934.693844296,16841407.81012894,17770211.862216722,19163477.836298846,20612088.510459814
臺北市信義區松仁路２５３巷３弄５號,25.02587098,121.56934,17250344.932954356,16033445.361715607,17109724.98064527,18315191.57066951,19462495.078784008,21697398.23989901
臺北市內湖區內湖路三段３５９之６號,25.08929161,121.5837309,28475394.37050424,25345039.956808656,26392524.490592655,27786739.621878058,31229138.35644138,34624821.892075285
臺北市內湖區民權東路六段１４６號六樓之２６,25.0688168,121.5895168,14382097.32995223,12259672.644592848,13517031.304774549,14753732.462967837,15757773.199273739,16699726.632546324
臺北市內湖區康樂街６１巷８１弄１９號,25.071434,121.6206856,13513203.248910459,11000598.12719727,12202478.2655359,13721568.302158613,15047756.522092225,16204773.326809587
臺北市士林區德行東路３５８巷１４弄１２號,25.10979102,121.538883,25385503.745133176,19716273.43843646,23338972.982326612,26601832.159445133,28084411.217234034,31593005.547815
臺北市萬華區青年路３０巷７號,25.02658298,121.505008,18531640.461014364,17182822.94451506,18099238.606558103,18827046.573049676,19666521.199958067,20367589.484772094
臺北市中山區新生北路三段８２巷２９號,25.06714549,121.5264809,10624070.043904126,9299183.893495884,10058008.596092157,10679288.813979942,11375605.863448637,12264821.248346943
臺北市士林區承德路四段７３之１號,25.08184198,121.523282,31487703.68608805,27062320.72744096,29532873.946762495,31616311.095200036,34329114.089876436,37977827.899166234
臺北市中山區敬業三路１６２巷４０號四樓,25.07785199,121.556995,31861667.873633396,28902992.274460997,30533561.17423583,32111582.351466175,33661968.5328896,35634987.290604986
臺北市中正區中華路二段３１９之５號,25.0278199860024,121.506270021902,6509253.683462623,4823328.5363271,5468701.650081887,6475703.096261363,7699423.032561278,8761161.861788196
臺北市信義區林口街１８２號二樓之１,25.0408799969782,121.580899973205,33200311.483241856,28385563.687762026,30384537.965952806,32437510.08164624,36141870.857186705,40264607.58645984
臺北市萬華區中華路二段４１６巷１３號十一樓之３,25.02694999,121.504242,18376791.33861884,16799535.433442306,17811263.12048722,18866829.568528887,19800269.403822653,20558159.495132484
臺北市中山區五常街６５號四樓,25.06444098,121.540044,16880404.65256048,15301401.602697164,16222307.201040851,17147659.014124867,18048299.179936238,19028358.705424838
臺北市大安區信義路二段１２號,25.03490898,121.524912,18988075.96566101,16201433.818794774,17776409.076586984,19535661.045403246,21162599.765322052,22156995.30605184
臺北市信義區福德街２１１號,25.03834799,121.584605,19881913.282892056,16907499.822568577,18235294.37099353,19436003.50474346,21833075.51713662,24764441.61750684
臺北市文山區汀州路四段２８３號十二樓,25.00148295,121.5355503,51719674.868796654,43161623.126104005,46844856.22028945,51995396.65481111,58460181.90360228,64154496.01483925
臺北市中山區德惠街１１２號四樓,25.0664999964957,121.529570036349,16655466.431369506,14957185.280341713,15742355.461892897,16722991.934349533,17548684.653318323,18756980.28786752
臺北市北投區懷德街７５巷３３號八樓之１,25.1136000059143,121.518589994646,51611791.0335543,41918437.018763356,49394771.52772947,53244806.817117944,57521842.87725793,61923863.54551551
臺北市中山區中山北路二段１１８號二樓,25.06101299,121.522733,24555684.265085958,20313811.800514113,22086927.74114828,24293193.251816258,26872895.568051342,29735159.76945963
臺北市中山區林森北路１０７巷３號五樓之２,25.05033101,121.525429,17408639.56800761,15376822.198856454,16412630.187643899,17418041.710504808,18561943.316257533,20133014.637072694
臺北市大安區羅斯福路三段２８３巷１９弄４號,25.01946801,121.531541,28490554.55343835,24119527.375687875,26741930.389735952,29027611.977945108,31123964.116739485,33823196.51059808
臺北市北投區湖山路一段１４號,25.15251898,121.547347,9397075.30123744,6879358.862229863,8309609.985161786,9692793.89554793,10974995.117936214,12429699.121077271
臺北市北投區新民路１巷５之１０號一樓,25.14012781,121.5075494,16997806.188474327,12794511.683685971,14077548.740823401,15583861.906661674,18765165.634282056,26941892.976689592
臺北市中山區大直街２巷２１號,25.0809200131711,121.545419963796,15997403.497962208,12175214.87438808,13974149.738654075,16845767.754266623,18439742.819539577,20937820.792353544
臺北市信義區吳興街３５０巷３號,25.02546899,121.566214,39713765.86377986,30286584.72122899,34565101.05052735,39825016.558247045,45846417.59216291,52995336.66474264
臺北市中正區忠孝西路一段５０號,25.04622799,121.515827,10963593.829535186,7726000.897183817,9278620.823692301,11156241.332020748,13270334.916186875,14732900.048974209
臺北市信義區吳興街５８３巷１５弄１７號,25.02266801,121.570276,11622199.36763238,8192251.630516794,9445619.060091693,10648397.984018952,13312223.823622206,22239949.528736185
臺北市內湖區星雲街２１０巷４１號六樓之１,25.08001949,121.597846,7711624.143655925,4233691.973793463,5064164.132033935,8013495.815678171,11520966.003554435,13808754.975297002
臺北市松山區復興南路一段５號三樓,25.0454099965493,121.544169970576,25496512.014477037,20364261.220047172,23330254.796359424,26277365.660683468,28094891.614367064,29860806.719819967
臺北市中山區敬業三路１６２巷４７號十樓,25.07903702,121.558376,31690577.167014852,29576343.878446747,30552254.26986335,31807846.670905873,32935249.009687986,34016093.94348428
臺北市士林區忠誠路二段２１巷１６號七樓,25.10923002,121.531452,63285145.21253331,57364952.513854735,61277917.3218837,63786314.54974944,66568680.34930724,68458577.78280608
臺北市松山區南京東路三段３３５巷２１號二樓之７,25.0534500018942,121.547609987458,7750059.468582171,4267693.828589872,7981044.015517527,8819063.7412234,9739762.255632784,10248032.81382823
臺北市大安區敦化南路二段７０號二十四樓之２,25.02965478,121.5483944,103405179.97343391,81555812.05946757,89973990.33983508,101139424.45861931,119079164.92300226,139525363.37903917
臺北市中山區中山北路三段３９號七樓之１２,25.06603799,121.522533,6803666.876670636,5732700.444934505,6175651.134040819,6753054.822729284,7899213.251415619,8720897.730924575
臺北市內湖區文湖街２１巷１１８弄８號七樓,25.0911011,121.5597397,23285947.129134983,20622472.875513278,21870965.503316566,23475395.82016335,24949999.94658655,26780211.058734417
臺北市內湖區康樂街２０４之３號三樓之６,25.0762800011208,121.621290017674,15662897.051413586,12477998.659613905,14002034.196456933,16153501.235821972,17256293.64141711,19543468.78133839
臺北市中山區中原街２２號五樓之１３,25.0567399827096,121.528779958155,4474690.591470803,3450364.408864213,4084808.9708882393,4558022.9145177035,5014390.172245359,5757876.527178761
臺北市信義區永吉路１８７巷１號四樓,25.0468300166758,121.57285996786,22509549.67785006,18546363.134146083,20703329.66365784,23212015.08973903,24948346.217804886,27049504.2215028
臺北市北投區立農街一段２７９巷１４號四樓,25.1201500022412,121.506609991894,14976453.7337478,12815250.36594445,14029340.367925702,15304066.70969387,16389190.822331605,17412743.00854751
臺北市內湖區新豐街１０６號,25.06078002,121.58477,46916293.222185604,40362362.91762383,44518986.01123886,48018847.972137704,51889953.904495224,55217655.227299064
臺北市大安區光復南路４２０巷５號,25.03635301,121.556661,26862084.924865298,23564389.349696007,25834234.223236162,27344515.812794432,28830745.73539724,30298303.123526573
臺北市文山區羅斯福路六段１５９巷５弄２０號四樓之２,24.998313,121.541318,4811686.597755489,2774037.604545654,3464716.8895418574,4477301.577360787,6323022.723345425,9686294.350336954
臺北市松山區敦化南路一段８８號六樓之２,25.0467399950357,121.548510036221,61006610.288046226,50372347.4113352,54966922.01511055,62980296.52618059,67671039.24701001,71006354.26713313
臺北市北投區溫泉路５９號五樓,25.1350699994411,121.504479982659,24412797.142803602,20013017.155728646,22394637.87611294,24624743.0742028,26833789.59691682,29502975.270487778
臺北市南港區重陽路３３２號十樓,25.057943,121.60641,11837493.12033063,10259772.933645409,10902861.3602559,11590845.3225151,12890181.411863342,14161980.131280832
臺北市萬華區康定路１０５號,25.0392682,121.5020232,20958298.938285343,18643515.893673327,19685540.279354803,20931068.90088917,22230898.727489244,23512795.43718125
臺北市文山區政大二街１０６號,24.98749239,121.5842669,27796276.38592477,25098750.474275045,26199620.063547067,27438963.708128303,29681297.122244373,32330179.22057124
臺北市中山區松江路１７０巷１６號九樓,25.0559400138706,121.532179993359,32423627.823358882,22527043.60551285,26217900.742196146,33500653.943010055,39330232.93953196,47013345.47079133
臺北市中山區復興北路４００號十五樓之３,25.0616899994489,121.543960003901,24533306.384239286,20769153.57666666,22839942.45296207,25027429.25045179,26607633.516413577,29473867.71104756
臺北市信義區基隆路一段１０９之６號,25.045266,121.567162,10950429.778811973,9226487.001210077,10082849.64103086,10954843.8624949,12158074.564596426,13557148.150862908
臺北市大同區寧夏路１６５號,25.06155501,121.514243,48685116.93004443,40096362.79183674,43577987.27499892,47928564.08258346,54822966.9351078,61268215.95178797
臺北市士林區福志路５２巷１２號六樓,25.099369,121.531157,24279987.886229526,17431304.383224398,19711560.528713614,24174224.43820823,28758442.647046063,33369928.707346708
臺北市文山區木新路二段２９９巷７弄２號三樓,24.982356,121.565856,13563590.510900022,10836068.677996214,13061281.075286584,14127777.874033388,14976645.240397345,16031615.00412091
臺北市信義區松山路１１９巷３２號三樓,25.0473199808259,121.579609998306,22230584.044180557,18968155.522759385,20415949.29219866,22328387.804224685,24094094.040405482,26087026.362617124
臺北市中山區五常街５３巷１９號四樓,25.0653199921666,121.539709959896,17591251.523157015,15848586.834192157,16523467.394103846,17570084.03691367,18557582.728263147,19929900.715294115
臺北市信義區虎林街１２０巷１７５號四樓,25.04234901,121.573714,20469666.922112662,15769324.708328772,18348348.2215584,21265024.899169125,23744015.162452467,26455267.073760655
臺北市內湖區內湖路三段６０巷３７號五樓,25.0887795964584,121.593124961165,56671142.773289666,49700639.60325354,53283481.56521813,57654697.01415015,62244861.05922389,66404374.46023599
臺北市中山區中山北路二段２０巷１９號三樓,25.053649994104,121.520999959447,14962913.308203533,10833863.99467723,13899114.84919743,15727236.12247303,17325812.946424685,19772000.733009383
臺北市大安區永康街１２巷３號,25.031755,121.529096,6680420.567266728,4488997.713832431,5416732.126300877,6418930.805070605,8394860.973502629,10468266.144514685
臺北市中山區松江路１９４巷１０號,25.0570400129338,121.532330029426,35791451.74117539,30207676.44250184,33740180.75634749,36233607.02208116,38843662.21937888,43914810.950444594
臺北市萬華區民和街１００號九樓之２,25.02548299,121.497528,32823576.387584493,30226375.73148721,31295231.90957263,32724819.630659796,34012761.882492475,35335667.235140376
臺北市信義區吳興街５２４巷３６號,25.02246102,121.567754,17872666.01751881,14892401.39480218,16512389.752312597,18047572.805846803,19489462.541738905,21907352.776196413
臺北市中山區中山北路二段５９巷２８號五樓,25.05578201,121.52411,10567841.325760541,8090308.912872137,9872828.631721802,10932624.552198755,11916043.248346357,12953166.877356313
臺北市南港區成福路２０７巷３號二樓,25.0402299803869,121.589160003508,15761126.284908457,14324965.510092424,15224576.995137015,15792680.812019182,16523393.66790065,17279751.552725647
臺北市松山區寶清街１０１巷３２號四樓,25.0527499872506,121.568879988775,19052834.1691142,16520603.240283055,17588771.55036502,18893721.393743705,20538957.939119045,22780487.208530415
臺北市內湖區文德路７０號十四樓,25.07821299,121.581415,63863556.27607099,57454070.31903712,60932597.9979832,63901570.04692582,67197802.57969901,70603403.5978162
臺北市中山區民生東路一段７０巷１１號五樓之３,25.0573200104094,121.526530003886,10553751.885899493,8753467.06658854,9542312.725808429,10750679.591039898,11546504.308702525,12227244.486376002
臺北市大同區歸綏街９７巷８號,25.05919999,121.515868,8629594.464389607,6962105.264758261,7608712.850134743,8509576.66191121,9830883.306913862,10912286.413986612
臺北市文山區汀州路四段２８１號,25.00148295,121.5355503,36397510.82088855,28416624.971853573,32517044.353046406,36062326.00457171,40194150.016438216,47639797.04293588
臺北市北投區石牌路一段１６６巷２６號,25.11402484,121.5137351,19391950.52096442,15415532.119804766,18160020.702234082,20219456.286681324,21770668.61004028,23380803.57889931
臺北市中山區復興北路４８６號五樓之３,25.062720683849,121.543981115059,18820272.4759396,15602045.214887248,17381815.873114597,19122153.65275315,20893503.078749105,22503515.666737575
臺北市大安區安和路一段１２７巷２９弄１５號,25.03573699,121.55352,17696125.301411796,12272182.368033249,15279753.535484813,17966323.749692533,22214984.44855784,24524951.783081703
臺北市北投區永興路一段２之１８號三樓,25.13895669,121.4998551,12938997.985037584,10141057.800419679,11652716.802050818,13387909.677906496,14512481.625044018,16055709.734681878
臺北市南港區玉成街２３５巷３號,25.043304,121.585509,19665869.60235927,16769377.483566944,18086867.029647965,19551683.539890766,21434080.379103452,24227784.22474873
臺北市大安區忠孝東路三段２５１巷５弄１之２號,25.04271702,121.541749,21712163.04166897,17869096.450904567,19717555.775790244,21399183.665658403,23428059.21593983,27698399.58258469
臺北市大安區通化街３９巷５號二樓之１,25.0307199987726,121.555589978376,11480075.958312834,9212254.310053928,10465525.313335098,11341484.343391337,12523993.539865041,14697005.89105716
臺北市萬華區艋舺大道５７號四樓,25.03382801,121.503877,8006017.14358882,6387436.535732182,7476292.177649724,8140138.688308797,8872056.6103803,9870436.44939979
臺北市信義區吳興街１７９號四樓,25.02862,121.562442,9647857.517785508,8165641.384918413,8925668.220810106,9916311.685984587,10558220.723362945,11215008.486281691
臺北市北投區行義路１９２巷１５弄１２號四樓,25.13318932,121.5292574,24766758.937213402,18989377.152328413,22310352.1289857,25718169.172422595,27443653.770752173,30764132.77355235
臺北市中山區新生北路二段４３號六樓之５,25.05562402,121.527798,3644119.4514544983,2098394.1961318855,2503502.296807287,3132508.2734412206,5767795.033881452,7259150.012843749
臺北市士林區天母東路８巷２３號,25.11719882,121.5318108,9576129.06277732,6907522.66431865,8606911.048925227,9878027.366446733,10868944.807099301,12310553.774604801
臺北市內湖區康寧路一段８１號三樓,25.079859995786,121.592949964848,16938649.805173095,14810770.310611494,16138958.319546089,17117562.611963313,17940044.823265262,19200030.372494742
臺北市萬華區中華路二段３６４巷１５號,25.02837248,121.503805,32439295.721873377,29941635.4138648,31279187.11491722,32766730.714009427,34136536.496655874,35874607.12498633
臺北市文山區秀明路一段１９巷１６號三樓,24.990014,121.564166,16786649.561653167,13327329.436890112,15465450.82335192,17200223.262329005,19236743.027995177,21014846.30216389
臺北市北投區尊賢街２０６巷１２號,25.11539201,121.508675,16317920.151262295,11699959.329314813,15178113.313676031,17210276.206918135,18491789.067244645,20359370.97420751
臺北市文山區興隆路三段１１２巷２弄１９號五樓,24.99921402,121.556517,16660338.987173488,13427788.128613532,15276238.125012914,16904445.135172926,18551763.875120413,20235595.490628485
臺北市信義區吳興街６００巷６０號五樓之２,25.0197599898184,121.570280018062,15740543.66520367,13961901.63062266,14757420.8599348,15641105.033119943,16686987.73717508,17571169.82861266
臺北市內湖區麗山街３３８巷９號五樓,25.08237901,121.573478,21386624.737663463,18712038.131332904,19861012.30626517,21279764.246989436,23247385.193436876,24985245.798275776
臺北市士林區美崙街１１４號四樓,25.09708598,121.519637,25347744.403501566,21427174.228873625,24299720.98723512,26061104.829238057,28398318.7225701,30252573.28313961
臺北市中山區民權東路二段１３５巷２０弄１號,25.06389302,121.534861,22457711.322937164,18943034.640208695,20382041.618002616,22439056.71297772,24680233.739490043,26474627.384159986
臺北市中山區民權東路一段７巷１１號四樓之１、四樓之５,25.0634929,121.5232404,2388671.369749206,1983160.2701308883,2198557.313973466,2378967.8357614335,2597281.1723471056,2921142.8009263766
臺北市文山區福興路８２巷６弄７號,25.00605,121.551641,23130870.78380765,18570926.146177985,20704536.137116678,23408804.83698237,26261582.189072683,28551842.511664942
臺北市中山區復興北路４８６號三樓,25.06507599,121.544121,20037453.27749642,16618531.18254631,17976433.339293107,20174273.398852453,22278002.55040147,24221208.87285549
臺北市內湖區星雲街３３巷６號五樓,25.0786999822961,121.591020031642,17281083.064722206,14803689.357058637,16641018.870186113,17512236.872419354,18841308.992434613,20115033.21585378
臺北市大同區哈密街６５號,25.07307359,121.5152585,14062797.741834579,11271179.524399763,13127295.964364236,14545370.39261226,15835825.86643006,17054451.061253432
臺北市內湖區康樂街１３６巷３０弄１１號五樓,25.07204701,121.617189,34735278.89933865,31007435.809203465,32862322.88275475,34859680.044424355,37310638.36066922,39327516.15854475
臺北市大安區通化街３８巷８號,25.03084778,121.5539297,32128275.85273903,28370538.432309154,29834494.869517587,31688696.857123103,34064834.324680656,39196095.13758439
臺北市內湖區內湖路一段２８５巷６９弄１３０號三樓,25.08523409,121.5690098,16837644.845533535,15506996.502910394,16043224.452642545,16685811.96820708,17734306.866720956,19465203.98410129
臺北市北投區紗帽路１１６號六樓之３,25.1507999818543,121.54727999193,10363022.865441214,6854297.858359894,9019515.81381169,10754588.213546561,12428709.862336947,15118240.62026212
臺北市士林區德行東路２５８號,25.10974535,121.5344327,61194758.70385494,52346245.17828371,58337665.943742126,62865564.71322296,65798355.81023114,68724608.37684187
臺北市內湖區星雲街１６巷４號三樓,25.0776999793377,121.590820039432,16729806.165471993,15024713.340251263,16191116.279428855,17048969.233421758,17842999.48576817,18792056.886708573
臺北市大安區忠孝東路四段１８１巷５０號二樓,25.0443599955385,121.550740041561,40039670.29937256,35128511.26885976,37276552.62512666,39538644.762099475,43579415.89684866,47065044.55159768
臺北市北投區文化三路９９號五樓,25.1404899894914,121.498860000399,20486130.129277896,15736959.911823157,18045415.856265087,20951012.396475554,23256331.977659985,25046272.873441454
臺北市士林區承德路四段２巷２１號十樓,25.07936985,121.5201881,43413835.53921652,35827091.10363564,39350604.01523472,42826345.31486526,48841813.70913489,56200934.49859238
臺北市松山區敦化北路１５５巷１００弄１６號,25.05524201,121.552289,39149558.596293926,34645680.9848517,36704559.39894469,39011511.74625546,41708467.822774336,44735806.23167744
臺北市信義區忠孝東路五段５２４巷５弄１２號四樓,25.0405399850758,121.580350036537,15946334.786487298,13952188.345571678,15015409.570388135,16023978.49143122,17128857.628829576,17993804.4118395
臺北市內湖區康寧路三段１８７號四樓之１,25.0699400133779,121.611940004682,17187021.064852703,15150461.597651077,15941455.155140435,16925550.548548806,18017355.64243299,20129867.479889855
臺北市中正區汀州路一段１９８巷４號四樓,25.02799001,121.508983,1880218.9975819287,1391848.0895733084,1554704.7365645815,1859913.2922717438,2199067.5876130317,2540336.998858679
臺北市萬華區中華路二段４１６巷５號七樓之１,25.02703699,121.504718,19185445.704448633,17102955.39547608,18464478.818876985,19330567.058973305,20655971.43135935,22127069.151722033
臺北市信義區崇德街２７號,25.02144668,121.5610354,17977705.875309706,15932277.651591798,16911117.608025867,17944572.430033844,19101022.893638033,21198223.238348816
臺北市士林區中山北路六段１７２巷１６弄２號五樓之５,25.1071300148531,121.525970008935,7621723.319050636,6060458.378098418,6990982.872919988,8056400.738565774,8642886.935665365,9423033.144687679
臺北市松山區三民路１０８號三樓之９,25.0579813,121.5639054,10555277.524388673,8762964.224127783,9606339.98089801,10483305.15908338,11668079.918133857,12910111.25632985
臺北市大安區光復南路３４６巷２２號,25.03851701,121.556843,37986819.20693035,28121524.5110578,34212605.04316553,39104066.24387098,46825788.6767474,51565969.561137825
臺北市文山區木新路二段１１１巷１２弄２之１號四樓,24.98363298,121.570227,11213968.297140589,8103317.719863049,10436278.676877823,11581462.593988596,12840483.121406041,13890786.52924493
臺北市信義區松德路１１９號十一樓,25.0376900122677,121.575539997581,50670033.99439445,45128021.25648051,49586854.17411648,52678063.15958648,55310104.714324035,58033781.85682924
臺北市內湖區金龍路１３巷２６號三樓,25.08512731,121.5956814,22252970.975304708,19091227.642894726,20996020.98891923,22540728.630173713,24008097.749139275,26468797.189131856
臺北市內湖區潭美街１３１號二樓,25.05386398,121.580239,19104085.249621306,15967971.078444092,18727496.717131265,20088749.29926345,21402916.741284396,23346746.7228641
臺北市中山區林森北路２８９號九樓之１,25.05560499,121.52558,14282283.913885377,11418842.897063546,12806281.254845295,14489748.629603349,16253990.744490258,18512689.254423555
臺北市信義區永吉路２２５巷８之２號四樓,25.04626772,121.5741757,54938558.063844055,39289504.72149883,52157251.9742486,57824822.092234366,64837652.241566546,69697549.31585896
臺北市文山區保儀路３２號二十二樓,24.9882100033519,121.568529960498,38542319.6145778,29665034.82649136,36973547.87290257,41188729.54617522,45217443.10986796,49391383.240346745
臺北市中山區朱崙街５４號三樓,25.0498200091765,121.542970017317,48225173.89225118,36699771.26625993,40845734.7207391,49336834.12528664,56826463.418703884,63231657.51341795
臺北市信義區中坡南路６４號三樓,25.0418300018841,121.584809963398,15693529.31691359,13714254.840392627,14703534.660943152,15675660.654233702,16880916.469360694,17672544.169853512
臺北市萬華區西園路一段８０號十五樓之２,25.0353500000001,121.49948,39811059.29887633,30479002.786179613,34365031.86669106,40582064.18864073,46091548.75215942,50015909.93526068
臺北市中山區德惠街４５號五樓之２,25.0667199795445,121.526929988306,5569097.853241265,4814835.859795975,5173387.768158255,5695163.4757974,6062618.519022256,6481178.252582963
臺北市文山區木柵路一段３７８巷１號三樓,24.98801001,121.557702,11207011.64092286,7430908.473728942,9021313.152209051,12024027.536762623,13990241.439597595,14864883.134225171
臺北市中山區林森北路５８７號十二樓之６,25.06602499,121.525833,28862716.835894294,24615321.274419967,26965443.221649207,29072518.865224946,31540243.785501122,33926827.662780255
臺北市內湖區內湖路三段６０巷２７號,25.08826101,121.593011,54256285.068023674,48242481.01558493,51553673.213085234,54940480.60294685,58564133.63734841,62118194.08803287
臺北市信義區信義路六段７６巷２弄８５號二樓,25.03303801,121.576044,17717455.954277728,15543015.734984748,16328987.326842831,17414121.468529385,19175338.905248903,20814497.68422771
臺北市中山區南京東路三段１０９巷９號三樓,25.0527199800372,121.53992001039,29945375.60731063,26466276.813636243,28698398.19293306,30789310.179892212,32149053.893832803,33572624.32338781
臺北市北投區光明路２６４號,25.13657099,121.509778,5550127.174379961,4799851.767443154,5104273.10512818,5410701.951025842,5882610.039105037,6737546.717267242
臺北市士林區天母東路６９巷５之１號六樓,25.11834595,121.5344648,18589248.421174046,14341557.283656424,16350604.755595967,18554350.699967675,20954328.661907397,23938804.60408103
臺北市中山區民生東路二段１２７巷６號二樓之３,25.0583700114202,121.532089971719,16250140.615410289,13908041.355863195,15059803.356102524,16307420.867877018,17885349.262778614,19383038.61280382
臺北市文山區興隆路三段１８５巷９弄４號,24.99561801,121.562089,12076795.594818559,8778894.398707995,10603922.333313359,12646267.770592941,14154992.249118237,15255245.655239869
臺北市內湖區康寧路三段２１９巷４號二樓,25.06797001,121.61219,17312578.705370802,13277435.869215127,16221830.481958667,17886387.830358475,19069985.008786697,20931997.14895607
臺北市大同區民族西路３３８號十樓之８,25.068589982143,121.509439973864,20449978.41048945,17865928.328485776,19650445.03458329,21031883.83534401,22361919.574022647,23208317.573274508
臺北市萬華區中華路一段１８６號三樓之２,25.03897131,121.5066552,33347744.694796268,29579790.65755642,31480514.024600618,33420508.681168005,35446378.65637605,38260446.951998465
臺北市文山區政大三街２１巷１４號,24.98612899,121.581718,26363346.74118573,23367575.378551003,25562830.405951254,26855958.40736217,28134427.540464498,30584121.59892228
臺北市信義區松德路２５巷３２號十一樓,25.0386400171736,121.577219982435,29128475.502875607,25092887.025223546,27491150.335641976,29618029.449783962,31424807.16555205,32707642.143502142
臺北市南港區東新街８０巷９弄２號三樓,25.0457500084516,121.587280026445,5072336.191170014,3012098.988339537,3535002.010777968,4588394.287533377,7013577.24768958,9504946.62883882
臺北市信義區和平東路三段３４１巷３６之１號,25.02168502,121.558068,19329451.295718335,16384790.289731866,17637621.05951445,18984606.42225689,21489555.269334923,25110182.168300234
臺北市中山區雙城街３巷２號八樓之４,25.0632399809841,121.524599986861,7894199.544221804,6870384.174469684,7400602.091711674,7919002.427675529,8463084.897150267,9015956.88372132
臺北市萬華區西園路二段３７號十樓之３,25.03176539,121.497308,32804964.89374541,28857226.492737874,31086758.25843964,32755911.599530287,34393390.24406644,37567372.30451306
臺北市松山區民生東路五段１２２號,25.05857101,121.561184,50097071.200833365,40606945.10424896,45683998.329998925,50115145.91452521,56412052.56520856,64004289.56779154
臺北市內湖區行善路５９巷２０弄２之１號,25.05742298,121.578293,35737447.02567715,30344206.531778667,33903908.63632409,37132511.78556234,39081602.38892751,40487227.36538404
臺北市信義區永吉路１２０巷５５號二樓,25.0439100130666,121.570340032489,23316393.148141284,18845296.996052757,21226891.66663838,23521454.869566925,26001353.521571524,29744417.83932899
臺北市中山區龍江路４６巷９號三樓,25.0493699847951,121.53932003376,148454692.48943105,114715173.04955077,139422770.27901927,156933816.1016824,165799464.19982356,176502095.65006554
臺北市士林區中正路３３９號,25.09441932,121.5228212,63591138.58936231,56157553.38618261,60669083.17631806,63614713.35043409,66528037.981186844,70582912.34179117
臺北市信義區基隆路一段３５０號五樓之６,25.0368500198409,121.561559988913,2300899.406885062,1646163.2480764482,2053057.5810066613,2300337.6519829533,2595222.683051042,3370003.4995293883
臺北市中山區民權東路三段６２號十二樓之２,25.062110016617,121.542570032898,32118832.743299425,28993085.433620196,30614153.212739874,32113546.520139407,33916283.68411133,35703282.186140746
臺北市北投區中央北路二段１８１號五樓之２,25.1378100016796,121.492729979331,8724835.377622938,5557471.785480412,7877919.755435818,9413749.968985267,10798071.021757055,12016805.129577043
臺北市大同區承德路二段１１２號二樓之１,25.05865701,121.517969,11470047.381550852,8884880.325323101,10157569.581742337,11862090.34718487,13088042.554973165,14393458.330949236
臺北市大安區仁愛路四段３００巷１１號五樓之７,25.0369599904106,121.554560010114,9979618.71651996,8489594.54140357,9427879.417962216,10240816.165916206,10834607.6308186,11712001.907085197
臺北市士林區忠義街９１巷１６號五樓,25.106149,121.533035,19708462.872322705,16455479.506244093,18005986.33277283,19797604.04389802,22087671.984157763,24845607.26430677
臺北市北投區溫泉路１３９之１２號,25.13995799,121.512059,3620516.428666455,2609703.5325097837,2915696.4494336513,3254541.8218544987,4276625.565745154,5897058.942945175
臺北市信義區吳興街６００巷１２８號三樓,25.0181699846956,121.572229984017,47196308.1483847,40829306.199297726,43749283.63490431,47681853.11798339,51558623.559467256,56091468.63261837
臺北市北投區溫泉路６８之１號二樓,25.13489901,121.50459,8527938.833806349,6451102.579555811,7799455.478425467,8791656.889481982,9634138.629215797,10705167.632583193
臺北市萬華區西藏路１２７號,25.02933698,121.502063,18515397.38912639,14853183.215194076,17710330.28720264,19145844.349745367,20763915.738688774,22534887.139851365
臺北市文山區育英街６１號,24.992222,121.538403,13608197.504084187,8672194.247433413,10701799.426615559,14479848.17045371,17433072.826774143,19495313.039903842
臺北市士林區中山北路七段３８巷１２弄４之４號,25.11960501,121.531795,17663025.079730853,14919930.974790003,16478030.64063722,17797606.985474832,19286377.162000135,20784632.193300914
臺北市信義區忠孝東路五段７１巷１２弄８號五樓之１,25.04193612,121.5669214,12089945.68327789,9301829.64356298,10995323.468978334,12422390.340363678,13857286.085777283,14935429.772901073
臺北市北投區泉源路華南巷８號,25.140377,121.507322,13849288.920913735,11455364.547120357,12932270.026711758,14295566.771669265,15502720.719565107,16675778.829245847
臺北市士林區承德路四段３５４號六樓,25.0903400150548,121.517000031433,4951773.867980254,3575190.8769112104,4165376.7707842914,4927535.1568956105,5732387.31844655,7463037.99615962
臺北市北投區奇岩路８號,25.13388761,121.5072858,23242040.403278872,18039603.428992257,20326951.97610721,22427957.991623983,25645867.352461815,31579891.016932033
臺北市北投區大同街１８０號,25.136509,121.499144,11333992.809335848,8780992.967208197,10415306.641269417,11356650.088400474,12763065.377258804,15816156.397985764
臺北市士林區中山北路七段１４巷６３弄２３號四樓,25.12217859,121.5346202,15637027.179731185,11697407.796589796,14077927.419257943,15851008.87753687,17666906.469373263,20126594.29135529
臺北市信義區信義路五段１１１號八樓之７,25.0333199813186,121.57324000335,11704807.534565054,9423428.653774498,10584093.650942573,11737066.258889865,13093879.2450292,15357478.090003362
臺北市中山區大直街５２巷４號,25.08241099,121.545961,14894890.123306906,10681932.652685411,13113291.938253803,16049657.103386806,17488615.919131402,19075537.5435759
臺北市中山區新生北路二段６８巷１５號七樓之７,25.0564899924474,121.526149968396,8937519.938323233,8003739.6694006,8441911.538447732,8872504.875224847,9398537.595714232,10070084.10461174
臺北市文山區秀明路一段７號四樓之１,24.98936599,121.563645,24026410.110374376,20559556.203859236,22102617.711325333,24123635.266338605,26071746.173191056,28993553.04488218
臺北市文山區興隆路二段１５３巷２弄１７號,25.001174,121.549147,14290843.810161093,12217009.489180041,13469719.54028628,14780309.936339006,15782915.583018575,17138903.88696184
臺北市文山區辛亥路五段５５巷１２號四樓,24.99832398,121.55363,16146736.039987275,13408607.342779286,14639298.96180196,16272234.030427644,17877197.889401563,19589167.657140788
臺北市內湖區內湖路三段１１５巷１弄２號二樓,25.0860600057459,121.590949958931,5892793.646259472,4511759.120704806,5356265.428682383,6062115.803252851,6761824.255040569,7622581.270302981
臺北市士林區中山北路六段４０５巷８８號十二樓之１,25.11739283,121.5261181,59357767.34767646,50183986.98369107,56784438.05969597,61247147.53424752,64386291.71845905,67004399.207549505
臺北市北投區行義路１４２之１號,25.129857,121.528211,10063868.415564813,8125615.649416641,9215834.240075428,10153715.896895925,11101366.389087759,12330529.556618571
臺北市信義區信義路五段１５０巷１０號十樓,25.0279900129083,121.570510017486,21922541.295308806,18553815.271682393,20474468.39099643,22254002.42053552,23983673.31570106,25982709.107668668
臺北市士林區磺溪街４７巷１３號,25.1070000115349,121.522269985416,44438657.171702415,35207374.860427156,42752835.720710844,46698202.94120263,50253867.717940226,53154164.84663074
臺北市中正區博愛路２２３號八樓,25.0339488501658,121.510681361198,421321218.4891724,344646838.3406841,391189191.7317711,446329968.66484326,488593585.97935206,522260504.62821853
臺北市士林區中社路二段９１巷２號,25.10760799,121.566805,11570199.23800208,7077170.062451318,8972658.020101847,12216538.596156228,14975950.653565641,17068335.700039998
臺北市大安區新生南路一段１３７巷９之５號,25.0370599865155,121.53342998658,29281644.917735383,26991958.180989966,28242363.188891627,29286533.134653986,30648131.986109823,31966861.649023183
臺北市大安區安和路一段７２號四樓,25.0352800055571,121.552350037523,35251501.69822177,31150072.623391613,33046000.102380786,35258050.52835609,37914293.417161226,41459660.91391518
臺北市大同區赤峰街３３巷１５弄２號,25.05426799,121.519995,10207466.521136979,5001144.146255028,8453373.483916178,10878257.388676839,13990177.162642872,17281563.840994015
臺北市士林區延平北路六段１１６巷２３號四樓,25.0899500051001,121.508149998965,9506927.268425727,7642778.939908596,8874875.813166024,9714746.15027912,10721246.987027068,11751780.247600373
臺北市內湖區文德路６６巷２６號,25.07683601,121.581487,24780479.657974042,21665012.744720418,23574376.952459358,25219600.594102457,26730021.887184717,28435339.665172886
臺北市松山區三民路６２巷３號三樓之２,25.0547199859539,121.564500025271,30449541.310609106,27597204.138245583,29529348.930719547,31293809.347851865,32576139.40351483,34215034.04354711
臺北市文山區指南路三段２２巷１２之１號八樓,24.9835699913016,121.57846000119,35248016.98603215,15965161.013889968,30911835.644937325,42170252.99112702,48766704.83006935,53058645.56946374
臺北市萬華區德昌街１２５巷７號四樓,25.023990001075,121.496940041658,9584372.641748194,6972078.289579447,9220825.167807251,10005396.629619036,10762994.3148522,11661678.485582292
臺北市南港區興南街７６號三樓,25.055919981122,121.601289958507,9652301.781796008,6419518.726314833,7931532.030642667,10103404.166765504,12149984.077004623,13711952.104099715
臺北市內湖區潭美街１３１號,25.05386398,121.580239,20376520.37307011,17833457.93820847,19272969.719588943,20695585.356043357,22020633.989595313,23997766.52405825
臺北市信義區忠孝東路五段４７４號二樓,25.0406600139293,121.577170026292,35081895.924223885,30271210.948575247,32161038.233676393,34903384.19280608,38501219.39089919,41425221.921700045
臺北市士林區中山北路七段２２１號三樓,25.12683101,121.53276,7910539.079600089,4789561.872175345,5978308.370007133,8456397.243211346,10454186.93254044,11815450.054572584
臺北市信義區忠孝東路五段４２３巷５弄２８號,25.04189002,121.574412,11395456.178528123,9144563.316062242,10177084.722458478,11335781.09080252,12722534.432799052,14644215.982047293
臺北市中山區北安路５５４巷１９號,25.080264,121.548998,31149764.273622304,26569021.560853347,29178566.23869289,31118959.74084568,33510456.71225867,36902994.03313024
臺北市大安區四維路１２２號,25.03183601,121.547936,12501399.85438846,9486554.913006783,10814523.510638654,12731845.756603243,14795552.54657609,16907468.213128347
臺北市文山區景興路９７巷１５號,24.9955800012665,121.54573998486,12269215.908048421,8318989.31489091,10504301.92164025,13166261.753281519,14804748.026032299,16149846.865635458
臺北市北投區自強街１７５號五樓之２,25.11133098,121.517179,17010185.467929516,13171466.892246185,15324117.718723917,17407391.444215607,19437527.146062754,21261497.364641048
臺北市松山區民生東路三段１２７巷６號四樓之１,25.0585399964166,121.547409995248,30830135.176679824,25724767.50967812,29476955.376666244,31614220.145370536,33429363.278978027,35022048.76890149
臺北市萬華區德昌街２６１巷１３號,25.02267861,121.4923286,10825621.013761038,9408214.80489923,10160345.522227515,10834378.066434963,11735271.796092637,12750012.729189273
臺北市士林區劍潭路７３號,25.08343002,121.520581,37081976.10358822,31226640.444844365,34187574.22329851,37792594.23900307,40142237.33941128,42783603.17769627
臺北市大安區新生南路一段１４５巷１６之２號,25.03566499,121.534029,34252746.811851196,29568810.96154328,32944117.337731477,34878129.69464113,36997128.04573327,39548464.332862414
臺北市南港區成福路１７１巷３８號三樓,25.0415800116218,121.589280032362,18763584.6284502,16208156.94630737,18090604.782124683,19517461.902616136,20875964.184604023,22238803.66849765
臺北市北投區中央北路三段４０巷３４弄１６號八樓,25.13956199,121.485987,23674664.62473392,19433540.40053628,22094675.98829984,24411252.22540298,26112671.234016314,27771745.41552552
臺北市內湖區民權東路六段１３６巷４０弄２號二樓,25.0671099894993,121.587550007546,17231986.792204723,15620038.08077293,16518379.88806307,17292049.300384652,18185936.09562125,19366061.26741278
臺北市中山區雙城街４９巷１２號,25.06786302,121.525233,3881306.0205620937,2624186.568222273,3000293.4948896538,3769490.384691004,4667435.35431102,6367120.912493076
臺北市文山區辛亥路四段１０１巷８５之２號,25.00743398,121.560972,14251967.799348306,11778242.06964846,13556263.20561051,14736698.544321287,15585835.186430749,16377408.751124954
臺北市信義區基隆路一段１０１巷１號九樓,25.0448500015982,121.568180016041,71722753.76344748,58062495.86370171,64008165.214031406,70009840.62144385,84730470.29420467,93384126.59721014
臺北市文山區試院路１５４巷２弄２９號,24.99104698,121.547903,12768368.20825725,9834468.587221587,11323918.568574104,13530818.286460057,14769368.39332724,16015103.49929553
臺北市大安區泰順街４０巷３０之４號,25.024234,121.529912,17744637.565744974,14787166.816488914,16271917.456201954,17931862.102528237,19636136.576516822,22295990.17723757
臺北市大安區大安路二段５３巷２號三樓,25.0312299956713,121.546299979811,18504112.44551517,15517686.527580064,16756468.747374188,18373010.638401415,19998590.710360143,22678079.999606833
臺北市大安區信義路三段１５６號五樓之８,25.0332100107489,121.540830033617,14336019.40308848,12977581.101888372,13527033.88090239,14421450.077521691,15314414.378579795,15915841.951257553
臺北市大安區杭州南路二段６５巷２６號,25.02963601,121.52333,18184901.48887313,12591827.624391394,16700796.735498633,19073820.82648334,21641705.598759145,24112680.88632361
臺北市文山區福興路９６號,25.00577801,121.549983,6479588.339870519,5016398.640631824,5960715.286956824,6739626.3283931315,7474785.57433582,8127182.739798184
臺北市大安區忠孝東路四段１８１巷４３號五樓,25.04432898,121.550925,9272077.845086638,7417627.325662545,8457794.27555014,9302299.343413817,10340823.058252854,10873622.04611695
臺北市北投區崗山路５巷１１號三樓,25.1400299906451,121.486410024337,14383930.85706313,11707579.386930827,13714660.377939893,14640330.72817883,15621344.429537028,16558575.455280017
臺北市中正區和平西路一段１０１號三樓,25.0270652,121.5173445,68704401.53418498,55177005.17960894,63406871.537866525,67351081.9424631,78509869.91466618,89957192.08902855
臺北市大安區安和路一段７８巷１３號四樓,25.0351000041864,121.551119993232,57377570.16064202,48590735.5644135,52389013.575319275,57242846.11380148,64075095.31680727,68693700.2837958
臺北市內湖區康樂街１２９之５號六樓,25.0712499791157,121.619320018971,20120203.622003444,16554798.132427074,18659644.714725293,20679299.94622416,22476121.207656965,24197116.67957376
臺北市士林區德行西路９３巷２弄４號三樓,25.1046900009293,121.521370020472,18861689.035091307,17081581.778117508,18333295.499427598,19796678.759628374,21134403.64117638,22818748.682658162
臺北市萬華區萬大路１３７巷１８號三樓,25.0290199811706,121.50135998684,5853884.600675594,4863651.3699107375,5480329.931384185,6040946.1852834895,6420535.081340238,6865634.949092327
臺北市中山區南京東路三段４８巷６號,25.05106388,121.5384109,25978953.269557014,20977118.84449007,24544822.03421758,26984145.93663551,29097251.190100305,30716903.929555267
臺北市大安區和平東路二段１１８巷４弄１８號五樓,25.0241800188199,121.542199971872,10973647.697686754,8001692.54784734,9308078.380004589,10651465.572817596,12795165.243157975,15767918.086562727
臺北市中山區長安東路一段５６巷１弄２４號七樓,25.0471199886161,121.52964002524,14871541.74011987,12529632.381253108,13707373.769979369,15022069.135239393,16206192.635871733,17859582.27408822
臺北市大安區延吉街７２之５號,25.042534,121.554093,22965531.853317134,18999846.919104364,20585631.533722326,23065062.708218012,25630053.265918463,28053172.652409893
臺北市中正區南昌路二段８９號三樓之１,25.0270799896806,121.520929970555,21476977.052119046,18339683.31110422,19904379.702706076,21265765.56328908,22873177.338414952,26041386.648705646
臺北市萬華區成都路１５７號五樓之１,25.0436699972691,121.502909968376,11652050.453327363,9048606.02527133,10258215.581709847,11981103.999273613,13129076.653311737,14120142.546889797
臺北市士林區至誠路二段９２巷３弄１４號,25.10191899,121.527199,20762425.1509502,17140725.628925674,18930756.620491806,20466038.084801003,22729835.182254627,25754320.333429486
臺北市士林區芝玉路一段２２２號,25.10849798,121.533873,40872751.464287,33015079.927933544,37609613.66662733,41991872.674151644,45991279.99396396,49338020.66289903
臺北市信義區吳興街２８４巷５９弄１號,25.02233902,121.563498,29150203.017427616,22667870.507956788,25672531.9806671,28394280.270810664,32306490.68718472,39995951.4364441
臺北市北投區公路１５３號三樓,25.1323027,121.5026806,13053131.708348133,10742786.554870822,11994559.439245464,13136258.83810322,14783956.171718435,16812120.22141957
臺北市北投區光明路２４２號三樓,25.1361148,121.508004,18660422.591333028,14571435.442462279,16282000.453698665,18919008.71736044,21553942.31587058,25363129.048583884
臺北市萬華區環河南路一段２３號,25.04684401,121.504205,7787034.588371792,6111289.612897707,7361847.8479270525,8060217.712363423,8661162.735910911,9409906.031922517
臺北市萬華區寶興街８０巷２８號,25.02564098,121.493612,9356582.203654174,7403450.364180371,8845280.601206651,9694030.369865255,10446984.063125791,11660585.807950288
臺北市信義區吳興街６００巷７６弄３號七樓,25.01863602,121.570698,27670633.30061215,22401186.35339689,24806974.956204116,27589132.13323016,31766448.5447429,35886731.10795991
臺北市中山區民權東路二段２０６號,25.0622049,121.5365097,12285241.09488523,9784685.496857785,11043228.409085475,12251886.612612993,13757560.441087188,15801115.620119251
臺北市文山區恆光街２２巷５號,24.98231899,121.566777,14045463.856799945,11619832.380899213,13260829.503758125,14363443.187059734,15446644.122990306,16940085.048109606
臺北市松山區八德路四段６３８號,25.04981301,121.574671,20796148.753012244,18037116.028633505,19658595.40313081,21015158.524957463,22350329.94770969,23700504.13148526
臺北市中山區農安街２１０號二樓之１,25.064690008324,121.536470019043,30528849.30601557,24074788.347272743,27560077.58198397,30607771.780339416,34379631.14824981,38158735.046853654
臺北市北投區承德路七段３９０號,25.11973799,121.501939,56832790.27911681,41212506.49488565,45366366.96074806,52257634.57625678,75105478.73704307,103810649.9572641
臺北市大安區安和路二段１８９巷１５號三樓,25.02692798,121.550837,11372111.63938818,5806224.761929737,7146906.001088707,10117761.927564671,21685650.11438594,25133054.5486523
臺北市大安區潮州街１０７巷９號三樓,25.0293000205556,121.52771998268,24944248.888264455,22484429.31581894,23638323.528787024,24881784.14836361,26297161.474253766,28190829.315676693
臺北市北投區榮華一路１之５號,25.113398,121.5247182,33633321.942685425,29250943.628781375,31073078.791798364,33149217.02011857,36109155.04015705,39939457.642613545
臺北市內湖區瑞光路１１２巷５６弄３５號,25.07058701,121.579694,16453822.901982596,14680015.731449567,15556781.067811234,16446004.244644785,17313556.986741625,19287674.84173818
臺北市中山區錦州街３０巷１１號六樓之２２,25.0595200085358,121.524869967962,5066588.175920972,4049846.90153534,4774604.388151897,5200448.840464802,5791833.660952285,6148789.943556095
臺北市士林區忠義街７１巷３３號,25.105963,121.533317,20068917.488735992,16496096.261803323,18364237.762861244,20223982.230083372,22616358.49432875,24815593.74900058
臺北市文山區新光路一段１５１號五樓,24.99233201,121.573895,14994506.12197946,10391808.939860197,13952017.595812483,15704372.789961305,17730174.88731158,19128392.47519746
臺北市信義區吳興街２６０巷１９弄１２號,25.025801,121.563636,31365532.318303164,25743931.129382014,29305649.176475912,32188963.137485094,35253390.29800929,38241204.204135925
臺北市士林區士商路１４９之２號七樓,25.0940800202517,121.517460030279,44848600.11346242,37950359.286155954,41720287.05018428,45504616.44165917,49498242.398407325,52496323.048310824
臺北市中山區龍江路３４２巷３８號五樓,25.065487,121.538919,99295.8418493087,25099.902989469498,44575.326751265515,95480.2625172174,244400.64968380536,330445.72845455795
臺北市信義區嘉興街３０５巷３號,25.02326702,121.554884,13920573.738883995,11815265.76740396,13052193.594937053,14118510.957970317,15583289.860323446,16481791.845205834
臺北市南港區研究院路二段１２巷５８弄１之１號,25.04729802,121.613907,15435282.578495242,13277909.51655856,14328566.843437761,15738863.67966059,17259525.772848308,18186235.624385614
臺北市中山區天祥路８０號八樓之３,25.06396598,121.520529,14407575.371952593,12072825.535886297,13100929.7263007,14305159.540913595,16020834.543088693,17427975.788371164
臺北市中山區民權東路二段９號,25.06281699,121.528581,16580191.327041397,12786602.712387385,14838967.456125142,17129461.442950387,19147049.743371166,21122803.16377177
臺北市北投區奇岩路２２９號,25.12822609,121.5096612,47542670.2232655,40422366.09200476,44054654.57752048,48463368.89351269,52667155.1642164,57107532.54958587
臺北市大同區南京西路３４４巷４１號十一樓之４,25.0527199800372,121.512240032438,10769075.447423493,8398199.947344065,10348870.472102406,11419875.595598932,12330448.573047891,13331349.373289831
臺北市大安區和平東路三段２１２巷２號,25.02253499,121.553953,52473776.991144076,40370215.52511002,49842082.15458322,54729370.765002295,61420184.68360996,66079020.54694853
臺北市北投區公路５５號二樓,25.1323027,121.5026806,36696952.44874419,28565539.801222593,32255392.500943232,37792237.46340929,42486748.82117759,46076305.99012148
臺北市文山區興隆路二段９６巷２號,25.00056799,121.549787,21281382.82336402,17214134.006499447,20217122.213620298,22120070.000219755,23503492.386683136,25225422.647814147
臺北市中正區金山南路一段１３９號九樓之１,25.03517699,121.527661,10432408.789500587,6151499.687285045,7442311.407053301,9647451.387539005,16847233.457457464,19831831.963393778
臺北市士林區德行東路４６巷７弄３號,25.1061600191082,121.526520029421,30005741.571607422,23368217.69215567,26269027.413087085,31200794.61900017,34569840.941644795,36960177.486096755
臺北市大安區泰順街４４巷２號二樓之１,25.02362698,121.531075,25672494.695103563,18087710.98775355,21766835.523487177,27238632.99224045,29942823.965429172,32320877.33652142
臺北市信義區忠孝東路五段３４５巷８號二樓,25.0415500044085,121.573590031626,61674480.318634845,52546562.138739645,58416553.68946065,62974265.12312007,66220046.90507419,69484999.47956629
臺北市北投區西安街一段２９３巷４號四樓,25.1123800199071,121.516420003733,11088262.856506208,8711150.312500998,9934499.948788906,11240446.108301433,12404552.685253678,13973199.015844066
臺北市中山區新生北路一段１１２號十樓之８,25.0463999831334,121.532230033321,7096266.367202394,5869619.8916739365,6248352.790204327,6895610.824543303,8142773.152765563,9137250.063920723
臺北市萬華區和平西路三段３８２巷２弄１１號,25.034862,121.491087,5335581.346497856,3433938.0505584935,4030099.9936777884,5085211.571630746,7484857.670171406,9011395.6684184
臺北市士林區德行東路３５８巷２４弄４號,25.109537,121.539375,26768206.6827902,23183846.8120326,25437426.227082543,27010959.446961083,28147259.28877589,30093841.370226298
臺北市士林區中山北路七段１４巷５弄１３號十一樓,25.1194799948109,121.531459987877,51924526.02196257,39867294.75668931,46564256.21942599,53663677.47928273,59371130.380997024,63148754.90189339
臺北市士林區承德路四段１０巷２０號,25.07967002,121.520946,15334887.367617484,13712220.822340924,15288649.176998047,16012865.683141008,16663417.4277959,17709106.395833876
臺北市內湖區康樂街１８６巷３４之１號,25.07719401,121.62043,23407405.160654902,20613121.161046416,22418166.658427656,23693968.418940414,25053223.9903457,26930296.07168952
臺北市文山區育英街７９號五樓之１,24.99265698,121.538814,19126739.50733161,13684976.016486943,17103523.446858417,19496467.96102204,22541999.022309773,26545330.754153468
臺北市文山區辛亥路四段１０１巷９３弄１之１號三樓,25.0065200193816,121.560279988479,13944765.192348432,10455742.19232066,13319729.149975043,14845094.559003517,16005983.990084771,17149033.668644875
臺北市文山區興隆路四段１０９巷１１６號三樓,24.986778,121.564596,23415104.47989791,17602804.745082136,20535747.329791825,23092166.214194164,26654373.582337297,32537070.955563977
臺北市北投區尊賢街２４９巷２號,25.11774201,121.506711,15946944.395790774,12094525.94418567,14675576.42459757,16648934.108172126,18342412.24924076,20232980.078954116
臺北市大安區忠孝東路四段２４８巷２９號四樓之２,25.039479,121.554335,22070054.324386917,13611150.385525905,20739352.851589493,24022272.176307797,27389222.319770474,30410252.64025995
臺北市松山區八德路四段５８３號,25.050149,121.573894,20183352.289535757,16460034.218768245,17665549.362798184,20100557.59734984,23343162.50097406,25128684.205454934
臺北市文山區景福街５８號十四樓,24.9990799906659,121.537820008368,25630548.47975199,22233822.924384065,23911289.272267323,25923634.1600957,28417598.81196679,30440262.225709245
臺北市信義區信義路五段１１５號,25.03334999,121.5739149,21748661.35013441,18024007.44959247,20000700.586330462,21545026.544431128,23818497.263650097,26650940.305798218
臺北市中山區敬業三路１６２巷２０４號,25.0792772,121.5600828,31623905.402609367,29528022.38408931,30520251.56413324,31752382.25245117,32836417.048112344,34107747.587659135
臺北市內湖區陽光街６８巷１５９號五樓,25.075750013383,121.5829399608,32453710.00152755,26077947.540184718,29381962.0439807,32424220.04165104,38679224.042139366,46256225.663521774
臺北市內湖區內湖路一段４１１巷９０弄２７號四樓之５,25.08484002,121.57147,17513951.16849452,15387928.785934005,16426407.239912719,17670010.272577986,18844010.501341082,20430829.382183
臺北市北投區義方街１號,25.14070398,121.5026,42734066.42781594,35927502.825056836,38736953.38883277,42207271.9334659,48245711.91066029,52133281.21650776
臺北市北投區三合街一段６３號,25.12690749,121.5057629,54869767.94265354,46067842.97260649,49961163.39816965,55376963.90043964,61200405.10119507,65614142.92763455
臺北市南港區向陽路１９６巷３６號六樓,25.0568900187765,121.59532003179,38746647.33318431,34712039.284135506,36805075.38418699,38854321.18925315,41632073.49598354,44618109.59928471
臺北市大安區新生南路一段１３７巷１１號四樓,25.0370599865155,121.53362997879,44534105.268312395,36990176.18553306,42189499.53476905,46017322.93825163,47926705.39173888,49666288.118921764
臺北市士林區中山北路七段８１巷１６弄５號十二樓,25.1222000062103,121.530309990761,42821791.07393938,35627275.94286529,39437039.5915045,42734723.027254924,47268138.241789296,51425079.31894675
臺北市北投區明德路１２２號四樓,25.110020011249,121.52036000114,15821422.50288017,13972887.135243684,15323582.065638708,16290428.951228278,17376375.66373126,18667117.587025966
臺北市萬華區華西街６１之１號三樓,25.0369899976239,121.498390027088,11219917.567257024,7472392.956050731,9088226.884188013,11458119.488575228,13349344.674014626,16930878.139564376
臺北市信義區吳興街６００巷５３弄８號,25.020114,121.570525,17120798.33913136,14859865.797124285,15790309.159033189,17149255.826448273,18464527.429532193,21053768.49747222
臺北市大安區和平東路一段２２２號八樓,25.02605798,121.532108,2458118.1206286065,1681678.185161503,2298004.537674055,2547071.7681310717,2786336.675807393,3035660.9872815767
臺北市中山區吉林路４４０號,25.06639321,121.5302929,16946254.21818841,15238095.163418096,16100359.07687345,17000263.46828157,18162592.216115654,19309909.30070395
臺北市大同區環河北路一段９１號六樓,25.0531200063662,121.507529989587,13280266.195819315,10546064.325124403,12557982.606810072,13800597.726166718,14916539.168619474,16083201.16626129
臺北市中山區農安街２巷２０號,25.06403899,121.52297,2422247.705548084,1914035.7477095614,2183618.1275322996,2411858.8045723047,2672646.292486583,2965341.017329176
臺北市中山區長春路２６號七樓,25.0547499931672,121.541269999715,12409938.688771628,10242364.312418275,11135165.100209014,12573685.944679182,13918872.503112335,15417119.990830423
臺北市文山區興隆路三段８０號,24.99973701,121.55652,17986432.74105314,14421235.148830948,16466174.189711222,18338211.643123247,19859224.748803653,21415188.539542712
臺北市大同區民族西路９０號,25.06837578,121.5170201,23438071.35788918,20146196.39266117,22766051.31807042,24148664.511574417,25428492.10718829,26993286.38247641
臺北市內湖區民權東路六段１５０之１號,25.06876839,121.5901577,9830632.90213099,8832459.009963887,9201322.36625493,9815963.43878055,10449469.885590356,11023954.950492535
臺北市中正區南昌路一段１４５號七樓,25.02953999,121.518706,45113387.53693223,36968468.510663815,42373586.366615936,46464026.837168075,48893117.54783745,52599801.62314597
臺北市信義區基隆路二段１４９號,25.02688301,121.555634,29905638.886469822,24524605.566967107,27140744.824918516,29867228.081210554,33403096.400414586,37147071.19567703
臺北市萬華區昆明街３０３號,25.03563402,121.503463,13560814.0208574,9622878.43215977,12074852.186761338,13856426.79630767,16691895.971268097,18840719.824535575
臺北市中山區龍江路４１２巷５７號五樓,25.0677100080381,121.538630035491,7463229.063940349,5531622.188443764,6333153.952672062,7495863.463407267,9077388.686035275,10272888.530061599
臺北市大安區安居街４號十樓,25.0200899853465,121.554030022376,28793018.89182465,24469031.021214068,26806866.50429262,29504276.603529893,31549230.720986262,32873374.370919693
臺北市大同區民族西路７６巷２弄１０號二樓之２,25.0679299910869,121.517260038069,23229730.041950606,20278934.275080267,22698602.24569203,23944643.841764394,25444458.919535145,27074749.52845212
臺北市大同區大龍街９１巷１２號二樓之１５,25.06723199,121.517021,13613024.942434356,12035750.375530723,12703719.144605793,13622470.173174515,14462349.254755855,15439491.50417843
臺北市大同區承德路一段２３號三十一樓之１,25.050695,121.517194,79108598.56880562,63789484.83805122,73059794.2706523,82644554.95491135,87789869.21364887,91346780.89155148
臺北市士林區士商路１４９之２號,25.0940800202517,121.517460030279,45240735.07437068,39141210.22106892,42118707.11533244,45993093.30595936,49498242.398407325,52496323.048310824
臺北市北投區天母北路８０之１號,25.12359798,121.525897,25301572.059189625,21749050.045466505,23740255.977805175,25395546.88543826,26907960.6997151,29351081.094638802
臺北市南港區松河街７５８號,25.06113788,121.6114816,23042323.61204037,18168183.01252325,21168662.672067557,23760850.845336214,26280286.82818918,27813762.13969466
臺北市北投區溫泉路８９號,25.13570602,121.507004,23806090.026594028,19208441.790029977,21021489.407811195,23313084.20787478,26478221.70625303,30958357.89823503
臺北市松山區南京東路五段２５０巷２弄１３之１號,25.05083502,121.566802,16873182.62887405,14400922.407301266,15594258.066382112,16975510.085930746,18707634.457799967,20318202.7791551
臺北市士林區天母西路５０巷２０之１號,25.11787249,121.5244591,52904427.79678512,43065057.62327411,47751349.55586203,53683040.10980095,60396066.33011074,64597382.10736557
臺北市大安區永康街４巷２之３號,25.0328500080075,121.529700039667,1681944.765727125,869218.4380608437,1241883.867577957,2055805.8121457638,2391170.8491046745,2581631.7372789583
臺北市信義區永吉路４４３巷１１弄５號三樓,25.0467099878223,121.578620011722,17864449.128020413,15408812.028554222,16398748.539533777,17538670.34305538,18875306.160074398,20506777.104624674
臺北市內湖區成功路三段１１７號,25.078912,121.589818,14720355.827272562,12836525.374009948,13720242.63304019,14728970.82060268,15960734.574765401,17172666.59308103
臺北市北投區致遠一路二段８６巷６號五樓,25.11292602,121.51365,11861931.61140575,8704520.92343295,10169439.371970005,12001463.507015483,14390359.119140085,16576631.676482586
臺北市南港區松河街７７２號五樓,25.0614600000258,121.611940004682,40389505.619153,31387318.650254786,34820235.128337674,42449160.077369675,47100384.701314375,52541851.63507212
臺北市士林區葫東街１０巷９號二樓,25.083139,121.510819,2887089.3315516394,1952797.262861147,2402816.82582669,2870982.8856569864,3558789.1262268825,4143734.5168553586
臺北市內湖區瑞光路１１２巷５６弄３９號三樓,25.07051501,121.579475,24076872.890296713,19874261.520148855,21695333.25445756,24455769.356514774,27226639.15393013,29451043.36492055
臺北市內湖區成功路四段６１巷２２弄３號六樓,25.08138701,121.593469,11512121.467400678,9552319.211500715,10471838.865154892,11689283.14020688,12943432.349031935,14807866.225724073
臺北市文山區興隆路四段１１５巷５號,24.98625501,121.561585,31497511.68011669,24731840.439933583,28055014.51261162,32150224.50296431,35548565.2288313,39200144.76780865
臺北市大同區南京西路３４４巷３５號九樓之１,25.052870016104,121.512259981368,7008306.4951006705,5979831.463825565,6315673.01741097,6926405.015350042,7784838.623872727,8367281.05491033
臺北市萬華區長泰街３０８巷１９號三樓,25.021452,121.492749,9951351.946496757,6955347.250816941,9494909.51340077,10591630.308064459,11622319.235176902,12923438.878776398
臺北市中正區和平西路二段２２號三樓之１,25.02812199,121.513477,17470246.696555976,13645634.769652264,15779614.783837799,18131551.278837986,20740825.347434096,22589809.24748983
臺北市大同區南京西路５７號,25.05304398,121.519385,19071743.920941122,14777774.463997314,16167028.261549005,19932729.091356758,22784814.713223495,24123848.113436654
臺北市松山區敦化北路１４５巷２３弄３號二樓,25.053200011632,121.550360006071,35452103.851343915,28848905.76002384,31570923.01376024,35755222.60829515,41602294.62519609,46306782.120966785
臺北市中正區汀州路二段２７３號二樓,25.02221601,121.524186,30286954.008653622,23641804.458355557,28217967.67682024,30939834.811397597,33991206.95264812,38567284.41972639
臺北市中正區延平南路７０號九樓之７,25.0448800088115,121.510319989878,4986835.825439012,3425388.1022849716,4386511.941741899,4977800.690340591,5930749.165939158,7250126.452237835
臺北市松山區敦化南路一段３號,25.04735502,121.549316,85662231.25477535,65208918.239146076,72730284.07620156,88814089.49606971,98048094.33376959,107367767.86885181
臺北市中正區重慶南路三段１７６號五樓,25.0229960683313,121.516768244131,8681717.530686742,6547873.770955849,7737523.333985702,8795681.642715864,10074447.410248935,11220064.999077324
臺北市中山區林森北路６２８號,25.06743701,121.525567,24197030.376084194,20967424.772959888,23092880.50239494,24510933.357829295,26307697.698274825,28924373.88747023
臺北市內湖區文湖街２１巷１１６號,25.09110801,121.559691,22368054.548184104,20448789.10659374,21323729.41797653,22631895.989384804,24068565.877599463,25125346.137852795
臺北市中正區鎮江街７號二樓之１,25.04351799,121.521274,23385106.504285097,18454210.727700435,20754520.84814978,24006465.980972603,27072013.43820162,29781794.919027925
臺北市士林區劍潭路１２號,25.0839054,121.5240544,20280334.789826177,17440671.548268355,19065331.6017766,20659838.397820767,22485699.335086584,23847002.78474694
臺北市信義區吳興街６００巷１００弄５１號,25.01741599,121.572487,13639435.806414835,8848068.794873765,13165168.230995659,14699587.881195199,15737350.695436345,16513807.215577468
臺北市松山區松河街３８號十二樓,25.05069089,121.5732378,37501832.540669605,33200675.02452739,35572988.88734007,37614246.80400218,39421799.58670305,42187764.33520368
臺北市中正區詔安街２７２巷５號,25.02754799,121.508495,11567492.400011893,9920144.030107785,10872974.52786448,11670159.310586669,12557732.555940723,14165524.450201176
臺北市大安區光復南路６８８號,25.03001701,121.557229,13398719.477439173,10209324.057435852,12565801.05822588,13931210.22583522,15160962.271619668,15965625.64314942
臺北市萬華區寶興街１５３號,25.02426899,121.49526,10899055.282721482,9508749.14170207,10239459.644118844,10908425.64320826,11758224.989394542,12899314.433003902
臺北市中山區復興北路４８６號三樓之３,25.062720683849,121.543981115059,18801586.100104284,15725936.036906283,17381815.873114597,18861564.658255003,20747372.482350744,22330540.2123011
臺北市內湖區陽光街２６５巷３２號五樓,25.073620004148,121.579849972194,19086263.792658105,14171359.376634747,18144894.583081096,19777785.626914844,21402916.741284396,23130780.455845527
臺北市中山區松江路５０８之１號十一樓,25.06579801,121.53302,11057167.01584718,9300255.733795572,10280605.17368257,11099618.30255839,12149330.862893699,14226669.428125536
臺北市信義區和平東路三段４３５巷７弄２３號三樓,25.019423,121.559352,16349042.288612127,14773569.62645058,15512732.884849938,16376988.539545452,17317510.192891296,19421700.95695057
臺北市萬華區大理街３０號四樓之３,25.0345700164487,121.501629967942,13391479.746738467,11450786.690163657,12077696.579660945,13128376.461842027,14410465.965572804,16340702.061882462
臺北市中正區中華路二段２９９號六樓之１１,25.0295500108178,121.504609985978,2539509.7282103947,1662471.6682668529,2287631.4344624327,2635549.544462594,2893534.710831492,3409860.4110446125
臺北市文山區興隆路二段８３號三樓,24.9999986464029,121.556568579963,38275722.45464383,13141824.422157515,36784515.638930365,47773440.79639172,57061876.58117424,62764390.21418737
臺北市松山區八德路三段１６５號九樓之６,25.0481699896269,121.555399960631,31363270.230406802,25268493.186745383,29314058.628848378,32368404.704923563,34819851.84676653,37298670.102726646
臺北市士林區承德路四段１０巷３１號二樓,25.0801099860482,121.520399982818,11235438.112644382,7967593.477386932,10177908.124802046,12001489.055953281,13340835.381358253,14071283.610506821
臺北市大同區大龍街１３３號七樓,25.067406,121.516039,10557722.038069408,7940163.380538185,9450785.196769265,10945264.58938942,12340328.583426997,13724812.020319039
臺北市松山區民權東路三段１２５巷２號六樓,25.06238578,121.5458616,11747370.4997514,8901954.986906622,10638833.75637501,12150431.15658454,13424247.98636352,15219177.647517718
臺北市大安區復興南路二段２１８號二十二樓之３,25.02633819,121.5432281,45576520.04901382,35690637.53318341,39447246.86486569,46254909.62656818,53092933.30833031,58003152.740225345
臺北市內湖區民權東路六段４０７號二樓之１,25.0704000122242,121.603000034393,29087623.323452726,25053324.048529893,27363406.68611051,29290152.98409502,31125763.93923146,33575423.46539308
臺北市萬華區萬大路２７７巷１４弄１６號,25.02487601,121.50093,31874286.949961744,28308082.77547752,30737986.85350773,32340542.079886314,33776681.12047052,35088096.13221005
臺北市中山區新生北路三段１號十四樓之２０,25.063009981561,121.528000022065,6341326.97040595,5631210.320617797,6012630.699725668,6292847.315843308,6674275.108919909,7542253.266648269
臺北市萬華區中華路二段３６４巷１５號,25.02837248,121.503805,33596610.5083713,29452312.098462287,31220689.271978926,33034093.97414539,35216768.21997232,39355436.19094513
臺北市大安區信義路四段２５７號二十七樓,25.03347199,121.553661,162088381.6703732,111080064.29759972,152248018.58145446,170561023.29528365,180702405.2747975,188078366.5394441
臺北市松山區民族東路６９３號,25.06323701,121.548579,25244237.792286128,22025065.990688577,23517073.330294155,25128581.157619108,26799866.232682973,29534973.503406025
臺北市文山區萬隆街５２巷８號四樓之１,25.0007600174289,121.537610041694,13608449.58197657,11639526.5090543,12554680.971901966,13428289.867835894,14696025.371833583,16243847.49380249
臺北市大安區瑞安街１３５巷１２之１號二樓,25.0266899797258,121.540180017026,30243093.773673326,26859557.37206094,28445849.432626013,30079772.894710135,32094498.186306912,35006744.47735566
臺北市大同區承德路三段１２２巷１２號六樓之１,25.06734799,121.517678,17402025.53985975,15695056.938809594,16676130.573721739,17436940.337400448,18239972.9572576,19226885.169413023
臺北市大安區光復南路６２６號十樓之３,25.03178458,121.5572752,22656520.213871296,18149497.64289284,21389529.1547528,23871749.44210252,25655808.81866719,27248920.12302071
臺北市北投區榮華一路３巷８號五樓,25.1122599910536,121.524899975175,18045166.051650383,15315246.18217702,16929219.241260782,18092388.742390923,19561014.559740648,21157371.680234857
臺北市萬華區西藏路１１９號,25.02955102,121.502718,34587299.23933949,29378176.77303729,31968766.188532848,34045892.99317441,37825529.9874032,41412888.80982931
臺北市士林區天母東路２２巷２３號四樓之７,25.1170209,121.5325698,23665373.100354634,20290923.244910356,22813769.550612904,24613658.301483884,25866460.90779946,27286675.773397397
臺北市士林區仰德大道三段１２５巷５弄１１號三樓,25.12088099,121.550795,17834442.67294124,14174853.597903088,16119517.334883457,18221863.15433782,20257632.874348532,21745103.769813307
臺北市中山區林森北路８５巷６６弄２號四樓之１,25.0489899912146,121.527140038799,10330481.108606383,8558698.361380622,9580505.020634718,10724623.38131512,11418848.840546714,12318500.856093884
臺北市文山區汀州路四段１０５巷３號四樓,25.00670002,121.537041,16291578.499835722,13973187.644688416,15265078.699672386,16507065.813056512,18095264.36046115,20143995.210764736
臺北市大安區師大路５９巷９號,25.02402399,121.529128,13151113.537792236,11326381.862912038,12253296.254918745,13110610.879952837,14181425.007676315,15374044.148061434
臺北市北投區石牌路一段３９巷１３０號,25.11745311,121.5098795,21215155.690065738,17590972.253173113,20053060.513656307,21574846.233656332,23115794.50214371,25305342.646536402
臺北市中山區新生北路三段６１號八樓之１８,25.06597902,121.528078,9595466.505990736,8085494.456519752,8869603.67072224,9735442.276882434,10435536.103485936,11145859.822508246
臺北市士林區中山北路七段１８２號七樓之５,25.1246699854381,121.533050034909,18286064.467839003,15937220.130614992,17183845.0142259,18243520.696810875,19697259.03512916,21407534.076848898
臺北市中正區水源路３７之２號,25.0186032,121.5239452,45269254.4355356,40896475.94536742,42980770.64217241,45354768.86597699,47827565.17247751,50982399.572121486
臺北市內湖區民權東路六段２９６巷１１３號九樓,25.06989098,121.608964,31560250.307463907,27843823.073941354,29547242.391896755,31228165.838854495,34447644.57114429,37969560.18841138
臺北市大安區辛亥路一段１３５號十一樓之１,25.0225299992703,121.532260040535,32954269.991363164,25615400.71936734,31915890.11868631,34607259.907538414,36804576.82899969,39288310.70922311
臺北市北投區致遠一路一段１０４巷２號六樓,25.10972011,121.5153902,24383344.88682281,18691812.16773498,21656739.113977235,25153553.72016847,28897498.29893367,31989843.18182857
臺北市中正區廈門街８６號,25.02435901,121.517331,21514791.026382968,18403390.48209002,20343717.95484875,21830260.712699614,23611923.60463159,25531501.501142092
臺北市中山區林森北路３０８號六樓之３,25.0561400060803,121.525359974022,22924023.73598188,19292948.026249696,20649054.673213158,23036924.35667117,25248166.105863117,26817165.429832608
臺北市中正區羅斯福路二段１９８號十一樓之１,25.02480799,121.523847,22321137.2357522,19558906.155388694,21165557.88008774,22470424.72035463,24199840.22205708,26383065.87140867
臺北市士林區中正路６９０號,25.08618599,121.50643,14945876.452667223,11535430.322476963,13752969.842205765,14997940.186328445,17066540.671406057,19693728.812998105
臺北市松山區南京東路五段２００號十一樓之４,25.05115001,121.564349,23468776.149938744,19821221.008196335,22061120.5088681,23971865.691112176,25767823.210740402,27935856.5007532
臺北市中山區合江街１８０巷５號三樓,25.0611900189245,121.538879983844,22813637.890876193,19190163.74044194,21021698.05394782,23608576.371828277,25446621.01192829,26832846.678800885
臺北市文山區羅斯福路六段１４２巷２０弄１６號,24.99654501,121.54042,12268289.842889458,9697556.608998356,11307006.43645996,12578180.253239673,13774666.787961535,15930316.525711674
臺北市內湖區文湖街８１巷２４號,25.0871713,121.5641107,26775292.508116134,23376204.008358717,25080008.916534863,27322558.975703694,29274924.08954403,30647894.29446512
臺北市大安區新生南路三段２號,25.02577878,121.5346299,31262317.844709788,24491855.300188176,30371584.761038642,33066549.402986478,34878527.334315956,36265123.899010725
臺北市中山區合江街６１巷２７號四樓,25.0573099940351,121.539850021498,17504951.68398502,15562721.73639697,16519237.709608624,17552918.97514954,18642666.91842465,19718863.118530665
臺北市信義區虎林街２３２巷４９號二樓,25.0360099855047,121.576390006382,20104421.562684722,16342166.612552404,18669182.89401605,20419797.29640581,22319034.389260672,24206891.835621722
臺北市內湖區民權東路六段９０巷６弄８號三樓,25.068464,121.585653,17859807.73297354,16220044.98547399,17050761.324567426,17935532.146685265,18715087.90879587,20149436.224048026
臺北市文山區萬安街４４巷６號,24.99962599,121.570406,11123304.12820762,8711088.431006601,9974916.19759057,11302809.00304433,12715255.712652676,13814452.820187753
臺北市文山區景興路９６巷２７號三樓,24.9945900146824,121.543140002314,18384310.32527719,16233702.213830898,17634203.545763075,18916932.010703623,20449077.756920658,22101252.701279387
臺北市萬華區大理街１０３號六樓之１,25.0345095,121.498112,24565749.167611998,20837808.513853274,23003380.815314665,25053809.392656278,27246847.388799325,29104801.88247055
臺北市中山區中山北路二段１２０號十一樓,25.0610899809101,121.522699977049,153138189.31807473,113500915.82873625,127470904.48552838,158111655.71961027,185981314.84097445,219218941.7977509
臺北市萬華區柳州街１７號,25.0388771,121.5055576,19414907.733043082,16411148.448309459,18030301.723554954,19348486.816762537,20945610.998945285,23059330.502542496
臺北市中山區林森北路１０７巷３２號,25.05000198,121.526105,9784279.79539632,7879101.862889196,8589822.811226739,9820410.909470852,11215538.652291657,12073269.71317553
臺北市信義區吳興街１１８巷２６弄１４號三樓,25.0299300043983,121.560230032336,34560247.04507857,29289173.444991134,32045610.951378755,35315581.06658244,37932506.13068882,40776274.1443645
臺北市內湖區民權東路六段９０巷２５弄９號四樓,25.0673599797615,121.586509981,12649308.59751013,10600005.793988213,11677754.364466004,12855996.188218102,13979482.60232571,14701663.254891794
臺北市士林區中山北路六段４５０巷３１號四樓,25.1136500039667,121.528409980949,16919966.762594815,14537823.211809631,16203301.018065436,17448912.506026212,18267445.979538687,19465934.2305719
臺北市中山區南京東路二段１０８號十八樓之１６,25.051839,121.532169,15095711.138618536,12710522.136380102,14016407.778743979,15273939.08774642,16299045.44683759,17782063.19719655
臺北市大同區大龍街１６１號,25.06816598,121.515967,14653547.435624015,10737257.49790206,13683406.622198712,15767640.636234552,16900473.54653149,18246407.86856612
臺北市士林區承德路四段２９４之１號七樓,25.0895700115196,121.519110007919,20458529.28940782,16056822.906361943,19092232.327399347,22041509.353499714,23315288.42132731,24573104.3027962
臺北市大安區新生南路一段１５１巷１８之３號,25.035260014718,121.534449980377,25166965.84100257,22700150.852537528,23683718.433911808,24881784.14836361,26349344.47794009,28233748.856291063
臺北市士林區延平北路六段２１１號三樓之３,25.0893299957222,121.505539958135,30955805.498216633,24506240.056274615,27806409.21150243,31292463.674404982,34516256.635861486,39465744.43813492
臺北市內湖區民權東路六段１８０巷５４號六樓,25.066997,121.592528,33920798.02214444,27971405.172260966,31168852.674796503,35368434.58065773,37912277.3447611,40310642.246913396
臺北市南港區重陽路３７８號六樓,25.05900402,121.610032,23512389.483940396,15816175.486082599,21599594.898876984,25331426.98433587,27657707.23301511,29183721.91869688
臺北市信義區吳興街６００巷９８弄３２號,25.01762499,121.57131,15118883.971870096,11551424.230080988,14183944.0897156,15745559.372294601,17554398.07714959,18751534.108198967
臺北市內湖區星雲街１６１巷９號五樓之１,25.0816199859053,121.595940041168,44560483.60887046,12843413.529956762,50134074.4822845,60255999.05684676,65147731.49699803,68343524.09353308
臺北市信義區吳興街６００巷６０號五樓之６,25.0197599898184,121.570280018062,17021528.07186274,14852671.644393986,15897714.93882832,16965192.00073382,18059910.67899119,20150146.531978972
臺北市信義區富陽街７１巷７號四樓,25.021998,121.556958,26863164.412632145,22398943.225398276,24099499.502707373,26127368.61640101,29859225.70501868,32970240.0073278
臺北市中山區吉林路３６９號四樓之１３,25.0650599855301,121.530479975757,7327925.058850627,6275421.840564849,6786582.0729622245,7407338.693678731,8060763.744590783,8445775.282758515
臺北市信義區吳興街６００巷７６弄２０號三樓之５,25.0184599985455,121.570499959202,16652925.212179162,13398444.913825031,15553092.504441999,17091196.112013932,18086951.601548042,19696452.734815218
臺北市文山區指南路三段７７巷１２號,24.982773,121.580397,10433120.847819017,7530041.507765381,8605773.523311522,9859988.181506714,11759866.474599175,16231378.987376083
臺北市內湖區內湖路二段３５５巷２０號,25.08425392,121.5919829,27524009.801272612,23527847.01003933,25534057.33196567,27680731.4164289,29869166.44512164,32736598.800279662
臺北市萬華區環河南路三段１３３號五樓,25.0236600055469,121.491319975579,26262979.51309064,21421433.621205073,23884743.47308887,26711241.71910409,29788681.76766902,31700143.87909609
臺北市內湖區康樂街１６２巷３號五樓,25.07301802,121.619309,13929988.169311507,11626624.8052152,13191951.835835008,14348953.856878638,15269244.615143875,16027725.38913701
臺北市士林區福華路１５８號七樓之１,25.10375601,121.522679,38613833.40351092,31904579.89327427,35827297.83962344,38970249.23440473,41965839.00358373,45971616.459478565
臺北市大安區金山南路二段１４０號三樓,25.0293599930729,121.526209982823,2297173.6612236067,1330108.4372623686,1542450.8600434507,2011772.095286634,2940570.6786992582,4733546.855290325
臺北市文山區羅斯福路五段２３６巷１８號,25.001757,121.537599,17355433.99903533,15157410.616941838,16289553.89369147,17660411.26015485,18620092.2176802,20878362.914658327
臺北市萬華區內江街１４０號,25.04157699,121.502755,20301694.427766148,17715433.717720855,19196670.721678928,20835215.072258577,22594656.69280789,24559485.660269566
臺北市中山區遼寧街２２３號四樓之１,25.05556002,121.5423,21703122.389640085,18452981.525861315,20721301.309179276,22157903.2569153,23826393.499739584,25328513.378101747
臺北市內湖區東湖路１１３巷４９弄１２４號五樓,25.0709199835877,121.61499001161,15088941.609675609,11096279.226652445,13485756.020208962,15240198.622035483,17236391.95528879,20156129.567283634
臺北市大安區和平東路二段１１８巷４弄２９號四樓,25.02411598,121.541646,34812287.41294216,28006056.15902038,33709740.37511205,36179105.149450615,38255771.6659414,40365349.765196346
臺北市信義區忠孝東路四段５５３巷１８號,25.04299701,121.562893,22964358.54947869,18764163.180153843,20975363.74502041,23377569.71268385,25757043.563195676,27899135.937729057
臺北市中山區新生北路二段６８巷８號,25.05669011,121.5266692,27017323.700124767,20940821.489634544,25886954.93710932,28287635.05863,30464658.208969954,32434393.372313526
臺北市松山區八德路三段１２巷５３弄１８號,25.04567101,121.551368,14338220.709027898,9768896.41861987,11914179.474932332,15205911.017180674,17577023.382990416,19946801.033203997
臺北市大同區民權西路２６８號十二樓之７,25.0627400004597,121.512010033015,30244449.751189005,24611047.456185672,28039180.080768414,31748420.46916944,34290898.530463025,37355960.59647992
臺北市北投區中央北路二段３３３號二樓,25.1383199985783,121.489079995774,14500396.23569977,12271314.387929097,13799817.776274338,14621620.29122893,15606517.200188633,17069697.704140328
臺北市中正區和平西路一段５９號,25.026809,121.519707,19632127.348051548,16977675.72140657,18502821.727514554,20132619.283479538,21386006.89727925,22187813.838428084
臺北市大安區安和路一段１１３號五樓之３,25.0352000002913,121.552729989194,35466157.56114355,30827671.667822216,33239728.426575553,35667568.506523505,39019442.655472554,42415028.22403508
臺北市松山區三民路１５５巷１號三樓,25.06141398,121.562884,27823900.19872531,22871333.615864776,25839104.3328135,28747410.55803459,31360116.79939699,33394382.398704953
臺北市北投區實踐街１７號三樓,25.1149300044006,121.507840036185,12233921.4873042,8672849.205734251,10314043.922631644,12302024.120289527,15079906.703750592,17400139.69001415
臺北市萬華區漢口街二段５１號六樓之１１,25.04586798,121.506388,13474317.82814981,11855738.332570784,12520015.904023726,13484579.451754568,14368982.999438908,15344622.008883672
臺北市大安區和平東路二段４２號,25.02546798,121.53722,10177579.284440586,7745372.861345061,9898851.240833854,10617118.893144082,11622406.425174559,12382203.402118685
臺北市內湖區內湖路一段２８５巷６５弄６２號二樓,25.0844599842487,121.569799986468,13670465.27468083,11590608.408381213,12933080.041783204,13989997.098934365,14874639.309997328,15908894.970786171
臺北市大安區復興南路二段５５號六樓之１,25.0310600106749,121.543760011691,14849983.918474695,13233515.771028275,13953422.633193165,14950338.181675289,15864911.780048724,16514152.622786075
臺北市大同區敦煌路３８號,25.07532199,121.519125,10207701.253933571,7189375.075811286,8641581.590888955,10124406.194245405,12487779.649021376,14000401.16099653
臺北市信義區崇德街６３巷２８號,25.02518702,121.55467,14363974.486485586,9877080.649597172,12080887.49953747,14799886.61430212,17446441.411740042,20129367.67746749
臺北市內湖區陽光街７８號,25.07592599,121.586119,16514606.201178119,14977274.450210037,15638660.67400153,16495878.700363794,17335596.99076174,20040472.09946592
臺北市內湖區安泰街５１巷５號,25.07440698,121.617506,11918635.629164774,8826000.95907059,10715725.368713593,12189732.367621373,13794558.494969089,14526003.362587009
臺北市文山區羅斯福路五段２１８巷３８弄２３號十二樓,25.0028000050237,121.537179966242,18177658.424438942,15081544.46908887,16490529.8631198,18390406.08317855,20385333.557976443,22878133.497696474
臺北市內湖區內湖路一段９１巷３９弄１１號,25.08840099,121.562289,15013707.858943006,12613426.767237227,14329760.21225302,15494812.079174735,16382158.609513951,17403731.678113617
臺北市北投區立農街二段２７９號,25.11883002,121.515356,15535525.205990339,13453976.763184132,14748288.653424285,15912760.723059442,16841605.513279308,18185547.41328696
臺北市士林區格致路２１０號四樓,25.14254599,121.549571,14482667.286233762,10353392.4740795,12270464.074337848,14352755.871148273,16688559.943378428,20605847.22249983
臺北市內湖區康樂街１１１巷１３號,25.07054598,121.61987,2721039.169207437,1965165.0557445267,2300345.097718913,2595510.3932223567,3045440.9781087423,4494481.871721545
臺北市中山區中山北路一段５３巷３號,25.04931399,121.522051,23039763.939659312,14577144.32119482,17142891.50100243,20672436.094983075,33956839.19628132,42517523.56027378
臺北市內湖區康寧路一段２９２號,25.07824711,121.5978724,19742719.339118242,15913822.368377633,17878828.37077898,20215685.158743568,22617571.000437133,24023433.939997934
臺北市文山區辛亥路五段５５巷１４號五樓,24.99823799,121.553577,7445733.439432673,5533079.141070843,6342279.104038229,7238336.2828280805,9099159.43703892,10271131.512575835
臺北市松山區八德路四段７６５號十一樓之７,25.05117201,121.577941,11411137.890669733,7004443.107871555,10414791.424871385,12188094.684592582,13600529.848810945,15021069.959911639
臺北市南港區東明街１２７號十樓,25.05503699,121.599807,39119297.674639575,25732774.2578683,34349274.09762998,42252524.037532546,47696654.72874866,53718005.13179255
臺北市萬華區環河南路二段２５號十五樓,25.0391299813237,121.497649988857,20904854.408289835,18742322.59416199,20275419.112159297,21193053.00139068,22071081.795737557,22919828.801413856
臺北市信義區吳興街１１８巷３５弄５號六樓,25.0292200152898,121.560240006801,28972120.776784178,24055868.745025605,26865345.84687761,29788537.19552231,32254529.952331267,34195058.88626571
臺北市中山區吉林路２３６巷１７號,25.059476,121.529496,5449066.5294465395,3721467.0657763886,4402771.615418524,5532538.609911218,6522941.990032492,7700441.178334692
臺北市北投區光明路２６８號,25.136573,121.510008,5534972.446266603,4790204.274984405,5148943.074328742,5403577.139411844,5878524.914021477,6848542.898095267
臺北市內湖區康寧路三段９９巷１７弄９３號,25.07644802,121.611908,25132860.553646475,22424752.24538289,23761715.076695517,25074943.59108694,26869270.471302476,28962390.183438785
臺北市文山區公館街４８號,25.00558099,121.537592,7687938.554357744,5811690.596676662,6499014.701644652,7244290.6805819925,8771191.560524777,10932640.406597823
臺北市松山區健康路３２５巷２５弄６號十三樓,25.0563799799682,121.56684000118,40196490.51166777,36180643.9132171,37905531.78031203,39689277.98005555,42333528.79895122,45855879.13305549
臺北市士林區承德路四段２９４之２號六樓,25.0895700115196,121.519110007919,22222172.65527972,18935417.66109925,21139424.52084528,22861553.70542979,24056868.008175872,25371854.61426682
臺北市萬華區中華路一段１６０號,25.04191902,121.507799,23604913.532554608,19615027.689920194,21456312.624825917,23304704.601172045,25931152.990750592,29621541.819327433
臺北市內湖區大湖山莊街２１９巷３１弄１０號三樓,25.0886700046662,121.599019971489,18140267.225891843,14087696.869230844,16262672.761213,18605576.76278392,21125250.179674707,23428431.780891694
臺北市大安區四維路３６號二樓之１,25.03580899,121.54806,13107791.1482189,9710569.901757102,11898236.853350515,13532259.283252198,15018367.06908464,16305436.085646896
臺北市信義區忠孝東路五段２５０號,25.0407862,121.5727826,27814286.797355033,23612668.253145747,27265623.53514801,29378903.351442084,31380545.547587607,33447342.946876984
臺北市中山區通北街１１８巷１１號,25.08476802,121.537125,15269190.5741223,10997223.190356337,13323512.63371144,15473973.8052298,17835488.300718475,20581341.269060753
臺北市北投區公路３０６巷９號,25.1323027,121.5026806,20309572.14372623,16442820.231815524,18724186.459797833,20828469.892800853,22606020.088228025,24583390.119659863
臺北市北投區中央北路四段３５４巷２９號,25.12996601,121.470907,13665673.311255515,10109793.275987292,11916516.470497582,14057093.263595717,15410059.12585965,18235817.62514152
臺北市北投區文林北路１３６號十八樓,25.10638009,121.5167136,94776955.84640467,69539113.1165201,80259042.38801488,95902005.57583854,117361432.10307546,127939637.04794106
臺北市松山區民權東路三段１９１巷８９號三樓,25.06473598,121.545648,19380961.285635658,16716818.814716525,17943781.627707306,19211423.53648434,20704455.988260083,23156232.083887283
臺北市松山區延壽街４０８號,25.056232,121.556956,26032838.059557665,21889697.0072858,24804433.743360244,26925527.83359396,28655953.997740913,30203263.980913434
臺北市大安區和平東路三段４６４巷２號十三樓,25.0170499947933,121.559949992951,24983657.009190917,21443654.73765976,23430751.740304254,24939292.437887482,26843055.39719191,30347454.753866468
臺北市中正區忠孝東路二段６４巷２６號六樓,25.04251698,121.528124,98127215.1057543,75610304.54743253,87807605.17780213,99849480.06040573,115322244.42657474,130799070.72211145
臺北市大安區樂利路５巷７弄７號四樓,25.028929,121.551206,29296179.0921183,23662584.459971264,25099452.797795177,29646256.452319283,32999750.90934367,37355372.03236689
臺北市大同區雙連街４３之３號,25.05899002,121.519037,13145644.496596402,11131703.519456368,12227031.311049165,13129855.987046655,14272748.991302911,16085097.510712482
臺北市北投區致遠二路１０３之１號,25.116597,121.511891,40779535.63870983,30588171.203649,37055941.65386255,42145975.06720209,47521798.62813381,51352348.834083125
臺北市北投區實踐街５６巷１５號,25.11431,121.50986,16206031.03362823,12757717.078043867,14750324.379225764,16817732.308917858,18204225.671706818,19314248.01884919
臺北市文山區興隆路三段１９２巷８弄４２號四樓,24.99800602,121.557425,2829940.6631089337,1874963.5481986452,2412553.6377936406,2771575.0913594062,3306771.399941193,4108231.9584454815
臺北市松山區民生東路五段１９２號,25.05822098,121.564262,13379460.320984196,11301544.637047693,12173884.541437577,13381218.614635833,14675499.4496513,16055328.93421984
臺北市信義區和平東路三段４１３號,25.01961,121.558055,10462923.248205746,8324883.265973013,9448650.035844404,10672244.90414938,12051689.52180052,13677424.366622608
臺北市松山區敦化北路１４５巷２３弄３號六樓之１,25.053200011632,121.550360006071,31318394.654779218,25731309.727019973,29184933.006386567,32210338.319551636,34402228.84450178,37068901.33894946
臺北市文山區羅斯福路五段９７巷１６號四樓,25.0060899858391,121.539939959319,12187320.086009614,9728896.962718641,11486202.076349031,12499666.590366704,13383651.582724169,14063267.366240937
臺北市北投區石牌路一段１６６巷１１１號,25.11202367,121.5154086,12394299.825431066,9354903.67660936,11491364.085239155,12743258.458044149,13868633.459562588,15980493.863398263
臺北市北投區三合街一段８２巷１０３號,25.12904509,121.5039318,21528975.353997815,16177953.451720292,20162664.595340267,22596459.78595262,24539876.485601127,26955267.695563257
臺北市信義區崇德街１０７之１號三樓,25.0240200082883,121.556019970009,11824075.386214556,9795169.373588054,10729091.282736555,11782857.404331721,13089027.099685868,14692556.885008262
臺北市內湖區成功路四段６１巷９弄１１號,25.08130101,121.592281,28360190.211992357,24298503.87330521,26930269.90340014,29029015.06082654,30964582.828160778,32391205.849351592
臺北市內湖區成功路四段７０號,25.0828572,121.593048,12851493.943325996,10788513.182854638,11886868.456398599,13114861.833189579,14140223.95350904,15350416.161669435
臺北市北投區尊賢街２４２巷１９號,25.11726801,121.508126,7327351.74186684,5756264.31028049,6642131.218931877,7375101.615795318,8342054.181964511,9283597.944122441
臺北市內湖區陽光街２０８號四樓,25.0741799990992,121.579939993834,16625713.744527385,11797451.721370626,13948507.027167927,17139916.60340135,20151025.610251956,22947850.69419567
臺北市內湖區環山路一段６０巷１號,25.087073,121.566531,15328218.880458483,13520367.00381182,14688730.19245719,15539975.459167091,16298385.95125882,16922924.58565077
臺北市中山區松江路２９３之４０１號,25.0606099912248,121.533390004902,12806579.431001594,8813123.457554769,10260530.697751066,12708174.107702449,16004412.21387716,18922603.43129764
臺北市大安區羅斯福路三段２８３巷２３號,25.01997599,121.531723,25447072.327497717,16576580.411801148,19716742.70340402,24230715.173730362,36053274.211564526,40478683.96400336
臺北市信義區吳興街１１８巷１５弄２號六樓,25.0295700016569,121.56083998343,22700641.830547318,19018402.087762594,20493427.60385336,22576793.028401837,24536991.485313997,29247280.823401704
臺北市信義區永吉路２７８巷４８弄２號三樓,25.0439100130666,121.573370006668,18852581.077502374,15255816.135977414,17194689.02969826,18991802.380130038,21224837.351092853,23368645.090919916
臺北市內湖區星雲街１３５號十四樓之１,25.08071902,121.596223,49951572.881622076,42896561.976242036,48199647.793134265,52881616.49459218,57531688.118828066,61366388.04161032
臺北市文山區溪口街１１５號,24.996170003431,121.537429998413,14164329.332522187,11105515.841090174,12814585.406953555,14404697.442012709,16425328.681567498,18135186.574809086
臺北市內湖區民權東路六段１８０巷７７弄２５號,25.06617499,121.593381,47447995.32055922,40899255.08102943,45571285.488151416,49141478.68527871,52313588.0006091,54772550.36653983
臺北市北投區溫泉路１７６號,25.14117898,121.514937,5459268.754355751,3075947.2028632145,4002510.157418434,5665461.440099044,7546161.015581313,8923540.077773022
臺北市中正區和平西路一段５９號十樓之１６,25.026780001366,121.519709984548,14474201.419494784,12807712.395283354,13708932.744774373,14785774.635090154,15620615.832440717,16358252.002129475
臺北市中山區林森北路１０７巷４３號四樓之５,25.05010202,121.526454,7939805.096601128,6721089.482273351,7569113.777234524,8200258.5301413955,8625125.94390483,9350513.335387835
臺北市士林區克強路１０巷９弄７號五樓,25.1094000018711,121.523909988591,19441468.322557904,16642332.123935167,18270641.303459834,19998026.63164845,21138415.05360706,22099539.858970784
臺北市大同區敦煌路１３０號二樓,25.0761399814282,121.515960004887,12737654.769259788,10511018.452807765,11775087.89104245,13180931.889752727,14406549.484885057,15254281.696544094
臺北市中山區錦州街５０號,25.06016298,121.526107,6250888.882881418,5738277.431405446,6020248.553861793,6287620.60026246,6619598.179494881,7004174.906276768
臺北市大安區溫州街１１巷１４號三樓,25.0253699976138,121.53430002813,21595664.537069015,13177181.5491702,15837820.849721344,20318430.528646797,32375206.83754956,36300871.61524552
臺北市大同區長安西路２８９號七樓之４,25.05210102,121.509293,22518253.966163523,13253137.535207722,17159428.023029894,21466085.181306455,31297953.42406181,42725557.28577175
臺北市中正區泉州街２０巷１７之１號四樓,25.026780001366,121.513249967952,11327248.01947978,9088593.386061765,10201811.57448348,11658307.96871727,12705471.754545376,13966378.420129078
臺北市大同區承德路三段２０８巷８１號六樓,25.0710700196545,121.517300019747,16827973.521395534,13648514.951450095,15289464.598784044,17051365.762735195,19291253.2200742,20916505.128251903
臺北市北投區中山北路七段２１９巷３弄１８７號五樓,25.12923301,121.530751,36754846.36020758,25077820.31905795,31782097.00416706,37074811.33388888,44783275.756554544,51200303.08215016
臺北市信義區永吉路２７８巷１２號二樓,25.0447300146542,121.57410996108,17403375.947826937,14968960.321902458,16085501.902493801,17560593.949212465,19094711.990631517,21021743.998833254
臺北市內湖區康寧路三段１８９巷８３弄６號六樓,25.0726099848154,121.61227000021,21113863.630244393,16072774.575501133,19992518.715420075,22693077.16802482,23845796.724690136,25115088.75061681
臺北市信義區吳興街４９４巷９號,25.02323198,121.569216,16640466.384923644,15206609.150197454,15896574.522567933,16586361.409942321,17664716.5933519,18428554.220866732
臺北市內湖區康寧路三段９９巷３９弄１號,25.07301399,121.610554,22597638.042649392,17956558.842031714,22034394.51693383,23552859.67109936,25144765.352158774,27352295.05134583
臺北市大安區敦化南路一段１８７巷３７號,25.04264502,121.551222,16554559.97357906,11794891.629546948,15890632.597202266,17459133.72338505,19040265.180768527,20790469.472536586
臺北市內湖區成功路五段４２０巷１１號十二樓,25.07530598,121.607786,16764512.542436251,13402760.017075883,14454119.101858873,17168742.592296682,19648425.019592565,21443861.844702158
臺北市大安區忠孝東路四段１８１巷３５弄２９號五樓,25.0440499908496,121.551819965966,32761217.295063056,24988048.638625607,29448122.527394447,34453133.25059897,37867299.34307135,39590588.795874074
臺北市松山區八德路三段１２巷５１弄３２號,25.046058,121.55177,2861665.7036530925,2244775.6102552977,2547485.774689574,2793643.57908421,3149131.2650560476,4107501.676161931
臺北市內湖區環山路二段１０９巷８弄５號二樓,25.0836100173572,121.576060010854,16965251.227237605,15593382.422980744,16204552.474087812,16787387.497772418,17767945.57711171,19083345.2847002
臺北市文山區興隆路三段２０７巷１６弄１０號,24.99438001,121.562029,13316755.368141875,10564509.030680785,12601309.522092193,13983175.367907101,15057877.719680367,16564816.072616773
臺北市松山區民生東路五段１９８號,25.05871929,121.5644857,16988622.855360307,12300301.063929543,15446870.320215045,17574978.95966596,19711157.75881946,21689288.986143272
臺北市松山區南京東路四段２３號六樓之３,25.05190999,121.55055,11429261.765494103,8819630.57274418,10049134.614588508,11521762.466327792,13156189.544226425,14606920.20957398
臺北市內湖區康寧路三段７５巷１７７號三樓,25.0769899902293,121.611819975829,22290198.374989845,18315160.97538845,22020712.81522655,23219042.342740156,24306231.02504119,25033914.883344777
臺北市中山區建國北路二段２２０號十二樓之１,25.060834,121.536567,61583605.405599825,52551094.551830515,57595918.63289289,61878876.29144952,66262325.98979438,70095239.16804025
臺北市信義區吳興街６００巷１１４號,25.01823398,121.571845,14873258.475123689,8424866.064153021,10070036.353826942,14392564.258833464,22621472.97070243,26486553.12124332
臺北市信義區信義路五段９１巷８號三樓,25.0334799918502,121.571030030759,137659969.17759776,105015354.61904228,119964385.91597337,143679688.93039522,160600559.71356222,172709761.36952165
臺北市信義區忠孝東路五段１６５巷３弄２８號四樓,25.0414699991427,121.569790012003,17124782.84932156,12440488.559542507,15021688.429195294,17896194.47492437,19812566.261176687,22909025.902379397
臺北市萬華區萬大路１８６巷３號,25.02775,121.50006,16642827.831632374,13148850.654981498,15103633.858962052,17331367.31744666,19066804.17591476,20610182.194200534
臺北市信義區永吉路４４３巷６４號,25.04736801,121.578243,8784749.25721131,5966268.158559254,7368371.841420482,8840124.216523144,10750138.430022499,12859280.6606005
臺北市萬華區康定路１０５號九樓之６,25.0392682,121.5020232,15490584.099733591,13407557.207482262,14150966.413943581,15562723.124217095,16852319.000023182,18119938.205845915
臺北市文山區興隆路二段６１巷９號,24.9990574,121.5457325,32744503.160938084,28400088.930550624,31017753.372835238,32953374.659962304,34847776.273678795,37094232.41825453
臺北市內湖區港墘路２６巷５號十三樓之１,25.0830799877099,121.577730021243,29041779.656088598,25146005.57795792,27356706.905964136,29240966.970624316,30791220.291350942,33428737.24992719
臺北市文山區羅斯福路五段２４５號十一樓之２,25.00145701,121.539348,12703152.601219207,10442366.798008863,12143976.637513086,12935393.627101567,13958645.84329956,14905070.629669268
臺北市北投區光明路２４２號二樓之１６,25.1361148,121.508004,10012349.42530102,7714780.426050667,8692540.89648111,9761272.761629658,11684536.306220694,13170695.497365432
臺北市中山區德惠街１２號三樓,25.06656198,121.523756,47911436.42214069,38005707.63164538,40757890.05611734,49073344.12818068,55301710.14224046,60811763.71093421
臺北市中山區新生北路二段６２巷１２號,25.05604948,121.5268148,53370563.70700222,46309549.32433191,50180696.05779566,53541204.7767938,57317988.296182394,62627699.36150614
臺北市中山區民生東路一段７０巷７號,25.05759012,121.5265033,25380063.899872392,21032744.155587453,24379245.02666777,26445176.13835557,28426472.467269078,30275888.94804127
臺北市文山區羅斯福路六段４０７號七樓之１５,24.9916200130208,121.540559968697,12712671.6179402,10629186.66699219,11866769.397679979,12940983.428308537,13916344.655676346,14885489.540373566
臺北市萬華區富民路１５５巷１３號四樓,25.018080004965,121.500420040218,7892744.01359018,5763011.509212685,6881909.009032596,8031366.762074039,9148106.862294726,10526085.50792165
臺北市北投區行義路１５８巷３１號,25.13084301,121.529631,12870651.024615377,9888108.89393855,11096596.78509492,12631178.195457298,15442648.539508449,17734347.96172044
臺北市信義區吳興街１００號三樓,25.03030899,121.560796,17950724.188294195,15169662.35367751,16675651.436968422,18112723.717739295,19906260.24286098,22220749.71399513
臺北市內湖區環山路一段２４巷１０號八樓,25.08441699,121.565126,5725965.614387697,3196462.472285244,3866498.608786477,5457534.298789571,8917447.799420757,11526007.602961333
臺北市信義區松信路５０巷５號五樓,25.0473499880393,121.571469996856,87746364.51760435,62538558.792870715,73119175.81580524,84335585.56317768,105926481.73965187,128564508.55060244
臺北市內湖區康寧路三段７０巷１０號七樓之１,25.06925002,121.61153,28397619.004498746,25135567.03047547,26522698.381734587,28458798.92745623,30713485.102457587,33391170.78572963
臺北市北投區光明路６８號五樓之８,25.1327677,121.5002257,7699668.278697612,4829550.240235147,7282498.528075066,8439056.499507135,9219865.076752309,10174589.33068362
臺北市信義區中坡南路１６６號,25.03929951,121.5840645,17052145.53861668,15537503.980455773,16160763.016307604,16812030.9263742,17838880.70242233,19030106.727074824
臺北市士林區承德路四段４０巷２號二樓之５,25.08078402,121.522128,2969613.0722498996,2238605.9735746286,2443967.4949136726,2718318.775146678,3465047.14248934,4678184.019306535
臺北市松山區民生東路五段２０２號,25.058419,121.564395,6157370.533763073,3985053.843657819,5837331.26634652,6598009.562296506,7525717.626089754,8341432.482223539
臺北市北投區知行路２１０巷２０號,25.1194400131327,121.467559962285,8064924.59193966,5199658.008620061,6219294.022122964,7871283.801165654,10795917.514181443,12168465.674019434
臺北市信義區信義路五段１１７號十四樓,25.03334999,121.5739149,25537443.88109946,21204273.686088108,24137008.007773474,26218219.832185388,27755259.14015437,28832543.986816827
臺北市大安區光復南路２８８號六樓之３,25.0393800134954,121.557380017618,89348847.18708356,77672064.4525012,87333982.6978794,97340982.60629866,109005004.97418864,144772013.32319295
臺北市大安區浦城街１３巷９號二樓之５,25.02455691,121.5273026,8964795.601795591,6880177.09440307,8540955.748643223,9230406.091653114,10604354.83298914,12333462.160334274
臺北市大同區民權西路１６０巷２６弄１號十八樓之１,25.0616125506636,121.515490031576,52471188.26431514,41488033.22441517,45874549.57295588,50727811.19730526,58688656.507227086,65977623.968582466
臺北市士林區承德路四段４０巷１３７號六樓之６,25.0818600017027,121.520180041678,5017560.478118636,4059200.4018969964,4764993.397235984,5150968.565718713,5532228.153398448,5785714.312188627
臺北市文山區景華街１２８巷３弄１６號二樓,24.9954199907349,121.547879968559,13739607.614266682,11754372.004419765,13164076.125922674,14128160.159769028,14986601.005303115,15746766.006357234
臺北市南港區福德街３３９巷３４號三樓,25.03838898,121.588993,12265163.878632652,9907954.453827327,11478991.81389755,12683143.86512405,13752265.287642926,14872146.200663265
臺北市萬華區萬大路７１巷３６號,25.03063501,121.501767,8679546.843300767,6584496.37731828,7701510.691367719,9043073.423656426,10019699.847526006,10745223.57696304
臺北市中山區南京東路二段１０８號七樓之１１,25.051839,121.532169,16018967.381278673,13656041.978142574,14873089.745118868,15949589.319789404,17403055.39208974,18881785.938539702
臺北市南港區興南街６４巷４弄３號,25.055888,121.601623,10325557.471052771,6429773.159767747,7740788.754871718,10050989.52925618,14564305.597099677,16647075.255168173
臺北市內湖區內湖路一段６５９號十八樓之２,25.08025738,121.5753352,34245651.17557725,29134591.678140562,31215644.443419352,34111612.49611061,37308274.22687067,40085415.382618144
臺北市信義區松隆路１２３巷２９號四樓,25.0485599995817,121.571750036241,21867868.57798451,18894964.625244822,20255700.008930467,21730233.00682672,23837664.108687565,26375087.822943073
臺北市北投區泉源路１６號,25.13865699,121.505373,42567690.00680967,34238235.729942106,38407714.4752373,42443550.73571104,49220937.81832366,56265958.07870047
臺北市文山區忠順街一段２６巷３０弄１號,24.982364,121.559469,19309674.552992392,14934385.308194859,16425285.418933928,19345524.99101398,22129980.62122344,26035787.302824713
臺北市大安區復興南路二段１５１巷４４號十四樓,25.0280618,121.5457201,28799098.933680765,25156370.432561506,26868171.271686897,28469794.015558816,30165354.873821054,32646932.27005904
臺北市中山區合江街６９之１號四樓之１,25.05851842,121.5392506,30677084.89901133,26702307.604171664,28889858.083939157,31061959.451413937,32742949.56221029,34526756.189820185
臺北市中山區復興北路３５６之１號八樓,25.06036801,121.543959,33230968.04435102,29210896.451874666,31212012.41343798,33338845.10829684,35750984.09753675,39712853.69510679
臺北市內湖區康樂街２０巷１４弄７號四樓,25.0684399879856,121.617069980883,13793765.988815865,10014746.66133673,11777741.327329809,14151403.229131844,16187894.916261025,17774283.393265255
臺北市南港區研究院路三段６８巷１０弄１４號三樓,25.0346599961792,121.613649996749,4792629.452678626,2735571.9811900933,3299714.133167514,4228819.988608102,7115613.244605099,10068510.765508255
臺北市士林區福國路５２號,25.10224102,121.523628,24508138.032074288,19907619.08882973,23616728.46643985,25399162.228621595,27809203.549074505,30049154.916135788
臺北市大安區瑞安街２２２巷６８號,25.02844,121.538463,67655613.40691894,50938472.87784659,60651777.492221475,66900044.82034831,80299475.38128397,92314952.19753808
臺北市松山區民生東路五段１５０號六樓之２,25.0585500127909,121.562379990501,50370541.829444796,45086457.14439646,47741579.72843394,50633695.61248904,53380437.28386977,56134845.666104384
臺北市北投區吉利街６４號,25.11817699,121.505365,17243925.96192836,14662929.041349664,16084948.821320646,17506696.888874426,18657270.848327093,20314902.641999245
臺北市信義區信義路五段１１７號,25.03334999,121.5739149,20795007.696353957,18268132.446314827,19689857.627670314,20860199.037181795,22075632.974264767,23445475.437633183
臺北市士林區延平北路八段９６巷４５號,25.10663402,121.483208,6782235.069927707,4814143.599753691,5857032.601041193,6747001.010360472,8244876.501896087,9175751.3057541
臺北市大安區羅斯福路三段３０９號十一樓之２,25.01738699,121.531984,94307258.7799391,79735790.4571064,84684442.5689483,92462039.24953999,102471520.37668543,119936661.4102931
臺北市松山區南京東路五段５９巷２９之７號,25.0531000155272,121.559310034644,21211928.45389743,19102939.00901297,19963444.00292776,21261661.934320744,22452014.634919733,23920935.372383583
臺北市士林區通河街２巷３８之１號七樓,25.078114,121.522666,17727960.913418677,14771544.606478458,16166594.398990262,18246493.875122808,19936376.87046479,21919431.035545215
臺北市內湖區江南街１１７巷８弄５號二樓,25.0760000036452,121.576780016337,35618705.94510982,31043952.430672694,33251008.174145807,36218712.21747586,38394361.81162784,40092679.11240947
臺北市中山區中原街２２號六樓之１１,25.05670599,121.528735,7700829.627096417,6282680.339699961,6975814.840643903,7918788.7170556495,8659502.547942137,9669048.198778555
臺北市中山區民權東路二段１５２巷２２弄１５號四樓,25.06080001,121.5355,17636469.707912773,14386987.16560493,15912401.482740143,17614573.701009512,19754301.122946244,21959387.692153707
臺北市北投區明德路２０１號三樓,25.1117600105292,121.520889988877,16482769.027692592,13252932.491384208,15033725.895121103,16878868.49233002,18948943.887702078,21009119.676082514
臺北市士林區德行東路１２９巷１弄５號四樓,25.1081599831153,121.528760009226,16829199.69462715,14149115.915405326,15869771.084283153,17359898.43934544,18385281.39870061,20104552.41640822
臺北市大安區忠孝東路三段２４８巷１１之１號三樓,25.0409100041915,121.541430010247,27352076.522385105,24626928.968118466,26191564.740898095,27725452.424223818,29369924.06371609,31153676.41246628
臺北市北投區光明路６８號,25.1327677,121.5002257,7909923.75291584,6029894.4176945705,7353131.849432434,8383945.885824606,9214551.612319646,10206954.950081853
臺北市萬華區萬大路３８７巷３９號五樓,25.021720014057,121.499859961448,10249354.019539978,8838967.276258212,9729040.603819657,10491355.822949123,11265812.143906564,12329045.14390151
臺北市北投區天母西路１１７巷２０號四樓,25.1199399936571,121.523800018022,39812271.26048103,31869323.020461738,35245656.75766128,39871939.140423335,45980149.89254475,50622238.58585484
臺北市信義區松德路２００巷５號五樓,25.03431102,121.573882,51472896.8480411,39167105.88081895,44595760.400117874,51786635.4123275,62411015.89980386,69356117.16583727
臺北市萬華區和平西路三段２９０號三樓之３,25.0351399858646,121.494680029105,10918943.605641948,9199431.915476246,10150694.866224535,10857875.213874312,11852092.455801412,13199077.021324292
臺北市信義區松德路２０號九樓,25.0352699891828,121.574959969881,27364756.08537346,22773352.635547653,25950826.933632813,28036485.531457774,30071277.313415572,32428127.314059407
臺北市文山區羅斯福路六段１６６巷１號九樓,24.99702494,121.5410341,23088797.721776687,17942318.04330463,20709769.17582788,23809656.23097249,26624796.029855937,29093471.63954237
臺北市中正區臨沂街３３巷１０號五樓,25.0395000004393,121.530549964649,27208317.442225248,24602396.801560014,26024513.072586216,27556982.34009973,28849204.97843433,29762805.388899278
臺北市中正區臨沂街２５巷１８號四樓,25.041283,121.531242,27569809.587000825,20257374.309363883,23143351.63998763,27028512.902926914,34027790.99069295,38756134.91827624
臺北市大安區新生南路一段９７巷３號六樓,25.04120702,121.534087,67427873.73724796,58245863.12463935,62180677.02060625,65717022.59440567,72475273.97824429,82955263.52388911
臺北市中山區南京東路三段１１８號十二樓之１,25.05162899,121.540316,19854584.3573377,16338526.358381096,18309167.29140835,20464351.063298192,22025963.65764031,23847638.384185288
臺北市內湖區麗山街３４８巷１０弄２９號五樓,25.0821899972307,121.574480022106,17944136.907367166,16218637.017892247,16981952.703382716,17920906.883317567,19238661.363813877,21378813.012386538
臺北市大安區仁愛路四段４１３號十三樓,25.0380000169566,121.556160031611,32030405.933987796,27388213.61301815,29014006.74509961,31883731.882509384,35629465.89816913,38688731.240820654
臺北市中正區臨沂街３２巷２號,25.039623,121.529612,22028615.66684266,17770338.67878792,19524679.595589865,21302755.988207035,25418956.072490513,28949622.49818825
臺北市士林區福港街１８巷１０號,25.09098601,121.517708,4365006.12499008,3502735.995089324,3941010.4609945044,4338192.851070303,4820249.187534025,5468889.000564458
臺北市北投區義方街１號,25.14070398,121.5026,45240995.05320504,37116632.12743267,39616386.45038067,43655065.49754831,51374677.18074319,57759265.78465405
臺北市中山區林森北路１４５巷３５號,25.051242,121.526452,16237821.207142718,13956736.626543123,15135505.108526962,16515419.365178006,17940631.23312532,19997632.594472717
臺北市內湖區康樂街１３６巷２９弄４７號五樓,25.07314001,121.617924,15195074.514220115,12228688.087132942,14057713.328183612,15551212.34858927,17071958.710464682,18330316.873795703
臺北市中山區民生東路一段２５號,25.058196,121.524317,9360864.693698352,6547394.808492629,8105646.7450659005,9761698.504055278,11162229.260968884,12302787.574956387
臺北市大同區民權西路１５３號十樓之９,25.06314501,121.516434,11961672.109500118,10080539.17976357,11017654.058690894,11987943.619000077,13065328.059524082,14304246.578833597
臺北市士林區天母西路４１巷６號四樓,25.11923,121.527356,24283207.49830132,19460636.288287256,21266487.14483146,23838348.058266126,26818876.88217219,32586982.007909324
臺北市萬華區西寧南路３０７號七樓之２,25.03818199,121.506499,10984263.25299045,8872639.708746487,9694461.614171095,10898472.296669804,12118224.741621971,14153336.05193482
臺北市萬華區康定路１０３號十二樓之１３,25.039507,121.502048,11806451.502314959,10865806.099896558,11281305.618077584,11790508.577272262,12287946.612764644,12896306.834060626
臺北市大安區仁愛路三段１２３巷２８弄１號四樓,25.0394000043345,121.541890009093,55467509.827247486,48630959.154577225,51552068.677066684,54959333.60171149,60022939.0066848,67011606.62296908
臺北市大同區承德路三段８５巷７號二樓,25.06612201,121.518963,18599448.4942036,16056841.649197306,17441458.913478952,18793394.044503175,20308558.386245113,22554440.708709136
臺北市內湖區新富街１６２號,25.06067101,121.585759,71623868.19332825,58378808.880131915,64536020.66083936,69897170.90625222,77943131.9750605,90285744.6337156
臺北市中山區敬業三路１６２巷２５號,25.07893199,121.557831,31850822.074201424,29535107.265026715,30570596.275350824,31921156.160991363,33054623.45652135,34680609.168556616
臺北市中山區吉林路２１８巷３０號二樓,25.058814,121.529198,16851950.010316562,14378789.120490529,15621038.073937792,16739642.49388782,18405976.15148616,20696264.271854848
臺北市士林區中山北路七段１１４巷６１弄１號,25.12336098,121.535345,20595350.323368337,15035193.814067202,18575060.638353378,21135423.87706715,24081217.352943465,26185762.157857794
臺北市中正區忠孝東路一段８６號六樓之３,25.0443299883252,121.524430001864,25754610.939284578,19296675.142912727,22776313.074504055,25777810.031840753,30544455.264178287,35448884.01133581
臺北市士林區天母北路８７巷２弄２號四樓,25.1230500150114,121.52771998268,21779250.48651837,17663559.04707563,19380473.900706705,21717710.28659898,24882962.524404734,27470299.83652089
臺北市信義區松德路８３號五樓之１,25.03821698,121.576248,52209320.53694368,46484922.28764227,50161937.67138919,53557291.180621274,56204953.67125988,60373608.184768096
臺北市北投區公路１８７巷１０號,25.13289,121.50253,15685949.534998044,13122406.341316735,14188347.897820381,15412485.218010984,17073510.175081026,18943207.61069596
臺北市北投區泉源路３４號六樓,25.14035299,121.506789,14912078.350321036,12072730.530217037,14178004.415090311,15180247.187304355,17013043.34328665,18449690.742120277
臺北市士林區福國路９５號,25.10140119,121.5221412,14418312.022029284,10532957.386339735,13019225.775675673,14816121.403231783,17059685.44565776,19726797.70071662
臺北市文山區羅斯福路六段２８５號十樓之６,24.9945900146824,121.541620027992,26402274.355737716,20118539.075782266,23615161.038226448,26959318.744630642,30421739.722546913,33275419.260172203
臺北市北投區行義路１８６巷２６弄１１號五樓,25.1318200003038,121.529380018604,14616376.249925205,11629881.764426459,12908348.33514192,14488593.561086029,16204534.17036515,18645532.26810545
臺北市中山區林森北路４８３號三樓,25.0611900189245,121.525740009512,10165787.528915456,8313357.392676928,9068501.485755602,10184964.701040253,11319029.99075443,12307952.978202261
臺北市信義區松智路５０號二樓,25.0293000205556,121.564949965833,103720695.08637331,75166883.7472121,94731329.57946916,112990421.46531114,127336337.40700665,141239007.8378369
臺北市大安區光復南路６４６號十三樓,25.0314599950944,121.557259988765,23315526.331997223,18141850.041867472,20851892.210980307,23881459.71021975,26665318.20966252,29957930.102820516
臺北市大安區杭州南路二段６１巷１７號,25.03025401,121.523386,32163587.61845592,27185299.90380177,30839131.689987183,33353894.575889155,35317047.951167464,36941654.821751505
臺北市文山區萬盛街８９之５號五樓,25.00558749,121.5426312,18596392.366253186,14722404.176269183,17499473.991097804,19286442.945096776,21046790.640387073,22963325.22607364
臺北市大同區延平北路一段９２號,25.05241702,121.51175,26587744.7299036,21122491.045585014,23817726.848158717,26677476.696333345,29744000.13562813,34283215.36628164
臺北市大安區和平東路二段１０７巷１８號,25.02642,121.54031,15132653.803034965,12917091.850310335,14092956.92680383,15293943.55354841,16335156.429101089,17886377.772989012
臺北市士林區華齡街１７６號三樓,25.087095,121.519662,14323566.536893113,11612451.923229787,13565520.782516604,15345032.96722991,16185546.699953316,16677786.413864786
臺北市文山區辛亥路四段１４０號二樓之１,25.00442999,121.55652,8501736.850829432,7000419.84211273,7633970.315650431,8474987.744206898,9334808.475051012,10899980.219785322
臺北市內湖區內湖路二段４２８號,25.083341,121.592153,14930703.633075409,13295396.475713711,13990252.784445975,15072916.145637747,15889524.826870738,16661371.391144836
臺北市內湖區星雲街１３１號六樓之３,25.08096699,121.595857,22812571.797632597,18343710.973309234,21062176.855562054,23275756.949681412,26053195.99702928,28148609.468147356
臺北市士林區士商路１４９號十一樓,25.0943000033006,121.517909970841,50740074.37767162,43180534.753473446,49093789.85228902,53541993.02964589,56629055.86961025,60985895.24891208
臺北市北投區新興路４８號,25.141269,121.488718,11717278.303202488,8767130.861124873,10671920.410286067,12175383.402188282,13790031.4071403,14955806.579987483
臺北市文山區萬寧街１２５號四樓,25.00361502,121.569453,17134441.52112203,13047375.376582222,15598305.173805334,17521867.725230422,20086652.799666923,22605987.239531286
臺北市中山區建國北路一段５０巷２５號,25.04796698,121.535187,30201037.802213423,25193194.577766903,28039281.735956136,30510231.82992725,32842670.384392705,35598437.1727322
臺北市萬華區昆明街３４號八樓之７,25.0470000016722,121.505880011947,8246613.596498276,7013946.152720537,7780410.231485574,8414090.55258385,8956942.664242053,9652757.692181515
臺北市士林區文林路６８１巷１６號,25.10088298,121.52149,4642199.773140582,1239838.687022833,2371373.330048714,4654951.241708017,13403920.359866824,16848506.95601132
臺北市中正區重慶南路三段６３號,25.02658202,121.516312,25998694.70004725,22471355.283326466,23622895.338829193,25673056.354888275,28496811.42241157,32175866.95129798
臺北市萬華區昆明街４６號七樓之２３,25.0464299903467,121.50571002695,8100371.488215975,5561490.887936149,7575115.610843916,8567060.730981773,9293493.714101294,10122117.34358636
臺北市文山區福興路８２巷５弄１１號三樓,25.0067799841085,121.550980015449,9502101.101066208,5498206.904069761,7730767.599216552,10531831.045688063,11863203.995469615,12913651.100195607
臺北市北投區溫泉路６５巷１６號,25.13604402,121.504374,9107592.059489623,7630133.551347668,8543184.11719942,9298889.053942159,10102269.743776713,11040792.201993002
臺北市士林區天母北路９巷１０號七樓,25.11914463,121.5271024,30855725.24417371,21819947.95068898,28429065.788955387,32713615.52110286,36377401.74791095,40053405.88665304
臺北市文山區興隆路四段５８巷３５號,24.98504299,121.559389,26273305.990648262,22060497.851550277,24082239.73283898,26194876.57553904,28939664.243019227,31020294.578899022
臺北市士林區中山北路五段７５７號十五樓,25.09907501,121.526765,61928825.594376326,55045921.60410531,60344055.56130771,63516057.85751749,66286360.99345263,69388688.80432203
臺北市北投區公路８９巷１號,25.13289,121.50253,25692163.97550676,20604391.79005172,22931806.19973626,25802788.78007682,29399781.873241123,32236007.677159943
臺北市萬華區東園街６７巷２２號,25.02656098,121.49721,9256283.135013128,6949244.5161826685,8764413.677314002,9710241.745598214,10387725.701873768,11144679.811871408
臺北市文山區秀明路二段１６３巷８號六樓,24.990709989793,121.577240015183,23195665.4203666,19880686.98669569,21427777.56346932,23053129.32973209,25723609.749506705,28394213.704997767
臺北市大安區敦化南路二段５６號,25.03063149,121.5484049,77033008.51274242,62965134.39756851,69689456.79798883,81853673.34917052,89398417.37599994,93656605.12618233
臺北市北投區紗帽路１１６號,25.15086498,121.547167,9716296.288347317,6756378.279723962,8824831.619105529,10243821.24124664,11250737.287500966,13449544.965883378
臺北市中山區基湖路１５１巷３５號,25.07748498,121.564793,11988732.948924089,9679217.416876273,11202194.449411608,12231017.568962596,13042905.314469267,14132561.244311966
臺北市信義區信義路五段１１１號八樓之５,25.03299354,121.5665155,13584687.75456472,10637188.261720948,12070594.1643352,14033410.937132832,15678540.815455675,16773858.890423149
臺北市萬華區貴陽街二段１５０號四樓,25.0401500170306,121.501519997372,10117701.975775074,8878311.1005701,9475587.143442582,10250414.626115281,11032597.125832248,11789225.10941893
臺北市中正區羅斯福路三段１２８巷２０號五樓,25.0200899853465,121.527549997683,14513018.067915972,12254350.253197886,13134143.521864241,14625042.756458307,15816212.894813756,16941804.187267143
臺北市信義區基隆路一段１８６號三樓之１,25.0420799921463,121.564790039121,24373342.89168916,20571286.31698413,22751256.9163036,25140678.940188468,26730068.296891518,28087305.087709587
臺北市松山區民生東路三段１１３巷６弄１號,25.05853501,121.54606,34800905.07726616,29797382.094349492,32158951.936107166,35382360.15369392,37218534.84123664,39257052.45585061
臺北市中正區汀州路三段２７巷１號二樓,25.0196900009269,121.527189994942,14030490.305225387,10177512.998877361,12441861.88516499,14113583.507598022,16427397.485399434,19432446.903394327
臺北市北投區中山北路七段２１９巷３弄４５號二樓,25.12722689,121.5305754,20227046.825678203,15240374.017452253,18578843.665148452,22016645.25010957,24386426.94242271,25960654.56250825
臺北市中山區新生北路三段６１號,25.06597902,121.528078,19858791.015630692,16629861.648554718,18281206.94216514,20145233.635863066,21990337.11970064,23956574.98156098
臺北市內湖區康寧路三段９９巷３９弄３８號六樓,25.0730300019835,121.609840002661,20868255.849946607,17120178.775406078,19921553.309787847,21984034.034727093,23172263.71374129,24705715.868767582
臺北市北投區稻香路１４０之２號三樓,25.1426899876179,121.489439998516,15347059.436253237,13290848.140404731,14374330.563585456,15197077.485261826,16761061.324263437,18577904.743674066
臺北市內湖區民權東路六段２８０巷４５弄３９號三樓,25.0702700089059,121.605930012467,8038639.454694486,6049850.180882539,7916366.155197585,8558207.692460088,9171198.186424611,9902437.18748538
臺北市北投區石牌路二段３１５巷３４弄３號三樓,25.1239299891162,121.522550024801,36012307.42837867,29321848.210183755,32314321.675988946,36581490.49543501,39945117.98504952,42965674.232987136
臺北市文山區樟新街３２巷１８號三樓,24.9789500119998,121.554569984579,43988077.87064844,33524868.871795088,44547369.67789294,48392460.33702955,52099299.55255634,55137629.769169554
臺北市士林區天母東路７０號十一樓,25.11797259,121.5350408,25145886.922019858,22069775.785753578,23483688.4923576,25258597.311089464,27447246.759906948,29736663.437437475
臺北市中山區北安路５７８巷８弄９號,25.08047598,121.548754,28129467.61262096,21485775.712145332,25291038.663790073,28932205.23115284,32935868.663379915,36027498.95635143
臺北市松山區民生東路五段１３７巷４弄１２號十五樓,25.0597300171199,121.562080002186,49921030.69806826,44384317.37260847,47580593.77438894,50451347.636371,53252437.69170552,55349833.431081414
臺北市內湖區民權東路六段２８９巷２９號三樓,25.06904202,121.584354,38401449.78641294,32420086.69903734,35056601.03702082,38664598.17320895,41111534.3163289,44366905.53942924
臺北市中山區合江街１３０巷１號三樓,25.0595700065883,121.538510006638,18644249.42908757,16487827.090303445,17468905.4986333,18704075.29350327,19767393.037734047,21249172.499343805
臺北市信義區吳興街１５６巷３７號三樓,25.0281999795829,121.560209999587,17653225.827449776,15765346.28374928,16553602.18502502,17558456.603504393,18845415.422805533,20135861.73500632
臺北市萬華區康定路１０５號十一樓之２,25.0392682,121.5020232,20759733.658852145,18528368.3561503,19879766.130726986,20956303.71482267,22182967.187923107,23466865.607107714
臺北市內湖區康樂街７２巷１７弄１１２號三樓之１,25.0711900065985,121.616500011467,13779216.639959725,10932438.763713516,13184315.235024655,14167289.767465102,15193484.831477866,16180833.415084766
臺北市大同區延平北路二段２０９號三樓,25.0596800190675,121.511509968672,13549950.561427161,10742214.26498489,12304114.707677998,13535382.927521244,15546155.863248078,17474281.565335162
臺北市信義區吳興街４３２巷１２２之３號二樓,25.02287198,121.567836,15610798.053801723,13883319.524551399,14964257.755402012,15880793.734060131,16657246.63854385,17616218.44802032
臺北市大同區大龍街９１巷１０號十一樓,25.0672200019784,121.516929958722,12992422.884336542,11644652.60707429,12185418.614091152,13020152.871622518,13831028.589404669,14447237.710123181
臺北市內湖區民權東路六段１２５號九樓,25.0690900045769,121.593060019237,58324888.54567637,49360543.611010045,52492000.12524539,57653118.59842009,64704975.54611428,69789139.39019386
臺北市中山區龍江路３３３號七樓之１,25.06304401,121.541067,36188616.021682255,30958636.37631759,33620283.82809988,36491770.507553406,39009366.35842998,43467283.74724394
臺北市內湖區成功路五段４２０巷１７之５號九樓,25.0753499870539,121.608339977268,30163848.23310604,26493270.61756169,28588376.268034086,30172960.165683795,32429544.419108916,34836779.73796666
臺北市內湖區民權東路六段１９２之５號四樓,25.0685399840905,121.594730029625,27595532.762650233,23310027.44678951,24776862.204843417,27861307.181369577,30657820.149712626,33157872.207243133
臺北市北投區溫泉路６８巷６弄８號十樓之１,25.1344400155984,121.505199988142,30302906.548183683,26093606.424588304,28484897.460024152,30931374.750061233,32636734.38022144,34157521.094577685
臺北市北投區文化三路８０號,25.138781,121.498908,17105608.439014167,13517898.542805668,15100964.928985467,16995746.84034432,19807278.894918434,23465562.59020903
臺北市松山區南京東路三段３３５巷５號,25.05222599,121.547485,16511886.250126773,13383020.090339916,15867312.601725603,17103734.1830951,18299785.34842536,19691692.77147234
臺北市文山區汀州路四段１０５巷２０弄２號四樓,25.0060699950001,121.537520020053,15457263.763636116,13930329.550001204,14811491.458755717,15673862.730525421,16492851.926444171,17515174.493670143
臺北市士林區文林路７６３號六樓之９,25.10319132,121.519026,24998256.099554602,22185940.00863513,24087124.31486424,25550191.148911927,27343282.897669796,29085899.408542987
臺北市大同區南京西路４３４巷７之１號,25.05289499,121.508996,11108897.167848699,9049980.146025047,10406216.324326448,11430727.569430724,12368682.791088872,14254973.92247929
臺北市內湖區成功路二段１９３巷８號二樓,25.0664899801214,121.591050038855,19699038.601457186,17057256.27749978,18473154.811904937,20087472.847558655,21162215.243109144,22222115.665914923
臺北市大安區信義路三段１４７巷１１弄１２號四樓,25.0346400053402,121.542480011258,13441982.351225864,10968757.30802985,12984725.228835508,13822855.982917126,14952570.498229872,15740907.106971571
臺北市中山區林森北路４１３號九樓之１５,25.05976199,121.525709,6108824.12743224,5311808.751993332,5924459.403499637,6223533.832430685,6504137.672158124,6919041.055000404
臺北市大同區重慶北路三段１３６巷４１號二樓,25.06774999,121.512428,13616362.514520809,10565248.166126665,12312150.92535007,14158939.43312087,15679552.988921653,17124866.047074012
臺北市信義區吳興街２８４巷２７弄１號五樓,25.02315801,121.563637,17137565.55165482,15278887.69758775,16609078.872614682,17844541.46854295,19141424.57036118,21200425.394205004
臺北市大安區安和路二段６０號十二樓之１,25.03057997908,121.552220034205,60839113.19287749,50388023.795484126,55804012.479095206,62311897.73709011,66934309.85292262,74233704.91493641
臺北市北投區中和街３６８號,25.14199601,121.499116,16160885.334800487,13160336.605294636,14043600.60842458,15394255.789160183,18405018.32109169,22092467.226753086
臺北市松山區南京東路五段２５０巷１８弄１８號,25.05010298,121.567052,18107691.077995393,15215071.002621803,16732734.339848893,18571440.547260445,20223291.57912995,21618234.483169425
臺北市內湖區內湖路二段３４８號八樓,25.081870018077,121.590149990092,60203091.42456086,52078548.46126765,55925847.55441338,61160854.39844298,64935803.46228014,67721874.7000204
臺北市文山區景華街１２８巷１２號五樓,24.99485199,121.547715,14804741.310220882,13057249.661474839,13894985.578280246,14842495.704379063,16119514.529910607,17512736.121784538
臺北市內湖區康樂街１８６巷１弄１３號五樓,25.076388,121.620833,16261770.156280119,12823678.818663506,15004829.815542076,16688654.471975999,18772678.183287658,20411662.128291428
臺北市萬華區貴陽街二段１５２號,25.040111,121.501465,11578900.952172764,9620360.95120785,10634199.18766765,11754274.924615294,13004549.326336578,14062716.758715445
臺北市士林區中山北路七段２１６巷３號二樓,25.12591,121.533344,51583707.87133753,31934592.51025409,46001417.45308478,59142826.24019343,66427491.3658813,73608497.06243536
臺北市士林區忠誠路二段２８號二樓,25.1092200005004,121.52993003909,37210321.25781851,31037484.236440495,33304231.689422585,36271733.58515709,39607669.857266024,49090340.0078417
臺北市文山區政大二街２６０巷４３號,24.98763002,121.58689,12785185.25064281,9670652.219699938,10429950.432456853,11936107.02175378,14582927.641821297,19118376.24163786
臺北市大安區泰順街１６巷３５號,25.02543198,121.529678,30567799.74637615,26685318.837840304,28483265.444571126,30199725.245270338,32617793.7403916,35481995.88742914
臺北市中山區吉林路２１８巷１９號二樓,25.059022,121.52941,37129237.145476185,33454318.95312025,35567357.508928545,37499959.40765155,39198114.47717326,41970660.622366734
臺北市中正區鎮江街１巷１號七樓,25.04437588,121.5217749,28380890.7524391,22182368.637145095,27003606.447990887,29715760.811766244,32652282.788596936,35394568.05550097
臺北市松山區三民路１１３巷１３號,25.05785109,121.5626677,22484994.26880241,20046928.784519486,21144832.753954034,22515847.883657135,23913679.49739013,25903362.399536714
臺北市大安區建國南路一段２１２巷４２之１號二樓,25.0396499945967,121.535829976916,25135375.187525734,21379040.776685383,23113632.997842886,25242417.840997823,27828281.127719913,29285022.21065578
臺北市文山區樟新街３２巷１８號十樓,24.978934,121.554552,49354776.77426559,43059954.79196802,46818537.11340929,49813033.22721336,53515110.991369195,56933668.81814699
臺北市文山區興隆路三段１３７號九樓之８,24.99831401,121.558763,7801394.700747297,6889781.914820857,7288460.75308935,7859413.150947755,8498208.246827638,9116567.97171542
臺北市松山區光復北路２２０號十八樓,25.0557499961256,121.555410018915,33978367.054936364,31155758.586424336,32477261.06879968,34148488.6437383,36142291.886699244,37929044.96165781
臺北市北投區光明路２４２號十八樓之５,25.1361099840776,121.507999962898,12686187.474441834,9249612.660638727,11053689.334831767,13445326.925309386,14832960.292586137,15894549.84525954
臺北市信義區和平東路三段３９１巷８弄８８號,25.02160501,121.55885,4575266.811180528,3226806.735769658,3687433.5046090363,4298471.258862548,5531136.274512733,7173514.147289909
臺北市南港區經貿二路２３５巷２６號八樓,25.06120201,121.614941,28630691.57982348,25114210.281663608,26736939.20602316,28127302.55061185,30672966.274814688,34007456.046088606
臺北市信義區吳興街４３２巷１３６號四樓,25.02277701,121.567455,17286727.716684654,14512353.58643037,16354411.846030898,17443095.44590545,18650893.53299488,20361215.07126119
臺北市北投區實踐街５６巷８號四樓,25.1144899963934,121.509599984395,13411312.4335984,10467248.366864901,11834337.88965108,13461990.983443476,15453430.631021818,17400139.69001415
臺北市北投區中央南路一段１５０號,25.12988818,121.5006588,27977037.435488086,23260506.8758958,25558038.438993663,28390616.09614243,31596531.889029607,33858671.3768325
臺北市萬華區西昌街７７號,25.041514,121.50096,8819609.456636159,6547211.577860998,8585011.920793064,9405106.302233819,10148899.65169762,10855610.497350793
臺北市松山區民生東路五段６９巷４弄５號三樓,25.0600399798993,121.558479974772,40157067.238748424,35271136.81434208,37413763.9774217,40016812.88833256,43450499.7369314,46166733.84811694
臺北市信義區吳興街６００巷７６弄１０５號二樓,25.01788102,121.569765,14976671.951982828,13192392.423202265,14394878.900836986,15457060.81428923,16339305.50567923,17273661.091202352
臺北市北投區實踐街８８之１號四樓,25.1151999855019,121.511070002574,19122358.456299603,16119978.257331097,17667480.89842501,19557619.654453762,21123576.096819054,22289479.75067886
臺北市士林區中山北路七段１００巷６號三樓,25.12159399,121.532452,6173114.212866673,4245143.128229063,4985023.252711604,6030372.472627019,7631729.610650258,9562642.093187202
臺北市文山區興隆路二段１５３巷２弄２８號,25.00108301,121.549455,13582833.378763326,11558570.744182333,13042191.429439703,14224052.358538318,15325668.741485775,16542226.094432788
臺北市信義區吳興街３９４巷６８號二樓,25.024845,121.565334,24354616.392612174,19207238.23446929,21596962.956035566,24382831.971395463,27882354.0358144,30628040.119960107
臺北市內湖區星雲街１６８巷３７號,25.08008899,121.597329,12210258.669158742,8609939.986911776,11728944.330175815,12900171.632177383,13915920.55927476,16106749.74601446
臺北市北投區榮華一路３巷６號六樓之１,25.1123299799451,121.524729990179,54209075.63157128,45062231.926813364,49882598.1615973,56699606.63158544,62775396.01055044,65512127.79779305
臺北市士林區延平北路五段２５７巷４１號,25.0844300189449,121.508379998388,9827403.097172897,7601636.625385248,9099520.805020634,10213560.872492675,11383765.897953812,12105410.811952282
臺北市中正區羅斯福路一段８３巷２號六樓之１０,25.031409997042,121.519849962331,15272333.269301254,13608266.306030214,14499926.677923206,15412339.07723126,16410478.174963502,16987138.622148614
臺北市內湖區金龍路２１６號,25.08791199,121.586969,16358116.672025625,13875680.00993097,15200923.5700891,16740137.355731018,17782685.272543956,18675391.6875134
臺北市北投區西安街一段１８７號六樓,25.11010999,121.5182,17945039.12255355,16172066.64985908,17061099.76855596,17988076.54698992,19208329.54713241,21037959.27607634
臺北市北投區永興路一段１９號,25.13909201,121.499784,10024179.535671407,8144385.036130448,9475676.789419368,10545767.317483986,11554488.27086928,12926332.428815756
臺北市萬華區中華路二段５０４巷１８號十二樓之２,25.02531401,121.507852,11854830.543368777,10667212.741261367,11293884.420665886,11871789.29310349,12584825.081841223,13582743.321644839
臺北市士林區中山北路六段４４１巷３０號四樓之３,25.11660999,121.526995,61684596.72628202,55913469.121396266,58696504.57164556,62223579.62701575,65031486.62567008,68141225.68914135
臺北市萬華區漢中街１６０號五樓之２,25.0411799852928,121.506579984681,27498375.078402534,19720356.68488391,24653443.351169765,29391288.696123302,32522007.40553649,34782677.135925084
臺北市文山區羅斯福路五段２５２號三樓,25.0011499854741,121.539079976053,3909248.6616030196,2650971.332463607,3067856.9779142807,3785188.867680961,4724188.163598711,6117446.750200867
臺北市文山區木新路二段１１１巷１２弄２８號四樓,24.983299,121.56931,13915947.977978837,8825708.487744696,13088864.953480758,14943121.568242807,16396955.432676105,18190201.559318498
臺北市中正區羅斯福路三段１３６號十六樓之１,25.02037799,121.528236,129997605.77435452,114847249.10867833,122294233.41353133,129092495.24468718,141673879.238339,161045658.9710813
臺北市內湖區成功路五段４５０巷９號四樓,25.07366501,121.606853,44161852.72362202,36051483.3282555,39889734.81164782,44681876.03993157,49346136.559775956,55384230.36805679
臺北市信義區虎林街２３２巷６２之１號,25.03580501,121.575825,19454438.974086072,16320330.51912262,18051461.322613634,20150765.655006543,21553293.630809586,22966710.954364177
臺北市中山區新生北路三段１號,25.06288702,121.527991,7127531.397907879,6264203.387780789,6727761.182844591,7334548.587148916,7827963.5060487995,8192671.2684979355
臺北市士林區葫蘆街９０號二樓,25.08197898,121.508319,10491016.143368771,7709175.861550265,9947216.954034692,11253263.624869015,12304897.60952628,13387868.9449956
臺北市大安區和平東路二段９６巷１５弄７之１號七樓,25.0235199858544,121.541820020202,28567849.020551093,24952236.4591427,27191707.470930286,28773223.663306337,30348377.35579787,32394185.15316419
臺北市南港區東新街１７０巷２３號四樓,25.0440300000105,121.593060019237,15205027.151015818,12825011.861341342,14553165.434886847,15645820.783273175,16661613.413958088,17660974.67622096
臺北市信義區信義路五段１５０巷４９９號九樓之６,25.021200000784,121.573630013305,10575119.104241202,8402942.440335367,9610498.865991682,10950937.633200517,12094645.668845786,13132863.849779323
臺北市南港區重陽路４６６號七樓,25.05936,121.61147,74025154.83510324,62032906.27107802,66775334.68341249,72617718.74106094,81596611.28151259,97625403.96743397
臺北市大同區承德路三段１５６號五樓之１,25.0680700107795,121.518180035762,20127265.251679413,16633878.640372684,18573705.471512098,20552194.40130042,22476121.207656965,23962380.42935712
臺北市內湖區金龍路２４３號七樓,25.08891702,121.587271,34436617.76172852,28420238.170281053,31395213.68427163,34288235.65930811,38513138.00581067,43644415.67527244
臺北市大安區新生南路一段１０３巷５４號三樓,25.0406300067159,121.536900010676,48023559.866931856,41320578.28574437,46153000.067815736,48988341.154992074,52555047.94050368,55011365.25174066
臺北市大安區和平東路一段８５巷４弄２號五樓,25.02738899,121.525354,27746614.9360236,23801618.178216025,25139956.48287987,27883558.105586715,30198916.745977953,32381217.037484154
臺北市大同區南京西路８０號七樓,25.05289411,121.5182324,53273121.79073038,45620696.59101048,50418769.435000606,54066862.1539682,59130233.260856986,62855755.27239203
臺北市中山區松江路１５６巷９號,25.05451098,121.532078,36452919.76950621,31257168.265172996,34295511.563179605,36524920.51325354,38717700.03505555,46744550.746313676
臺北市萬華區康定路１０５號二十一樓之１１,25.0392682,121.5020232,11821962.069998754,10837583.883851193,11300852.584569106,11798187.066393672,12302218.310556892,12942269.19148918
臺北市信義區光復南路５６７號九樓之１４,25.03075399,121.557622,15523958.326329505,14171675.51599292,15027445.603462141,15779447.043908026,16571437.741990587,17382416.97240759
臺北市中正區汀州路二段２３１號,25.02333102,121.522864,19173123.655452088,14035452.221859593,17254679.395650692,19553702.180117708,22091304.83121769,24518091.102847777
臺北市士林區中山北路七段１８２號五樓之５,25.12465272,121.5332456,18363727.906503752,15778656.660203986,17187317.242445026,18360939.41812516,19953226.254217453,21473747.542745452
臺北市萬華區中華路二段５０４巷５７號七樓,25.024931,121.507981,9268796.163228378,8129805.084865152,8730108.513406731,9397667.2109733,10157070.133205034,10837482.31747941
臺北市文山區興隆路二段１５４巷１４號四樓,25.0008900207472,121.551300036512,14746453.636877706,12010731.589957086,13799229.572554981,15099248.170219691,16249175.690219587,17424951.196719225
臺北市中山區新生北路二段７４號六樓之１０,25.05713498,121.527173,5371226.636029504,3669628.193581251,4403192.5659006825,5473648.98169785,6521094.12189349,7435531.026285349
臺北市內湖區大湖街１３１巷６３號五樓,25.0867199968019,121.600719989091,14359408.314345162,11870324.243536863,12894383.30508681,14329756.12318968,15829288.488155639,18266608.744502224
臺北市大安區建國南路一段３１９號十四樓,25.03496401,121.538246,27417000.571735762,23953349.693704613,25941946.10418936,27977915.134209357,30011012.664480917,32436643.70328136
臺北市中山區建國北路二段２５８巷２９號,25.06188002,121.535339,30300441.04962596,27839728.77302927,29231537.981225774,30870849.773065582,32192689.36093683,33332519.09954635
臺北市文山區汀州路四段２５７號九樓,25.0017899856911,121.536149997979,34763058.80729074,30698871.271628994,34259698.800110176,36869416.52228693,38825447.65519101,40623093.935627535
臺北市大同區哈密街２０巷１６號,25.073835,121.51878,16879769.11609987,14689398.505347684,16081718.224188808,17265638.803510845,18203915.83357644,19270980.829373006
臺北市萬華區成都路６７號九樓之１３,25.04292799,121.505704,4443748.16901519,3395088.767435423,3868044.5323874,4370681.658183965,5107039.651256166,6046184.567434446
臺北市文山區辛亥路四段２０９巷１８號八樓,25.00234801,121.555666,39553393.66777678,32183445.53591124,35744190.864299014,39323718.46106471,43435540.56843654,49443889.79525484
臺北市北投區建民路１５３之１號,25.1105300081477,121.51937998902,22846030.41111026,17961395.16426195,20065450.61292631,23806331.668921024,30395225.274470337,33646399.518149994
臺北市松山區敦化北路４巷３１號,25.0500866,121.5455173,9592705.951194637,8384238.386477944,9314105.050490037,10008657.814998714,10480537.89511634,10865967.944499433
臺北市內湖區麗山街３９３巷３之１號,25.08183201,121.572508,17208239.40630591,15593382.422980744,16241804.471577048,16964505.975512628,18189891.371057797,20257963.355807897
臺北市大同區延平北路二段４３巷１７號二樓,25.0552399992269,121.512459973578,17296652.67985082,12993023.233815644,14961272.169043789,17419123.97252109,20591551.13160164,23285566.57573417
臺北市信義區吳興街２８４巷８號,25.025025,121.563709,23754132.24514777,19458449.63440034,22230780.914304104,24085980.489389043,26373956.501195364,28400952.22457103
臺北市大安區大安路二段１４１巷５號二樓,25.0285200006461,121.546429983129,26100742.449503332,22375838.758516353,24615764.692406934,26514105.36418099,28371922.740377713,29421967.239840657
臺北市文山區興隆路四段９６巷３弄２號三樓,24.98304101,121.561392,15265114.420104668,12776581.462558314,13821489.544766875,15264083.003984671,17330120.947633844,18607104.998151083
臺北市中山區中山北路二段７７巷２９號八樓之２,25.05755998,121.524474,6562858.713634556,5768755.364471778,6062363.740280445,6401409.169420057,6934983.346566821,7914857.8610964
臺北市北投區光明路２４２號十八樓之８,25.1361148,121.508004,16707751.210941955,12956974.30827849,14811611.876187492,16976383.3123661,19391184.48936029,21555247.860015072
臺北市中正區中華路一段７號十二樓,25.0471300049904,121.510510007623,27711744.810950115,22669206.704015885,25547656.827082377,28568524.752061114,30839194.802705508,32918587.388480056
臺北市內湖區內湖路一段７號三樓,25.0848600105778,121.560530020651,36610496.08959387,31411806.908185452,33488740.01158302,37052634.144888245,39352859.07485146,42162997.41260788
臺北市內湖區成功路四段６１巷２２弄１７號,25.08153902,121.593683,31849699.89723162,27179684.61433649,28923183.79731291,30857159.04454748,34759405.723031476,37391955.66590462
臺北市松山區光復北路１８５號十樓,25.0587500050006,121.555440026128,45295667.64113654,38780294.0947215,42548097.498128146,46102938.451558135,48459397.683680385,51339688.20486959
臺北市信義區吳興街６００巷９８弄６號二樓,25.01831202,121.571244,15663616.888285084,13506002.995957004,14863105.855229693,15790924.84520144,17176835.07978474,18389130.442168057
臺北市北投區中央北路四段４６５號五樓,25.12864598,121.469798,12015300.871871475,10264770.19500449,11133059.434218321,11982602.165492391,13147323.03668172,14850929.765930334
臺北市信義區信義路五段１５０巷３３０號七樓之５,25.02272014,121.5792499,10764808.314595636,8714587.246348558,9480678.83462372,11013093.307057127,12816258.624470247,14043547.777814537
臺北市南港區東新街１２６號三樓,25.04644189,121.5886404,37392223.77812,33288974.456986874,35150568.203758925,37580099.96755567,39506151.3111255,41545432.219928905
臺北市內湖區麗山街４６巷１１號四樓,25.08097999,121.579899,14890256.18717475,12406975.44714861,13968949.103296692,15075205.571321746,16524470.496088149,17803400.305237994
臺北市士林區雨聲街５９巷２１號四樓,25.1026399969601,121.527859960463,17498654.15176178,15451710.375888474,16583203.227218587,17764748.093386374,18771717.728638735,20122588.56497275
臺北市信義區吳興街６０９號四樓,25.0219299807315,121.569079980985,19111472.422931142,15639247.826485783,17280437.743340302,19465383.560225423,21951922.07291697,23971951.5502816
臺北市文山區和平東路四段６６巷１７號十二樓,25.0058800191646,121.565910029023,30930121.360934384,18466350.835501716,30046497.179472025,33704033.244438134,37434623.32053917,43541934.100253716
臺北市信義區忠孝東路四段５５３巷３２弄１號四樓,25.04383298,121.562997,13662717.823524226,10335685.276338574,11826977.33832096,13963177.26411302,16024227.129242998,17774457.375384852
臺北市士林區天母東路１之５號二樓,25.11834299,121.530912,25533479.863691606,19196232.269935712,22364165.551758133,25175806.195286445,30298792.38207839,34695017.90343039
臺北市內湖區文德路６６巷１０１號,25.07569599,121.582364,14763754.100139659,12959356.619712703,13701787.249786384,14627646.671345249,15769870.899268506,17656346.935095116
臺北市信義區基隆路一段３８０巷２６號十一樓,25.03461201,121.558772,26913298.65324474,23324397.10210649,25404706.020215776,27208006.34673886,28867301.19204575,30934359.31090441
臺北市北投區義理街２５號十樓,25.11668702,121.515304,32078904.536422737,26411175.290824812,29264242.570143625,32288664.451279227,35282563.95537006,38056849.7344853
臺北市中正區南海路１０７號四樓之７,25.02743199,121.507265,11997926.56720161,10419460.557821468,11337214.637943367,12050547.500896633,12978278.885513078,14370803.305395758
臺北市中正區水源路３７之６號二樓之２,25.018600018238,121.52394997027,43325121.32477857,38309666.09208596,41256893.55055186,43996998.98374965,46535124.41570954,49806450.711840585
臺北市內湖區民權東路六段１３６巷４４號三樓,25.06679299,121.587625,2586194.3802459924,1619943.421297904,2117880.8559667324,2552082.619864265,3012521.3769973386,4121341.0088862837
臺北市中山區南京東路二段１０８號九樓之１９,25.0517999823446,121.53207002279,14483796.716634791,12382467.768655015,13556148.908528443,14725776.83776777,15646734.145918012,16576572.704237873
臺北市士林區延平北路五段２３１巷３６號,25.08420601,121.508488,11056073.716477167,9228835.686096655,10375896.918808868,11310802.536321074,12162578.507542567,12958142.202061407
臺北市北投區文林北路７５巷７３號十一樓,25.10333301,121.5174016,40327883.825792074,34887917.10298712,38044370.57957948,40256456.0942905,42877157.71637288,47055412.484914154
臺北市大安區新生南路一段１６１巷１０號,25.03451801,121.534676,17228282.63375483,12592619.42923496,14450440.56660923,17340267.65524659,21455619.56088908,23999681.527741835
臺北市大安區和平東路一段１４１巷９號,25.02785599,121.530638,32927987.424485527,24805818.329856712,29853663.461984564,33672082.01603926,38765421.40513337,42946845.17251588
臺北市松山區延壽街３３０巷１７弄８之１號十樓,25.054694,121.560984,33851468.7407008,30909875.503689107,32201299.52699105,33895755.642158166,35640183.20068239,37877982.71631014
臺北市士林區基河路１２８號六樓之１９,25.08867608,121.5231356,6277013.745412344,5399892.684577743,5844284.175587064,6371293.707517991,6862300.671036127,7448014.437795726
臺北市南港區市民大道八段５２９號三樓,25.05435763,121.6138943,21171466.120591227,17301548.84668923,19820604.586164977,21581246.70926225,23409527.164782178,24956547.35332948
臺北市大安區潮州街１４６號四樓之１,25.02845399,121.528627,9489286.925070932,6254423.36966698,8354980.218076342,10371079.75764631,11407571.114935167,12175339.02819601
臺北市文山區秀明路二段３號八樓,24.99212402,121.574183,65629169.63056033,50246634.98405841,53430560.29096177,62438883.26596128,71867485.45095152,97806742.468009
臺北市士林區中山北路七段２０５之５號六樓,25.1256699883964,121.532709981097,27299078.843256313,21314671.272723082,25744720.520736344,27643828.951131206,29967916.218429357,32930828.576617513
臺北市中正區延平南路１７９巷３號四樓之４,25.0344400131304,121.507690000119,28639799.099505015,22582122.304107904,25873045.2347928,29211939.203809705,34207830.79556092,37938623.1327947
臺北市中山區遼寧街６２巷７號四樓,25.0505199819107,121.541809961918,19106572.604119178,13687530.464680227,15943408.555912798,19603147.365726378,23433946.726087444,27730343.05409343
臺北市萬華區桂林路２２４巷１２號,25.03839099,121.49643,6627945.666835573,4346155.939298883,5071618.586102603,6474420.832986513,8831645.243240837,10681542.18186044
臺北市北投區公路１６７巷１號四樓,25.13289,121.50253,33566677.89110508,26599310.376933277,30289812.218474742,34587922.42839877,41627243.072734594,48284540.75030135
臺北市北投區吉利街１３０號,25.1185200154402,121.507239975737,19649045.152357034,15438466.45746625,17491868.619284436,19670156.841879986,23077413.198752888,25433433.684856646
臺北市北投區石牌路二段３４３巷１６號五樓,25.12286854,121.523468,21108049.17102848,17143281.133147825,18875367.88746458,21176135.381651916,23279475.475446455,26364527.030926533
臺北市大同區重慶北路二段１２３號,25.05774099,121.513886,29335440.615058463,23030225.97429685,26783383.144078005,30029080.31084061,33178757.666463695,35833253.85161946
臺北市中正區忠孝東路二段１３０號六樓之５,25.0423899968352,121.531810016153,27813574.577083476,25214961.749707777,26549624.919724338,28187504.30774145,29278652.537238013,30597109.40133973
臺北市北投區東華街一段４００巷８號二樓,25.11078,121.518703,12846241.776457967,10033701.855041515,11845114.802282298,13059280.45475715,14410676.945568789,16697497.909996292
臺北市北投區西安街一段２８１巷９號二樓,25.11164799,121.516459,16407514.751240017,13262168.675573166,15534191.280503929,16912661.443329036,18055855.064199116,19474197.606482882
臺北市萬華區萬大路４２３巷６３弄７號五樓,25.0218700082143,121.500760010211,9120544.62933223,7651634.799234392,8778163.44193037,9466866.071245674,10276935.568923887,10991081.74207652
臺北市士林區芝玉路二段８４巷２號十一樓,25.11217701,121.535184,41176135.99088965,32417644.195940215,37373722.32749727,42069638.376972675,46276511.29418648,52528907.945551306
臺北市北投區公路３２１號,25.1323027,121.5026806,12112018.08862133,8104880.775468144,9582598.803800937,12296358.756300941,14951614.359783158,18649646.941641904
臺北市中山區建國北路二段１３７號十樓,25.0604900042808,121.537469980092,116583479.61716257,85009170.53691116,93811743.97157416,104992318.26027265,140914234.4072778,218970525.0665239
臺北市信義區松高路８６號三樓,25.0389099982748,121.57159002571,78211411.37166864,62197748.123436674,67460513.77199239,82946351.35123092,90939355.07946302,97346560.06156953
臺北市內湖區成功路二段５０８號,25.07382901,121.589699,43899929.89413421,37383715.01977892,41483211.562514015,44808665.26306401,47989364.38734995,51965434.01045465
臺北市大安區浦城街６巷２４號,25.02392999,121.525571,15937430.227981767,13398524.88704445,14812306.029646011,16175312.865952322,17210879.026477482,18482269.38501248
臺北市文山區興隆路二段９６巷１７號,24.99963999,121.5502,4097209.116878524,2159144.757504502,2544202.214376406,3395740.606780659,7284950.1251923945,9207057.615902666
臺北市內湖區陽光街１６１巷１２之８號二樓,25.0745200110015,121.585129984461,15399564.36304587,13677229.544036169,14369253.064293874,15447868.170946715,16346379.156106206,17125800.65730568
臺北市南港區忠孝東路六段３２２巷３號二樓,25.0491899834244,121.590760025005,15955841.980850557,13966113.897373602,15338833.298162889,16297893.860403586,17249984.95949044,19253654.61395069
臺北市萬華區長沙街二段１４８號十一樓,25.04063101,121.501331,32734691.50354949,29623117.597963434,31201447.554245282,32666003.55386391,34088150.25978506,36172275.952686906
臺北市文山區木柵路四段９巷１１號六樓,24.9924199818598,121.570589980842,15579433.525645439,12809917.28746104,14668596.092750086,15982466.51948881,17517105.045319386,18777946.268654082
臺北市大安區和平東路一段２５０號二樓之１,25.0259599997783,121.532930006056,61831472.56850457,54289257.373565614,61050671.24541564,64462661.28331193,66726043.13926171,69047716.3460665
臺北市士林區明溪街２５號,25.10607402,121.565164,10017611.326439526,6141022.543763651,7330052.4896034505,9639116.208256798,14148303.35745025,16976066.386904467
臺北市中正區羅斯福路四段６４號,25.01468001,121.534101,37783635.555392645,24860427.00446191,31968748.73809836,39389505.47682822,48258982.798279345,53190569.541370586
臺北市信義區吳興街６００巷７６弄２０號,25.01845971,121.5704981,18008787.138058078,15546594.07347877,16632930.163845925,17983973.74847097,19814118.378055446,21733191.92737114
臺北市中山區新生北路三段４３號三樓之８,25.0653999974324,121.528060036492,9872149.123547863,8104724.506418029,8935290.644585636,9980275.249952577,11001721.020833623,11582744.683299307
臺北市文山區景華街１２８巷２０號,24.9946900107873,121.547890026843,8587837.237249728,6662451.428929419,7599944.476923416,8850911.825007172,9989411.99704457,11205686.38338847
臺北市大安區敦南街５１號,25.02273401,121.54674,33357690.507827397,27123351.615954153,30889375.829100724,34492596.05727187,36830518.772319585,38829928.22709308
臺北市中山區林森北路１０７巷４１號六樓之４,25.0500899902778,121.526309978928,9219600.290536925,7744285.050088855,8353897.009275513,9185815.154205514,10409714.676498294,11141748.337888928
臺北市中山區建國北路二段３５號,25.05529301,121.537265,5206906.697874187,3237718.87758436,3706926.9310900625,4978321.751155386,7535199.746909232,8628059.274132106
臺北市中山區新生北路一段５４號七樓之２,25.0463200197771,121.531050028992,7840518.218064288,6541099.236537725,7479239.588357715,8085171.835414074,8603055.09604256,9421059.879498264
臺北市大同區環河北路二段３８７號五樓,25.0776400068205,121.509279963332,10676103.072120713,8528004.021054706,9684319.012779325,10755722.86088316,11957218.904090833,12889115.47116701
臺北市信義區松山路５１５巷１號,25.038694,121.578526,15732393.393684575,13255293.813909862,14822776.672066106,16018108.500395354,17211751.8676503,18155911.48349643
臺北市北投區大度路三段３０１巷２８弄２１號四樓,25.1221500081579,121.465679985222,9748542.940057443,6537767.598499783,9028311.271789532,10548066.732578173,11428362.60598369,12139724.602199305
臺北市北投區溫泉路７１號,25.135646,121.504801,4396296.987550452,3436465.7401328785,3998869.3516908847,4385051.91119585,4907933.443220336,5463053.751152055
臺北市士林區通河街３２３巷５３之３號,25.0814999989614,121.518900041244,4663378.449606649,3486597.428187259,4017256.6690598284,4908174.280722164,5341580.999395927,5737478.32594548
臺北市中正區汀州路二段９３號,25.02541199,121.518036,22544587.893576816,18113078.146360654,19971620.50745929,22568015.78749673,25604298.035564944,30569325.643056206
臺北市文山區興隆路四段２９巷４弄１號,24.99079498,121.560078,10263887.876312083,8338115.389663391,9566644.486124866,10512104.427101493,11454705.426132493,12544775.287151014
臺北市松山區三民路９６巷３號,25.057189,121.563859,19477346.662043575,16942077.86514429,18280017.720443074,19914792.281709086,21481480.239058916,22779486.818139017
臺北市松山區八德路三段１０６巷６５號,25.0447599799581,121.554439981261,11338740.38645059,9016450.752355928,9923643.48240841,10916812.829099903,12878786.712466646,15101669.801073315
臺北市中山區北安路８３７號,25.08601309,121.5523454,20939392.507057864,16693519.565045042,19122243.11273951,21450684.19438251,24062307.767061073,25885646.51931213
臺北市萬華區西園路二段３２０巷３６弄３６號,25.02680599,121.491123,8302640.51127321,5353109.77347833,7788199.769216559,8830811.145479413,9801711.290760946,10985152.573239658
臺北市文山區興隆路二段２２０巷５３弄１１號,24.9992200103585,121.552069998138,15797687.535319608,12434286.732717734,14142046.55884849,15703793.987940682,17476960.729424164,19026602.785971306
臺北市大安區大安路一段２０２號六樓之１１,25.03499502,121.545865,15820569.443992475,14304718.646766687,15049660.049134899,15952279.48413355,16967489.582212497,17841702.090743106
臺北市中正區新生南路一段１４２號二樓,25.0358799821864,121.532490039958,35987357.82714801,31851529.49945062,33989475.65707626,35715873.22259027,38550737.8326973,40872737.47728021
臺北市松山區南京東路五段１２３巷６弄４號三樓,25.0528599997297,121.561060008389,30926523.537979707,25495655.238620795,28005980.75357721,31269558.09299585,34292268.77927846,36384003.7111502
臺北市內湖區港華街９９號七樓之２,25.0835199957171,121.573809972766,19517300.768420916,16883085.59440881,18583013.158156097,19961350.77086202,21283159.97094375,22440504.75370077
臺北市大安區光復南路１１６巷２８號二樓,25.0429799989997,121.556550041566,46009848.82350476,39226407.71492453,44712622.704929344,47056395.91573836,48882537.13426478,51090374.79406578
臺北市中正區寧波西街４０巷５號四樓,25.0306200026677,121.51831003908,29227564.264557824,23813538.59480128,27055204.26390393,29872136.385041736,32442903.965788882,35274692.350658074
臺北市北投區明德路２６７巷９號,25.11445802,121.521849,15810204.172422318,12916048.179573085,14971719.620015822,16156280.897832936,17602656.313758243,19103674.49942827
臺北市大安區延吉街１３７巷７弄５號,25.042311,121.554843,4052201.8761942266,2614907.517672011,3086998.4645318305,3881104.1822355287,5016108.04238027,7122918.012752028
臺北市松山區五常街２８１巷９號三樓,25.06459601,121.544914,17216468.310355425,14394388.499665102,15691589.468204912,16961027.66621352,18718877.24238952,21743994.181779325
臺北市中山區錦州街３０巷１２號十一樓,25.05953899,121.524662,7333663.451397573,6070705.288446628,6512072.693202907,7497653.029173996,8285589.833070726,8765398.76249748
臺北市大安區信義路三段１３４巷２９號,25.030656,121.539642,29858836.141171116,26955469.439610265,28481990.239064295,29698094.207998898,31586575.27593211,33624089.324593954
臺北市北投區中山路２８之１２號,25.1374,121.510205,3460178.51890963,2486197.1783845206,2711397.5395876053,3093036.5579384537,3924910.3847644725,6116800.90626731
臺北市松山區健康路３２５巷２５弄１０號十一樓,25.0563700055035,121.566700023397,22506094.01394071,20382149.98620266,21362767.88424768,22473282.196731254,23695153.54380518,25039034.73884597
臺北市中山區林森北路８５巷６３之３號,25.0493400194912,121.527089998837,8114213.519706755,5545808.670170682,8047011.310568236,8749921.364154652,9370347.389932182,10032326.575184716
臺北市士林區中山北路六段２３６巷７號六樓,25.1084399805909,121.526179975609,21898526.637376186,18173376.04391166,20003719.302453574,22207925.134011034,24264148.20161351,26621943.40503348
臺北市內湖區港墘路５３號,25.08157099,121.578447,17207298.508481953,15525949.658561816,16428015.886371033,17275286.2597823,18234303.00062265,19724089.58441342
臺北市內湖區內湖路一段２８５巷６９弄５２號,25.08497899,121.56927,16226402.251010224,14844624.807411313,15602992.517851898,16315746.845269136,16924619.043080386,17946893.341354948
臺北市大安區忠孝東路四段２３３號十一樓之１０,25.04165511,121.5536086,16903145.841901094,13269858.458811639,14985696.254248757,16818731.717476122,18885488.723703004,22757228.78185136
臺北市士林區前街２１巷７號五樓,25.0979499868573,121.525029978494,11698442.82256275,8291417.7187605435,9508314.490296248,11334033.610546347,15359458.803012587,17061410.76079762
臺北市士林區通河西街一段１０４號,25.08550898,121.51227,9802065.727617595,7164279.196425693,8623180.125821171,9908862.650706172,11621005.374063285,13074312.943779998
臺北市士林區忠誠路二段４０巷８號三樓,25.1102200034588,121.529759970275,18971792.88379056,16799264.347978108,18228327.45722503,19596294.57101665,20768133.14535651,21792770.793713957
臺北市信義區吳興街６００巷５６號二樓,25.02029999,121.569824,15786322.51646099,13966113.897373602,15079528.46184541,15967470.430041216,16805026.65343935,18722913.363096528
臺北市松山區敦化北路２４４巷３４號四樓,25.0608099834345,121.548199989623,25937594.779469717,20745319.79668326,23466017.006157357,26624340.583817564,29568650.31660945,32439249.77308772
臺北市北投區復興三路５７號四樓,25.14493195,121.5033082,23966300.409396105,18846248.61167244,22179245.759878255,24595839.57719895,27333396.99574548,29423093.487688158
臺北市文山區保儀路１０９巷３弄３０號三樓,24.9861900065961,121.569060032055,11399461.324406218,8370423.441768624,10088224.438484417,11858539.457064427,13467961.806234097,14611927.315282075
臺北市士林區士商路４０巷１２號三樓,25.08995202,121.519998,15296269.711923864,13648225.886406055,14802399.059242563,15701444.101319827,16431923.081165535,17048211.553239357
臺北市萬華區康定路１０３號二十四樓之１１,25.0394800096003,121.502019977897,13495300.48486916,11638377.900416763,12200727.555589408,13378461.044328492,14524068.319939172,15970368.44430528
臺北市大安區光復南路２９０巷３８號七樓,25.0394399860126,121.556130024398,56947947.92437105,47572212.981696695,51834585.59302573,58948758.671823256,63740284.405805215,65648786.30397006
臺北市文山區木柵路二段１０９巷１００弄６０之１號四樓,24.9924799962866,121.561450018343,10515142.785240807,7444643.032012181,9548973.370544704,11214880.465412514,12359438.75368619,13010386.441805396
臺北市萬華區峨眉街１２２號五樓之２,25.04452499,121.502306,17597511.36688761,12100934.231240448,16068187.893938003,18538379.551189855,21455076.165213097,23413713.445063792
臺北市內湖區東湖路１１３巷４９弄２７號二樓,25.0698900153255,121.615139963857,28731100.331596546,23344929.51763052,27338284.675287575,29323055.367314994,31020903.51854126,33047373.66602999
臺北市士林區文林路７６５號六樓之９,25.1032924,121.5189652,23598342.66839049,20312620.789024904,23320522.80141999,24809581.79871856,26171997.25071798,27458164.120598163
臺北市松山區復興北路３３３號,25.05980101,121.544472,31499448.194155455,27903387.26776389,29529376.950016502,31297252.46334137,33678489.54103076,39331314.70439467
臺北市文山區景華街１２８巷４８號,24.99446999,121.54727,14678007.763163086,12536513.281477313,13594319.293644218,14616050.664511018,15975364.538009055,17644664.09141888
臺北市士林區通河街１２５之１號四樓,25.0807299954261,121.521259966083,18696942.574055515,16450955.467291065,17783355.920131233,18893653.954829425,20212615.035872955,21580549.58095193
臺北市內湖區內湖路三段７２巷６１號,25.08830602,121.591077,1712217.2557479548,1089184.582815233,1316316.4215049064,1704362.6379923944,2185584.5538952965,2718700.9544094997
臺北市北投區文林北路６０巷３弄５號五樓,25.10532602,121.518546,15986341.727570865,13523273.194091799,14921129.841174837,16101356.128648518,17107272.213814016,18764946.88159041
臺北市松山區延壽街１１號,25.0574000156752,121.568600033209,3691534.429343514,2318543.2663147645,2873476.611207529,4184141.4817552776,4689535.332393671,5251777.488922951
臺北市松山區八德路二段４１０巷３２號四樓,25.04649998,121.54663,34673988.57092313,31156784.30594565,33494770.909335602,35152368.47519021,37740954.931618854,39372316.43757547
臺北市中山區長春路３６８號十二樓之２,25.05442302,121.542666,4584945.888326833,3095143.0643428485,3849203.1610609307,4356947.584761296,5580270.7932692375,7510292.818029766
臺北市文山區興隆路二段２５３號,25.001957,121.551614,13601260.03594325,10869470.140145391,12229051.114948291,13537082.468416907,15487203.85118204,16619359.015386319
臺北市內湖區民權東路六段２９６巷２６號十六樓之２,25.07218309,121.606658,20214264.69614125,16766802.815873079,18531833.964803893,20322298.66479943,22259907.26904452,24571152.770162594
臺北市中山區林森北路３５１號,25.05698302,121.525623,58097860.93644938,50900495.543871254,54064716.32019995,59033982.67198071,62536184.976884,65825075.7276186
臺北市內湖區星雲街１０２號,25.07901581,121.593657,31378162.446135283,26575359.322572354,29537466.725933895,31868655.96566849,34681314.96315306,37356742.09418948
臺北市北投區稻香路１６０號,25.143518,121.4889189,37988001.497327745,26671384.091871288,36116964.309956916,39855033.494764335,43985012.88679865,49790217.389210485
臺北市中山區新生北路二段６８巷８號四樓之２,25.0566800101924,121.526850024949,28400939.255558815,24611395.403554596,26311620.883603003,28413987.054339737,30853785.898813296,33119358.538658008
臺北市士林區芝玉路一段２２６號,25.10892001,121.534295,60759310.665708214,53261282.89347737,57349786.2835668,62495546.2871518,64995421.76227141,67699831.58501992
臺北市中山區天祥路８０號六樓之７,25.0640200008936,121.52036000114,22073942.444165614,18804954.20700046,20375681.865389906,22045002.701313525,24101122.34905216,25598092.879717775
臺北市信義區吳興街２８４巷５９弄１１號,25.02154102,121.563848,50776905.55584877,37768711.5654501,46725110.26482333,51762510.204829305,59785148.15696651,65573195.86078317
臺北市大同區歸綏街１４２號十樓之１,25.0582299917276,121.514440030565,16943777.373497028,14590799.20247915,16311326.725765085,17122752.93845101,17910419.088901374,18805287.746779464
臺北市中山區天祥路４８巷５號,25.06193898,121.520665,2488117.5381479263,2077381.6038706966,2270222.5827997397,2434232.8482305296,2676864.3540519774,3090407.9082001643
臺北市中山區松江路８５巷７之３號六樓,25.05025398,121.534078,27275038.617194936,22806282.439765275,25387222.244433,27665447.008540437,30213247.456209913,32373792.069882136
臺北市北投區大業路４６２之６號,25.13191899,121.496281,26547946.59135833,22355458.696516946,24729571.956947967,27596642.424771536,29694894.95616112,31307367.31589554
臺北市大安區敦化南路一段１７９號七樓,25.04296902,121.54931,97966522.02478936,82776337.20784208,89480671.87332603,98389847.51601738,109520044.93214601,130921596.2477298
臺北市文山區辛亥路四段７７巷１８號四樓之１,25.0077700126021,121.560340002906,10186204.774750935,8408207.03516108,9438972.355917746,10180934.043768644,11250563.832514927,12083912.841230903
臺北市大安區復興南路二段１５１巷２５號六樓,25.0284599862194,121.544629969422,26925107.55998391,23679719.416808527,25591513.712422043,27146919.74264838,28455079.50695512,29822444.532050766
臺北市松山區復興北路３６１巷２６號,25.06032928,121.5461745,8761839.036452632,6728555.411884941,7861126.857859844,9365016.76352789,10301673.987378884,10640329.608385485
臺北市士林區德行東路７４巷１５弄２號,25.10648201,121.527461,4100199.432026054,2638743.221300545,3147462.416684144,4341082.255617794,4821517.144824479,6087633.999145661
臺北市內湖區星雲街１８號五樓,25.0778799807084,121.590619963403,17693765.028115615,15208101.435206063,16520579.341163283,17637093.959713064,19105982.847712986,20255775.250709325
臺北市萬華區環河南路三段１５３號,25.023099,121.491624,5622489.156158682,3334830.851197009,3945745.0265025743,4911931.710343597,8861261.855362952,10832501.184844589
臺北市內湖區文德路２１０巷３０弄６號十樓之６,25.0768500124462,121.584449960657,24289168.189099777,21538262.898966514,22783886.892032538,24505921.44013026,26013575.52397345,28528485.4346767
臺北市內湖區港墘路２６巷１１號,25.08306301,121.57711,37454405.89564674,30897204.03396812,34634008.23533744,37371227.03111212,41024203.02896371,45033195.184732355
臺北市松山區南京東路三段３３５巷２３號三樓之１１,25.0534300110552,121.547630020207,18700631.059387345,15719816.254684558,17228251.9384888,18716136.09594038,21039654.032872662,22671853.321815085
臺北市文山區景興路１０２巷６號,24.99445561,121.5441925,19199823.585573815,15987963.312603025,17685551.11111862,19267945.735585622,21119327.673835773,22397506.333466053
臺北市中山區建國北路三段１１３巷１９弄１１號四樓,25.067309981709,121.535689999133,15956247.879826818,14672884.66454184,15441945.124944452,16144093.897075674,16737411.820834199,17349746.61983697
臺北市士林區天母西路５０巷１３號八樓,25.1180300093806,121.525679995085,83261705.57999231,64684741.21637498,72662482.78331006,82011749.5196478,95404099.38143279,111759833.12011044
臺北市內湖區民權東路六段４５１號,25.07186802,121.604471,63678288.03968691,55435988.782756545,59974053.7466492,64170158.585117236,67990364.9052927,71833318.88541728
臺北市中正區和平西路二段１４１號六樓之１,25.0333799957453,121.50572997588,9204757.723170344,7358619.822481064,8136355.31644105,8891575.614462331,10582343.756385636,12121820.489701536
臺北市松山區民生東路四段９７巷２弄８號三樓,25.0584200094726,121.552669974767,32196497.366853856,25742238.00074134,29453892.860495508,33849588.89739226,36967525.34506796,39146672.13476141
臺北市中正區忠孝東路一段８４巷２號七樓之６,25.0442400085946,121.524060024658,18286180.900953554,14259198.144542098,16004808.307120232,19386123.595740754,21493606.75583589,22416875.589285403
臺北市士林區忠誠路一段１１５號四樓,25.1051499997755,121.528829998117,37348001.92484668,31043425.385903098,33587679.76978901,37270446.16560366,41504821.153520584,45637583.14896888
臺北市士林區華齡街４０巷７號,25.0837900187279,121.520169983395,16826194.49343435,14857000.091689931,15973345.699344743,17011352.15503707,18059511.57692856,19175989.592292298
臺北市中山區南京東路一段１７號五樓之３,25.0523699936701,121.52374997806,117097422.59169234,81862341.71321443,115110609.90845826,124653681.60325243,132851231.48759624,154681200.54800686
臺北市中山區天祥路１６巷１５號,25.06133498,121.520499,7143056.176350798,5581966.898273197,6501591.049989295,7365849.312749982,8075296.094695848,8775632.543188805
臺北市北投區西安街二段２８１號十二樓,25.1204600069301,121.506500021325,20506607.30324248,14490985.08650712,18513168.384412296,22038319.454631567,24576996.01743964,27161427.13807192
臺北市松山區吉祥路３７號,25.04992902,121.562657,35847275.953232184,30302708.10650205,33176717.614877447,35725687.71164297,38657498.22644468,43536519.39724721
臺北市士林區士東路２８６巷２４號五樓,25.1117400196901,121.537369983987,32234447.193330694,26528973.67168131,28351571.604094207,32666983.03353519,36574633.981842026,39097602.18134267
臺北市北投區文林北路２７２巷９號,25.10956802,121.513453,12833602.712404639,9725092.27973096,11463910.765901232,13366605.807388684,14881131.410873353,16154477.547401305
臺北市北投區建民路１６１之１６號四樓,25.11116402,121.519732,16401539.71859603,13796942.260891352,15204995.992017077,16722514.66419798,18374817.693398315,20258537.88586704
臺北市大安區樂利路２８巷１號,25.02706901,121.551269,35072560.57806932,29945080.64235504,31720464.520939462,34736940.49138947,38605241.43049282,41694189.343210645
臺北市中山區北安路６４３號四樓,25.08619433,121.5507568,22090404.029889017,17638766.79166649,19558729.35695647,22621338.79271592,25483336.48176543,28450705.483268175
臺北市中山區林森北路２６３號,25.05459862,121.5255575,7100847.430868041,6059398.9017055,6373193.487763709,7011545.35164713,7872440.351021818,8604842.45720411
臺北市士林區中山北路六段２３６巷９號十一樓之１,25.1082699955945,121.526179975609,34765276.98343557,27773211.341341995,31760944.088629883,35158062.09210228,39372301.908015154,42894770.02237714
臺北市中山區林森北路４１３號八樓之３,25.059769998798,121.525710002298,11955918.829329574,10085214.328514569,11193495.663618527,12227450.522285735,12998919.648204582,13709894.249971118
臺北市中正區師大路１５６號四樓,25.02104598,121.526271,19004566.095714733,13094277.662616074,18088553.891442355,20695707.64144988,22087617.867392134,23577095.766217656
臺北市大安區師大路８０巷１８號三樓之１,25.0233100191799,121.527340031009,47797748.43081275,38378280.992875114,44743331.07419173,48294957.80272663,53113622.58013879,59575433.42859335
臺北市萬華區西園路二段２８１巷１３號三樓,25.0241599860714,121.492409958268,8650932.270647192,5791973.18749873,8047913.881649642,9269219.093472574,10099955.710644208,10780491.972840004
臺北市萬華區武成街１２５巷６弄１７號,25.0198200042452,121.493240018139,6227148.608024564,4105414.3055460574,5029822.098259609,6185087.342293665,7942338.1454657735,9194788.34406027
臺北市士林區福壽街４５號,25.09656999,121.525441,17756462.056850653,15943920.341238193,16821046.513193343,17664419.33321819,18680731.667674266,20006982.990246072
臺北市中正區汀州路二段２７７號,25.02215902,121.524263,40569773.81167577,34387836.08879455,37041667.521266885,39702835.40257617,43394321.4021834,48235113.526041195
臺北市北投區行義路１３０巷２４號,25.12990599,121.530545,35297624.174497575,24312691.336894706,28998417.626924157,35462642.57760915,44707015.47731648,48351605.99938336
臺北市松山區南京東路五段２９１巷４４弄３５號,25.05346299,121.565229,26889913.085875344,22268010.263490155,24303446.5359039,26650201.17006346,30122771.18604666,32341209.479368843
臺北市萬華區環河南路二段２９號,25.03903602,121.497665,18301253.637186605,14865942.9776872,17213824.315108854,18924923.5697333,20452441.475527614,21452130.871304426
臺北市松山區民生東路五段１３１號,25.05886601,121.561296,17572819.44941939,13518179.394224625,16133360.578598568,17909568.215973575,20383454.05150939,22673572.04312742
臺北市萬華區中華路二段４１６巷８０號十二樓,25.02731359,121.5034581,36056991.77958897,31289807.40664442,32986522.651039585,34991952.400614746,39371196.536230095,43299988.502627455
臺北市信義區莊敬路３９１巷１弄５號,25.027866,121.565385,23096861.168595325,19203832.904587504,21634205.69282218,23933190.34126229,25473493.024657533,26812326.726867776
臺北市北投區西安街二段８９號二樓,25.117669,121.512953,16260905.751597947,13571421.478492547,15383574.365320114,16688569.185556548,17816811.41510406,19057137.89731684
臺北市士林區中社路二段１２８號,25.10548,121.566924,11783568.595622756,5035696.034791065,10942092.63866218,14844921.998621205,17258446.013274778,18898388.483556904
臺北市中山區新生北路二段２８巷５號十樓之３,25.0539299915796,121.52636001889,35160132.49260645,28076924.186435077,31728180.636720955,35814519.138313375,38820194.47978677,43186402.31717478
臺北市中正區臨沂街６５巷３號四樓之１,25.0362199940887,121.528960001436,23649611.998909354,20808264.51955043,22175688.954251077,23800097.755993042,25173899.923695825,26554028.810138512
臺北市內湖區康寧路三段１８９巷８３弄２０號,25.07258199,121.611658,18708148.358440533,12697301.339581538,15285864.249120498,19822064.803397782,23357304.22005955,24727380.56220507
臺北市文山區興隆路一段２７１巷４弄１號三樓,24.99925899,121.545169,11603368.462161439,8973765.601445228,10793143.734713526,12334443.214712825,13221760.229924394,13893023.748182572
臺北市中山區中山北路二段１１５巷３弄２１號,25.06127602,121.524144,13470097.407451747,9504967.770787727,11440138.695435893,14338071.659694336,16321035.240151875,18308781.7244
臺北市內湖區內湖路三段６０巷１２弄１６號五樓,25.08831302,121.591882,15277156.620976457,13568101.143745285,14652135.848661356,15539504.8143796,16286680.771761637,16783497.237944644
臺北市北投區稻香路１６１巷１６弄１０之２號二樓,25.14190094,121.4880264,21073559.806829277,17085569.5062945,19978962.58984179,21546284.252755675,23112654.75955139,24565840.05551179
臺北市松山區八德路四段１０４號七樓之１,25.04839001,121.560899,7911090.149227976,4889206.258410673,5984974.787120266,7475016.142946413,11002399.926658787,13331264.505686551
臺北市大同區民權西路１７９號七樓之２,25.0631500012535,121.515820027104,32455551.44577779,27866753.780848168,29943993.54184844,32938812.5179986,35209922.75640967,37635800.46718049
臺北市北投區北科路１９０號二樓,25.10455402,121.5168609,56133627.67273286,45893260.87075922,51023216.31806448,58057336.01192724,62812861.04165888,65354953.90234337
臺北市文山區興隆路四段６２巷１６號,24.98507601,121.560405,14571879.452769674,11901890.409060791,13142731.878376132,14534081.610457476,16065999.01574436,17919752.485122398
臺北市大同區延平北路二段２７２巷２９號,25.06214401,121.510167,14858072.651177065,8653842.653899888,10240946.470279848,14594103.779794168,23453147.80015101,27075184.8218035
臺北市士林區文林路一段７４０巷９弄１號三樓,25.10338699,121.520609,14228484.55772192,11413896.754604202,13585390.454415401,15206154.073731707,16245471.20727744,17272462.290212464
臺北市中山區龍江路３５６巷６號五樓,25.0660899957018,121.538089989469,15881288.785695259,14516396.591683377,15435172.895811796,15999331.039602334,16663417.4277959,17453104.624583248
臺北市北投區中央北路四段３９８號三樓,25.1296200021774,121.470980030238,10350381.850806177,7924637.709556243,9593090.918390391,10878783.249673272,11730239.67133656,12569891.32764051
臺北市大同區民權西路１２２號,25.06271699,121.516736,12619017.130823812,11296372.102082457,11770529.294293702,12492671.294076972,13667076.525187131,14410658.429413768
臺北市中山區南京東路一段１３２巷１８號四樓之３,25.0510000135056,121.52693996277,20309304.55055468,17544201.465985276,18787277.343637362,20435614.133560866,22230821.88993135,23512795.43718125
臺北市大安區羅斯福路二段８５號,25.02546559,121.5237555,33683881.095002696,26868779.985718418,31066669.587866906,33710073.55077853,38066926.62749925,43730823.68682634
臺北市內湖區金湖路４６巷６弄８號,25.08273801,121.596697,17487148.6055646,12917362.287668085,15644246.75023787,17597096.33756189,20285388.792007223,23184831.143642217
臺北市南港區重陽路１６６巷１０弄２３號,25.05644599,121.600192,11502765.633420404,7601209.418570773,10867942.894630358,12440813.577788118,13607871.019283824,14872364.855656032
臺北市萬華區環河南路二段２７４號二樓,25.03256389,121.4914109,40654432.03669849,31197522.769278273,35875890.47947777,41468106.12091855,47560436.041635185,51990915.53955665
臺北市南港區研究院路二段１５０巷３弄１８號,25.03805802,121.616036,12969753.244093167,9875875.44420991,11956594.688238785,13463026.936082855,14656631.98035858,15847247.2297342
臺北市文山區萬芳路６０之１０號,24.998643,121.568348,16083201.440163318,11417082.21573624,13506965.541460067,16646527.912207995,18655038.598218884,22449603.4045631
臺北市中正區仁愛路二段２０巷３之１號,25.037717,121.52658,49749645.7360378,39267014.8931947,44798953.910355456,48936317.729759306,59376862.22573114,63631723.141567364
臺北市內湖區江南街７１巷１６弄２０號,25.075889991166,121.577519970749,26271502.82401993,21005432.99223437,23776980.62183155,27227842.340109274,29703265.97971373,31767223.777803935
臺北市大安區羅斯福路二段９３號十九樓之１,25.0251399981906,121.524120039085,15152078.401002241,13344600.762487516,14322370.346994359,15310113.371329525,16252258.002709338,17073104.892630015
臺北市中山區民權西路６３號九樓之１,25.0630199979353,121.520350026675,57865439.68496208,48489062.9743148,53375451.27277169,58271578.220129326,65038496.15314051,70216405.11067191
臺北市松山區八德路三段７４巷３５弄３之１號四樓,25.04678199,121.552804,34256575.359601155,26224177.932435803,31440185.439222526,35063166.34397664,38135891.906605266,41652085.59443944
臺北市中山區長安東路一段５８號,25.04800401,121.5290995,24822620.76590112,19175343.233793393,22159803.772497255,25013525.558928505,28741538.784544017,31022907.82830485
臺北市中山區長春路１００號十一樓之１０,25.0547999912197,121.527849985998,9974130.927830817,8451156.56939239,9192268.56215341,10095792.196989411,10846162.382166669,11621271.6634602
臺北市北投區光明路４７號十樓,25.1328399941012,121.49972995813,21400504.110785462,15276398.891837018,19005957.54127048,21788614.36535552,25251609.850664396,28808481.075122874
臺北市松山區南京東路四段７５巷１４弄９號,25.05218798,121.553324,18227472.655822802,15386953.241012918,16631883.872268083,18152768.267241947,19930922.257730454,22279501.92163163
臺北市中山區合江街１８０巷１５號六樓,25.0611900189245,121.538449992211,22984783.075216364,19944386.650887996,21805346.284652065,23395427.985396247,25126307.908651512,26371327.77114363
臺北市大安區和平東路二段２８３巷８號三樓,25.0254099792919,121.544570038814,26653285.860616807,22381427.48045352,25013521.692157637,28103682.541055247,30220981.744282234,33379012.908636726
臺北市士林區士東路２８６巷１之７號,25.11313699,121.537554,27179388.37104085,24565323.567601863,25861187.38118498,27168992.39865361,28443352.606202044,30351146.133796956
臺北市內湖區康樂街１８６巷３２之４號,25.0771199935475,121.62030003109,13366684.651871862,11194788.604840672,12103836.079915069,13185516.547144664,14564074.336416261,16838647.803831052
臺北市中山區中山北路一段８３巷９號,25.05024619,121.5233996,9929041.173627356,7664039.275720868,8835488.556799307,10432263.502907872,11782424.1845366,12875455.635871219
臺北市文山區景興路１８８號十八樓之１５,24.9924900126609,121.543860007796,8056757.535743371,6374268.02872717,7047419.335990831,8044154.220600883,9201558.624292687,10017713.89997157
臺北市中山區農安街３２號七樓之９,25.064797,121.526654,17127914.931582868,13999992.380183864,15676546.279049683,17542488.026959978,19150613.320306636,20506883.87391855
臺北市文山區萬美街二段２巷１號八樓之２,25.00352258,121.5629436,14107831.731221383,9491610.602194253,13334998.497943416,15276802.856830642,16843233.766040713,18472616.22028016
臺北市內湖區五分街１１３號五樓之３,25.0673399889224,121.6169300031,23242156.932450302,18275434.92246805,21872674.358803667,23863348.65307965,25957939.40683742,28096394.5670192
臺北市北投區明德路１３６巷１號三樓,25.11020198,121.520803,18586881.579268757,16177036.60941619,17537848.697141957,19090382.016532175,20738727.926135853,22511731.152203348
臺北市中山區松江路１８８巷２號四樓之３,25.05672762,121.532553,18405838.581178237,15533976.801770715,16201458.105524408,18341258.063125953,20713043.350086633,22385450.603254903
臺北市大安區和平東路三段４００號,25.01877901,121.558226,17329510.26386051,14775317.331131883,16245007.67004303,17285966.2206581,18461228.41035119,21032396.263501015
臺北市大安區忠孝東路四段１７７號,25.04168399,121.550593,29514806.684885617,26078951.868884288,27464611.529488362,29273199.229829833,31820018.04777219,34868820.268887505
臺北市萬華區中華路二段４９８巷１１號,25.02592002,121.507111,11228945.74639142,9680677.793947991,10604455.830410935,11355895.806748794,11938694.148193516,12695677.846222587
臺北市內湖區文德路９０巷４３號八樓,25.077189982439,121.582530001915,21729756.395428218,18684011.47633973,20480378.96728691,22061843.177863512,23603125.53962713,24993155.719136845
臺北市中正區青島東路６之１號二樓,25.0438205546593,121.521926092519,28391969.989620805,22787148.48190546,25312069.987532407,29317541.98963123,33134577.549523503,36299765.69218231
臺北市大安區浦城街１３巷９號二樓之３,25.02455691,121.5273026,9078873.914406203,6880177.09440307,8540955.748643238,9268821.01996398,10852119.258107953,12821078.044245506
臺北市北投區公路２０９巷１９之１號二樓,25.1323027,121.5026806,19283613.087608416,15373787.36680586,18079112.15684252,20136458.91611302,21536818.33381782,22444735.51237663
臺北市大同區雙連街８號五樓之１,25.058002,121.519017,18581741.596792668,16179143.409187282,17041708.49519277,17869320.18752689,19651813.617803056,23877871.428805187
臺北市信義區虎林街４０巷２７號,25.04745501,121.575571,24901339.25399724,20598791.816784825,22430226.623194277,24019549.972603124,26405044.9998801,31490347.84595145
臺北市萬華區寶興街２２２巷４８號,25.02210202,121.494158,8073981.726203383,5082312.086557093,6412252.620027702,8806827.280646538,10013120.09273015,10979394.60373832
臺北市文山區仙岩路１６巷２８之１號七樓,24.99765901,121.548927,14331310.429131048,12386603.494523015,13216977.854966095,14470103.912607826,15606706.839778243,16945847.75614236
臺北市南港區玉成街２０１巷８弄１０號四樓,25.0443900027519,121.585879997157,17704644.845858954,15150813.481497131,16469331.031964812,17658312.524724238,19088823.96393876,21564819.21993753
臺北市信義區松仁路１５０號六樓,25.030928,121.56801,120580424.18361154,89219073.9291627,106175285.24065782,124367544.25344074,142469556.00793105,159040368.7793435
臺北市中山區新生北路三段１號三樓之２０,25.063009981561,121.528000022065,7085934.746206381,6252260.4058450805,6514004.766054244,7091864.450591742,7688066.890359981,8059739.249416413
臺北市信義區福德街２６８巷２６弄３號,25.03992702,121.585958,12039466.935265549,9800831.346949773,11411882.265057039,12463196.995212018,13676574.420261703,14710785.44901197
臺北市萬華區環河南路二段１４７號三樓之２,25.03368799,121.493045,12308721.51639826,8373949.596196034,11086672.376583137,12973839.106583608,14431931.23971732,16574475.893744104
臺北市大安區新生南路一段１５１巷１６之１號,25.03526768,121.5343621,32064595.891838375,28095199.096494406,29268977.563665275,31206999.438747477,34380054.69712947,37718036.737566456
臺北市信義區吳興街６００巷１１０號,25.01828901,121.571698,16490282.238348054,9309427.582630452,13035100.299915703,18198455.609639477,22113483.777916152,24067552.21349574
臺北市松山區延吉街４８巷１６號七樓,25.0449999957555,121.553029977508,29112763.522367284,24840874.04815352,27714990.597448766,30263580.665176604,32061207.963361084,33938791.526729226
臺北市士林區中山北路七段１８７號,25.1248499868088,121.532490039958,19112739.81052718,13774012.330446888,18761747.84801592,21664129.41393695,24482635.364634827,26213727.059634253
臺北市中山區朱崙街８７號七樓,25.05003601,121.543235,86046067.850553,71966014.47445455,79411234.2211366,87019652.61848408,96171817.15504512,110846105.8481507
臺北市士林區重慶北路四段２２０巷２５號,25.08590301,121.511806,12688962.539248023,9656421.181497179,11651131.069397947,13159361.515920982,14644512.202995999,16274310.28179316
臺北市中山區五常街１１巷３號,25.06452698,121.538121,16999718.850177377,14757535.800898902,15799894.784051072,16730696.289385574,18116035.41910042,20130277.454572197
臺北市中山區德惠街１０號八樓之２、八樓之３,25.0664999964957,121.529420000282,12040509.923933335,9597643.412535718,10961893.605576653,12222255.036993517,13501169.27006432,14727824.515627064
臺北市內湖區成功路四段１８２巷８弄１１號,25.08397002,121.593213,13669900.885625634,9485489.904853286,10966466.92554006,13332559.870204832,16748750.307680452,20677381.578810576
臺北市大同區延平北路一段１０８號四樓之３,25.0527191268169,121.511770949438,53562439.30261128,43854474.77593852,47742542.77494105,53498215.215690896,58115335.74409813,63603613.86621552
臺北市大安區敦化南路一段１７７巷３０號四樓,25.0429499917864,121.550580031029,12663949.842209835,9817012.489788864,11572784.374714764,12998573.12052586,14395539.070703868,15165094.72429778
臺北市內湖區民權東路六段１７７號二樓之１,25.0680719,121.5968853,26639381.985227972,23077943.690623697,24983430.888606142,27226110.059282452,29221257.93773921,30686533.81982567
臺北市士林區至善路二段９０號四樓之２,25.0977100129694,121.546060005923,18829659.70909338,14117507.387224045,16849060.76733234,19399786.12550157,22055153.63842908,23895203.22845125
臺北市北投區中和街４９３巷９弄１之１號二樓,25.14406701,121.49462,7226340.007408708,5176058.482967872,6230330.832637508,7558572.024140318,8529949.451534076,9553432.857477475
臺北市北投區知行路１９５號,25.11944102,121.46592,10890335.717404438,8172420.396606571,10486278.24667881,11275629.314187998,12187596.046162255,13992710.741103001
臺北市大安區光復南路２９０巷３號,25.03922201,121.557076,38707394.068437085,33251466.533021376,37726905.346009806,39707034.83530048,41402261.3837657,43741539.91940894
臺北市松山區八德路四段６３６號,25.049832,121.574493,13699555.231366782,11421051.949556693,12214782.649057603,13857116.062848488,15277109.177659174,16006623.217091737
臺北市萬華區萬大路３４４巷３６號,25.02400999,121.498487,51962879.57895166,42670765.47333679,46944813.60197361,51887640.13978653,56787562.52406289,63069155.39770605
臺北市北投區大業路４５６號,25.13174,121.496372,34991797.972885236,27547276.5994987,31316944.702968113,36832134.152781606,41666326.894404344,45448518.92560229
臺北市士林區天母北路９巷１０號二樓,25.11914463,121.5271024,28471801.80234628,21116366.659482203,24572047.807182685,29470162.87610924,33295721.502961278,37065983.00996912
臺北市大安區仁愛路四段２６６巷１５弄１６號,25.03656499,121.553848,43726668.1893623,32639783.98273951,37124810.05704595,45631788.9764989,48909440.10892509,56601402.636214755
臺北市北投區杏林一路２８之１號二樓,25.14092698,121.497806,9465045.181449957,8212432.09412096,8841990.111148238,9529952.382626263,10183571.41655762,10900949.61955975
臺北市士林區福港街３５號,25.09069201,121.518398,15272725.030795854,11913832.163704347,14217329.752629705,15700434.566733468,17286384.050746318,20206591.725161824
臺北市松山區民權東路三段１０６巷３弄２６號,25.06131001,121.5476,24215476.45944171,15856894.724963097,18976909.665395774,23542275.91557462,32885735.776350275,36975968.41650049
臺北市中山區中山北路一段８４號十三樓之２,25.0491899834244,121.521059973874,12758193.122827496,11079529.705459189,11782729.93723214,12597150.898919644,14141613.913066885,14995326.653483449
臺北市文山區木新路二段１１１巷１２弄８號五樓,24.98353299,121.570012,12669416.895088922,8592835.228668895,11721111.68582939,13835364.785017429,14846485.914168969,15656187.422473317
臺北市大安區仁愛路四段２３２號三樓,25.0374999945227,121.552260015883,40417123.3834162,37228923.08270026,38440312.26302372,39928816.915433176,41504141.94160188,44895811.65246451
臺北市北投區溫泉路７３巷６號十二樓之５,25.1355799963398,121.506140018583,8872230.751681244,7301975.483748585,8010842.141088263,8882394.581203723,9787202.793984015,11079169.366760485
臺北市中山區雙城街１３巷２１號四樓,25.064169995051,121.525329966808,32809498.874156978,26989493.768124014,29540575.17959927,32762248.728214763,36480017.946010605,40073551.146080315
臺北市北投區天母西路１０５號四樓,25.1188500109682,121.523700021917,13341322.326958459,9070782.995505061,10804420.251316011,14527132.706355207,16577859.399261184,18054741.96713372
臺北市士林區華齡街６７號,25.08470901,121.519146,16088841.765211675,13357183.420368148,15474242.843120264,16606827.278783588,17620995.902907036,18620539.781871196
臺北市內湖區文湖街２１巷８２弄１４號二樓之３,25.0894799898795,121.560579976794,18656332.656280503,15556397.223739116,17063624.036896754,18822318.593368094,20499637.04487144,22186673.698933594
臺北市文山區興隆路二段２１７巷８之１１號四樓,25.0021799956458,121.549379993952,16311189.092330076,14039152.028713692,15283541.983941697,16396243.59556862,17814865.64002616,19581777.380249325
臺北市大同區民權西路１２２號十樓,25.0627299840854,121.516770032009,12826604.094222594,11522009.730963962,11966095.636241812,12633532.108265065,13845822.979360964,14651842.937652418
臺北市內湖區康寧路三段５６巷１１號,25.07074698,121.609903,22810529.773525067,18947710.562249504,20700542.958702415,22883267.272332236,25322491.16781303,28759245.23666271
臺北市文山區育英街４５巷２１號,24.99110901,121.537627,31489242.685523815,25636891.505971268,28799154.351076905,31734548.205660824,35215146.984226495,37410586.224411406
臺北市士林區延平北路六段２２８號,25.089468,121.504431,28294822.91696772,23165359.07674125,25770614.15960415,28703262.228288572,31387881.119675633,33327978.449730355
臺北市文山區羅斯福路六段１４２巷２０弄２之４號八樓,24.9968700180747,121.539820014285,34151105.117506966,27892179.70519935,31076815.347322177,35054630.394126065,37619081.838555545,40673282.84856166
臺北市士林區士商路１４９之６號三樓,25.0940800202517,121.517460030279,35640727.49924248,30788911.43582333,33126186.69035826,36252857.479283445,38553892.47274851,41144918.494328074
臺北市士林區中山北路五段８２９巷１９號,25.10150199,121.524952,9621174.873603433,7704950.876963031,8600990.972946864,9680370.057482988,10772098.09433002,11760015.03011236
臺北市信義區忠孝東路五段１０１號五樓之１,25.04130102,121.567414,36926481.84803086,27651898.565783404,31095649.316800147,37259355.6610509,43903349.54085502,49221374.75371285
臺北市大安區和平東路三段１巷７２弄９號,25.02786801,121.546309,26570242.17298124,23602801.39788993,25519567.94971823,27287420.18502403,28673224.56215843,29650521.00551954
臺北市士林區福港街２５９巷２９弄４號,25.08439201,121.518976,15941256.205364235,14646091.343425866,15337340.632486967,16158167.302143127,16663417.4277959,17311265.39309354
臺北市北投區稻香路１７０號五樓,25.1438199938945,121.488840021886,51149583.23061549,41207646.85764903,43385867.650696665,47401064.763240606,54560877.559005976,80169505.73854999
臺北市士林區延平北路五段８３巷２８弄１１號三樓,25.0816100114405,121.509169992762,12896783.727282928,10656482.425070295,11742024.79765631,13127834.00206423,14418040.525840145,15692741.789993038
臺北市北投區致遠一路一段１０４巷２號,25.10972011,121.5153902,17277093.129283763,13861212.329911781,16603552.540974855,17709619.95063782,18812639.946063407,20216637.728775363
臺北市士林區忠義街９１巷２１號三樓,25.10623701,121.533439,23449602.317596782,18712121.36535345,20883589.120097168,24197218.17778917,26716628.810491644,28706239.355031624
臺北市北投區三合街一段８２巷７８號四樓,25.12877481,121.5045889,26183323.044858243,22313576.797798213,24422483.891277615,26541054.076479822,28776419.96554439,30948990.743768465
臺北市文山區指南路三段２６號三樓之１,24.9831079,121.579933,9726879.264972162,7864029.872835682,8872598.651666965,10054213.672493342,10937345.38205961,11588096.695195638
臺北市士林區中正路６１５號四樓,25.0863799848996,121.509020040514,15790608.35916134,12475982.3205119,14161356.929721799,15718368.299939746,18393249.724090308,20870254.410688177
臺北市萬華區環河南路三段３９號,25.02655101,121.490062,9937666.132902458,8077072.255357037,9331048.571526496,10253852.956460414,10992058.834382286,11511122.315899044
臺北市萬華區青年路１６８巷４９弄１４號,25.01941302,121.501775,5173056.812539613,4247678.670062399,4951737.082372313,5314672.166820269,5584285.753390252,5959447.960591653
臺北市萬華區康定路８２號六樓之１,25.04206201,121.502225,28451939.164847557,24795792.880035706,26579863.536472477,28938103.75175715,31433993.32371732,33429948.59807469
臺北市萬華區東園街６６巷２４弄１０號,25.02479001,121.495527,21717952.64193717,17170708.410534363,20283511.862334836,22592979.831750732,24437556.061698742,26129363.21198726
臺北市萬華區東園街６７巷１９號,25.026938,121.497585,38862158.54278584,29857211.97769137,34635713.46635679,40211336.50943485,43952296.894616604,47886791.04990858
臺北市士林區天母西路３８巷９號五樓,25.11810252,121.5261113,37961948.44589136,27472339.75277571,33561358.37114674,38754832.33453354,44604080.62205344,50919650.248940036
臺北市萬華區開封街二段８１號十二樓之３,25.04720699,121.504695,9050729.049788486,7440690.597305344,8595434.951969558,9375733.69307375,10221236.410022184,11158175.432121705
臺北市中山區安東街１６巷３０號二樓,25.0449699885421,121.540189991491,5569948.797982151,4156403.802242064,4843516.961080607,5743093.7297759,6328186.237974154,6969998.380479652
臺北市北投區尊賢街２０９號二樓,25.115409994086,121.50794003229,17131447.03778426,14151339.622689066,15943009.680379795,17588175.31277972,18881894.538190264,20315732.67891895
臺北市士林區中山北路六段４０５巷４５弄１５號四樓,25.1163900062053,121.525819972868,62883525.972833134,53702681.17053112,60289629.44133847,64071024.39952586,66873155.36022321,69074346.54725209
臺北市中山區農安街１７６號六樓,25.06454898,121.534754,26014584.24162137,19114264.602260955,21633355.399349194,26396144.312337093,30774262.049930867,35661720.92413065
臺北市大安區仁愛路四段１２２巷６３號十樓之３,25.0335099990636,121.550290017179,32953154.463516045,28827181.11610567,32720148.823962905,35252024.94948128,38482069.147642545,41175836.898564085
臺北市松山區三民路１６６巷５號,25.06205499,121.56352,25716993.223393172,20001645.097574852,22012591.87174464,25094657.07715554,30717399.15274465,34519331.65811799
臺北市內湖區內湖路三段３２６巷３弄３之１號,25.08976112,121.5839316,10562566.94112247,8445470.053088158,9225915.213155612,10672544.648516608,12312357.167196423,13337731.7143667
臺北市中山區長安東路一段３０巷６號,25.04798001,121.526081,15088878.953582939,10849203.892212648,13892163.758513842,16215096.408845484,19034639.39823306,22688919.704543214
臺北市北投區義方街２５號,25.14104998,121.501492,11465099.292859435,9219776.34055359,10463239.894319063,11762344.727538982,13115272.16589924,14195695.491194401
臺北市大安區文昌街２８０巷４７號四樓,25.0314700114687,121.556950025985,24621832.747229025,21525342.398176935,22661511.48248031,24425283.082616813,26641393.80005672,29217962.61965408
臺北市大安區和平東路一段７３號八樓之３,25.0270700152158,121.524929982389,24282263.04505119,21308456.138302326,22699366.36648846,24463714.005372025,26309981.046667818,29254099.501499444
臺北市中山區民權東路二段９號,25.06281699,121.528581,13133564.901615975,11005316.11390772,12105807.032607356,13103328.571200505,14287244.56620815,15836263.856028745
臺北市大安區建國南路一段２７９巷２號十二樓,25.0360599835571,121.538380003319,25463127.94345372,21924059.860151548,23830970.380233806,25882278.138333797,27769384.350169268,29215802.332769156
臺北市中正區羅斯福路四段１７０號二樓,25.01224901,121.536286,18376611.914665703,13930570.935396863,16250012.56177273,18615274.166435406,21378835.094384715,23619869.100130804
臺北市中山區長安東路一段５６巷１弄１２號六樓,25.04749101,121.529266,28633980.046098918,23417539.42080137,26092797.83009491,29077608.574481096,32000119.839927197,34689691.78495186
臺北市南港區同德路７５號三樓,25.0459500006614,121.585269962244,22393331.111609656,19234271.145897876,20936575.695814192,22797804.396990467,24465203.906596363,26433238.799954183
臺北市內湖區康寧路三段９９巷１７弄９５號,25.07649001,121.612002,24221900.337211214,22051742.808372743,23076170.203701235,24603794.25486748,26092704.678939775,27924444.74263134
臺北市士林區福港街２６２巷８號三樓,25.0840999815073,121.517179990894,14987943.564030193,12752454.460608048,14460508.2455548,15562854.03445819,16351277.542589143,17096149.38521648
臺北市內湖區康寧路三段７５巷２４弄４９號,25.07413801,121.610091,239636.68998737633,61459.14800680158,215711.6249011604,325886.7628684531,402721.4017425431,469931.703910478
臺北市大安區富陽街１５２巷７號二樓,25.01822602,121.556494,16824069.764664564,11353945.318672858,13432782.287743151,17777929.331435837,21323241.50473605,25384976.363558155
臺北市內湖區麗山街１０５巷２９號六樓,25.0831381992112,121.579778482727,26350714.354521215,22919167.33271709,24019509.76192835,25911815.225497935,28735849.29212403,30774022.612112477
臺北市北投區中山路２７號三樓,25.1384399855223,121.511090035323,4752794.875242995,3410107.7717166175,3977290.3293074504,4935417.209841279,5439550.991596032,6387116.482588083
臺北市中正區延平南路１５２號五樓,25.03875502,121.508181,78280326.90903884,60142346.274875544,69047103.54257615,84562743.6230949,89935307.14912239,94998338.64133948
臺北市士林區中山北路六段１９５巷１７弄７號,25.107193,121.524046,19302161.03386893,16139820.077401457,18103786.845915288,19782140.940904833,21094115.53187926,22400388.30237651
臺北市北投區吉利街３６９巷２５弄８號,25.1183199813209,121.511899978626,13549930.933149131,9639393.266187731,11336919.544130184,14112749.01285544,17190552.35467232,19193192.086882785
臺北市北投區尊賢街３０２巷３０號四樓,25.11805319,121.5082871,13790087.135855762,10473576.856583804,12281723.696761157,13997215.72193088,15775049.31224807,17673424.54247846
臺北市內湖區內湖路一段２８５巷６７弄６號,25.08480951,121.5671498,20294162.43299448,16801179.22935453,19171847.556681912,20903180.16766627,22970309.289149486,24830621.419415586
臺北市大同區承德路一段８８號五樓之２,25.0530289,121.5174277,13948452.944170322,11493968.079857323,12757205.369863939,14229224.855620123,15277342.39282525,16235416.795736937
臺北市內湖區康樂街１８６巷１７號三樓之２,25.076930017712,121.620370019982,6289196.722705996,4507172.19695999,5697382.931996366,6599665.639324813,7477209.436089018,8237534.765522573
臺北市中山區新生北路二段１３７巷３９號三樓,25.06133498,121.529133,14025633.492652308,12163272.18294506,12920065.293039521,14026211.49196281,15233870.88826216,16391517.966772962
臺北市松山區復興北路３１３巷４０號,25.05883998,121.54693,84573383.40934715,69555346.52518554,79100125.24889465,84596395.70703347,92154482.07170537,99743514.5320518
臺北市大安區仁愛路四段３４５巷４弄４號,25.03882702,121.553868,39212962.48680504,36456051.26016296,37990388.12933752,39538794.88552669,40867256.83557948,42214570.25250967
臺北市士林區福德路５７巷３９號,25.092049,121.521654,1309238.1564125142,683514.6995166693,860133.8906172345,1124244.1306305772,1978813.7363661735,2788000.091780852
臺北市內湖區陽光街９２巷６號,25.07517799,121.58545,13253509.05976475,11994850.183868416,12577089.597569164,13293301.71701131,14076096.139780495,14692650.47448392
臺北市萬華區大理街１７０巷５８號五樓之１,25.0328399916332,121.492810026506,8526015.176029652,7057021.973299827,8119348.733103726,8686035.199783988,9298246.468148151,10001810.699655557
臺北市士林區福港街２７２巷１６號四樓,25.08349401,121.516869,16790258.606844235,12675722.517642524,15412333.525670985,17820923.952562887,19477698.63951754,21240963.12871852
臺北市南港區重陽路４６２號四樓之１,25.0594900013225,121.610950018098,53400609.70706493,42598112.51491426,49793713.92765379,55497944.95998708,61100374.792968854,65075035.62711458
臺北市士林區中正路４３８號十樓,25.0932800095031,121.518819994069,31516688.675567098,27370097.861521367,29541416.424690515,31682717.168044172,33628534.793418005,37267708.00454813
臺北市松山區南京東路五段２５０巷３６弄１１號,25.0497200130717,121.566779986753,20292140.680981778,17890183.738376226,19252752.961871497,20397249.39856487,21572075.853882976,22846061.84657926
臺北市信義區吳興街２８４巷２４弄７６之１號五樓,25.0228599947984,121.56131004056,10225819.2524795,8008134.817095986,8876345.014813432,10058412.03925002,11844811.384881672,13333943.227970984
臺北市內湖區民權東路六段１５０之１號十一樓之１５,25.068799990727,121.589620002354,9439246.420356298,8280125.995566518,8974269.31997273,9594246.47869342,10262881.027867313,10749922.350353502
臺北市大安區信義路四段２６５巷５９號五樓之２,25.0349399936548,121.555810003335,69980532.74248707,58063903.80251034,64338380.26740491,69246844.7355179,76388359.37676957,86291136.98041783
臺北市士林區永平街８０巷５號,25.09166,121.505456,9506720.211105155,8225132.709596876,8842270.521330677,9392796.56692419,10228986.75405281,11469229.718530238
臺北市中山區林森北路１０７巷４１號四樓之７,25.050114,121.52633,13980599.60718863,12065639.989206076,13462005.245641451,14696389.758613557,15893215.49600145,16806035.04323187
臺北市中山區復興南路一段３４號,25.04629102,121.543684,25560696.275900144,21643531.3038316,23714055.560942657,26130470.053912714,28585003.241948545,31118130.543891583
臺北市文山區辛亥路四段７７巷３１弄３號八樓,25.008278,121.560066,25900607.592815556,20629897.912547033,23601197.783117734,26409657.076825295,28599093.465213135,31612385.707008302
臺北市信義區吳興街２８４巷２７弄１號三樓,25.0231000105958,121.563590002043,16852241.480681755,14718941.418060318,15711266.516506078,17017024.06923059,18268471.91237079,19877897.950062875
臺北市中正區臨沂街５７巷８號二樓,25.0375600089494,121.529570036349,29964274.54211749,26552694.746938154,28633856.729831047,30321267.919274077,32170573.013389654,34484746.01692767
臺北市中山區民權東路二段９２巷７弄２２號三樓,25.06062399,121.532301,353091.8755491428,117339.23216725096,297662.80914308224,401973.0620444085,551737.1108145443,690598.863152947
臺北市文山區保儀路１１９巷５號三樓,24.98560399,121.567879,10628849.609612979,7101561.34644037,8653669.511941085,10475670.877725977,13932280.464236481,15035081.009850685
臺北市松山區民生東路五段１７１號,25.059489,121.564784,24577504.233446546,20018008.52803549,22719259.351405405,25071346.48940882,27775347.659622278,29856341.594861817
臺北市士林區格致路２０３號九樓之６,25.1421799907192,121.549330037809,4417897.115728815,2970595.6819577888,3431974.076843851,4475308.67476276,5391493.582942885,7103366.236952963
臺北市萬華區中華路二段６６６之１２號十四樓之３,25.0241599860714,121.511179973144,24269516.34499237,14365721.801950358,22724296.040280465,26626153.416166015,28952244.966701537,33413244.970269945
臺北市內湖區文湖街２１巷８０號,25.088841,121.560065,29609611.434897188,24941142.833678506,26339589.79163379,28091253.666654173,33481698.612591892,38684994.61399625
臺北市文山區羅斯福路五段１９２巷１號,25.00347399,121.53827,24861764.798242707,19707124.18640931,23007763.925750602,25618620.200578537,28429788.004743572,31000848.751059156
臺北市北投區中央北路三段２５８巷１弄８號,25.13590199,121.479263,9478126.477291167,7525241.0058410065,8507919.561404206,9758853.936826846,10773580.990792949,11546803.889512502
臺北市中正區延平南路２１６巷３號六樓,25.0343999895427,121.50717996131,25073217.282623067,19858004.373222426,23097637.39926885,25280992.6827124,28368997.21613266,33485932.329001173
臺北市北投區光明路６８號三樓之１,25.1327677,121.5002257,18743261.381901722,13480147.389774753,17624621.153357938,19846683.27294585,21778532.879513975,23387594.329065338
臺北市松山區三民路６８巷７號三樓之２,25.055362,121.564943,27512004.56152612,21867454.741570428,26714673.837861434,29254533.34648262,31472598.47171891,33468864.6130128
臺北市中山區基湖路１５７巷３號,25.07678669,121.5636534,101309188.12900893,53283998.40988685,79393835.05761877,113338333.51095021,139693290.4198753,157542904.3111005
臺北市內湖區內湖路三段６０巷１２弄４號,25.0881999894456,121.592049999904,16357460.68235518,14659007.121091936,15552118.280595744,16514126.312122352,17421790.35799091,17999412.095153674
臺北市中山區新生北路二段１２９之２號三樓,25.0599114,121.5280178,19409658.306556996,17108208.740071576,18224624.478997827,19407175.52322901,20695960.82071637,22482158.53307639
臺北市中山區林森北路４１３號十一樓之３,25.05976199,121.525709,12869156.26262118,11055148.935430268,11915984.385525089,12784913.492288042,14277075.186268138,15635063.380892113
臺北市信義區基隆路一段１８６號四樓之３,25.04207899,121.56475,8834631.340209687,7295182.933318249,7999695.636484072,8934295.525437925,9971615.15829752,10603525.609027572
臺北市內湖區成功路二段２５０巷１２弄７號,25.06574001,121.589636,5000185.989868272,3452064.216637112,3982012.602841237,4862858.106904019,5799668.2387568215,7407933.118852351
臺北市北投區實踐街５６巷２號三樓,25.114836,121.509434,14322292.29932763,10007687.940699967,12371939.344845666,15135838.928155702,17374160.66853035,18494219.7534049
臺北市松山區健康路５５號十二樓,25.053769981048,121.555670025552,42484775.436947994,37167989.45951258,39291298.381211415,42515933.08560088,46153977.743814036,48274497.58041306
臺北市萬華區中華路二段３３６號三樓之１９,25.02948501,121.504383,6750250.227801961,5821665.921060108,6257968.5866596475,6658333.850088769,7428508.425597657,8090164.879731085
臺北市北投區杏林二路２４號,25.14195301,121.498302,9483326.40843368,7933153.750618261,8819451.603605663,9649990.976254426,10506780.355957348,11562611.373472292
臺北市內湖區文德路２１０巷３０弄１０２號,25.07640871,121.5846037,20899233.227753244,16467829.299259508,19378040.516524654,21673526.870834783,23267548.056313545,24516588.190712314
臺北市中正區詔安街５３號三樓之１,25.02563987,121.511784,15762336.936925616,12969127.407104757,13973969.434681885,15845496.555523861,17722038.240289766,20109972.64806038
臺北市中山區朱崙街３４號二樓之５,25.0498500163899,121.541090040254,15609516.852063306,11959308.504989237,14416020.30492885,16150645.722180698,17546223.100722756,19301253.98995575
臺北市北投區公路２２８巷１１１號六樓,25.1782,121.563,23924226.543063976,19625877.432909302,22384878.620291706,24636548.96606624,27065436.64112326,29395112.359455045
臺北市中正區水源路４５號十二樓,25.019240018455,121.523519978637,35863154.48539179,29691581.55301644,33296406.707121838,36927740.04240583,39263016.44492991,41149200.57703604
臺北市大同區迪化街二段８８號,25.06546701,121.509431,11692184.61254571,9926062.205667483,10879364.223843008,11821913.599478858,12945283.478363147,14416238.067177754
臺北市士林區承德路四段４０巷７３號六樓之２,25.08145,121.521128,5234597.176619032,4582773.578034457,4969902.977978825,5312982.119095733,5607799.403588237,5910823.97762135
臺北市大同區民權西路１６０巷２６弄１號七樓,25.0615778708301,121.51570877816,40713712.81402011,33711227.842581,37280139.47300409,41225611.15527062,44338635.61431244,49237966.15581259
臺北市中正區齊東街４８之１號二樓,25.04211302,121.528528,7665191.477578754,5223490.29888317,6511962.069257351,8228457.848675373,9396723.196402999,10419238.599039026
臺北市北投區公路６３巷２０號五樓,25.1323027,121.5026806,14744108.125104448,12783801.035121111,13599029.51464301,14842311.311597113,16065470.52682941,18059611.027968254
臺北市松山區饒河街６１巷１２弄１８號,25.05041701,121.572453,17903410.18043609,16043440.667218972,16761978.628573064,17843459.099291276,18934881.296181485,20476077.320402198
臺北市松山區南京東路四段２１號八樓之１,25.051900020359,121.550369980536,7538664.25384047,6056307.734616079,6986086.9722591555,7933915.183717738,8719119.721220668,9479519.805000655
臺北市南港區經園街６６號八樓之３,25.0622199871867,121.61643999704,24826463.05809385,22120484.58852402,23525034.31915736,25264792.81719319,27023659.037887864,27943788.650571235
臺北市信義區吳興街３６４巷１２號三樓,25.0251599890297,121.566059981271,18590949.430999607,15612486.72521658,17293289.43900548,18821227.83461731,20317119.02057269,21592495.281328067
臺北市中山區合江街１３０巷２８號,25.05943598,121.537966,19029119.529781755,16702108.407298826,17803459.66621112,19227221.00843945,20575701.19481709,22749980.13293498
臺北市信義區信義路五段１２７號十六樓之１４,25.033964,121.573943,26086305.68350205,21896872.102520663,24598758.894828945,26547158.032797504,28185158.16847886,30015856.07410663
臺北市松山區民生東路五段１５１號十三樓之１６,25.0592400110603,121.562259961647,17666939.706141062,14570055.263790062,16503816.508919239,18086771.868839707,19826870.08054637,21514825.19252928
臺北市文山區辛亥路四段７７巷９２弄１１號九樓之９,25.0086600030813,121.561559988913,8632493.120171681,7216573.207072238,8049432.451844078,8861645.632203404,9805250.681605097,10315224.488909017
臺北市萬華區武昌街二段７２號,25.044806,121.506211,9698419.508507654,6752195.640908276,8555878.727830457,9942982.867512107,11428746.476514671,13417527.676532
臺北市萬華區中華路二段４１６巷７號十一樓之２,25.02682899,121.50481,16865024.226952404,13276765.852002814,16388596.799236743,18126021.163121834,19057024.840513017,19981743.448528685
臺北市中山區新生北路二段６２巷３８之２號四樓,25.0562099949719,121.525930027257,17297727.206810303,14878588.869391885,16129719.552315244,17561232.24136787,19023769.378450293,21160928.22111875
臺北市文山區指南路二段４５巷６弄９號四樓,24.98856699,121.57558,11826831.728390437,9099257.75550393,10873374.004296055,12264684.588459745,13215480.011817537,14696886.97937374
臺北市內湖區內湖路二段３３６之２號十一樓,25.08160301,121.589199,44679166.41764618,38021083.13812372,40787848.96573812,44103734.43980889,49082986.88634066,53470276.388820924
臺北市文山區辛亥路六段８６巷６弄１０號五樓,24.98920301,121.551806,10700031.882105675,7419459.695532349,9026803.94016365,11123751.69278466,13182612.052149951,14312267.6382852
臺北市松山區富錦街３５９巷１弄３號五樓,25.06089699,121.557837,26202383.39456709,21937512.174580365,24388087.763264462,26394810.2100323,28330828.21709289,30571847.265611663
臺北市內湖區內湖路一段４７巷３４之１號,25.08835602,121.55837,23216620.581758007,18539131.12026732,20947116.75498041,23477800.554862168,26286416.214878462,28847300.975861467
臺北市大安區通化街３９巷６１弄２４之１號二樓,25.03136779,121.5563812,17284679.989847966,14762199.621214371,16086700.548025642,17365680.774944957,18921366.594666023,21453661.324488103
臺北市中山區市民大道二段６７巷６號三樓,25.0467399950357,121.52916996811,18090298.73987703,15785196.76359846,16930991.35535329,18169000.481762,19486295.14892321,20835890.70317827
臺北市內湖區星雲街１６３號,25.08125998,121.596442,21291520.827248923,15932914.229000555,20113843.661404587,22013512.95325303,24839187.47657238,26258529.2271375
臺北市大安區復興南路二段１７１巷３６號十七樓,25.02750889,121.5450386,33501685.100168522,29704481.54072255,32028125.989661146,34203379.08393624,36225013.620915145,38677256.89254564
臺北市中山區德惠街１０號二樓之１,25.0664999964957,121.529229982537,7860524.894641154,6140197.309610799,6735742.484244224,8343090.868841795,9084494.124622429,9820361.1326178
臺北市大安區光復南路９８之２號,25.04427299,121.557542,27794588.957151428,25124771.772036284,26681717.413636845,28071059.538097452,29518201.111770146,31761546.050357964
臺北市北投區溫泉路５８巷２２號,25.1332800021084,121.505520009205,9564932.077875307,6037800.249043526,7240107.199875247,9849916.030683644,12917413.417980216,14447925.778081762
臺北市中正區濟南路二段１５號四樓之２,25.041289997772,121.527649993788,17416271.093331248,13523214.381703045,15671616.351661898,17741850.061973717,20225936.585727613,21423633.383952014
臺北市中山區林森北路３０６號十四樓,25.0560900080279,121.525359974022,10867531.644299407,8919307.389252884,10026218.212968908,11120697.826908972,12065927.137976602,13039014.202019194
臺北市大安區信義路四段２６５巷５４號六樓,25.0350699969731,121.555680000016,53565718.38680158,46239966.54562174,51359357.29480431,54763195.33323954,61552885.25941088,68977874.58165964
臺北市萬華區內江街１２６號,25.04154179,121.5031141,21163145.385099817,17553974.10113827,19311751.442453146,21574477.688688427,23308573.434224684,25377501.43564537
臺北市士林區文林路７６５號二樓之３,25.1033299952295,121.518970030136,15677900.062693277,12956375.690580584,14488639.560884807,15661633.672263268,17216679.488311525,19526553.45494344
臺北市南港區研究院路二段１８２巷５８弄１３號四樓,25.0363800046204,121.614509980015,13310047.581486609,11175618.952855583,12218813.5101632,13479055.434806898,14658240.908536186,15627294.267452389
臺北市內湖區五分街１１３號九樓之１,25.0673399889224,121.6169300031,16663131.887757186,13943003.81107341,15264996.732716814,16485353.666998336,18681996.891939633,20451927.350461766
臺北市文山區試院路１５４巷２弄２３號二樓,24.9910300108562,121.547720041847,12109879.49880701,9488296.481329696,10994575.057962932,12687118.99469158,13985353.426308125,14748592.377224755
臺北市內湖區成功路五段４０８號十三樓之１,25.0759542,121.607603,43933383.29530279,35090755.73567207,41771103.270406395,46140981.767607294,50293056.59981089,56140893.95921397
臺北市內湖區大湖山莊街１６８巷１８號,25.08854635,121.5988047,9042275.91662278,6715676.792235596,8313751.556465121,9531353.692962892,10488182.882173307,11595525.843607161
臺北市內湖區民權東路六段１２０巷３弄４號,25.068384,121.587407,17156130.359412074,15755793.380717758,16419464.567091327,17286119.69414093,18031914.01542913,18876784.7138613
臺北市大同區承德路三段８巷１９號,25.06378501,121.516887,19514981.117016003,16364475.542001097,17970998.138077024,19655420.150640152,22180003.659047447,24245977.861754812
臺北市松山區長春路４９８號五樓,25.0543599832125,121.547349980822,38928703.0515582,33837206.52779717,36070888.86369433,38572993.54249803,42109903.26153025,46178535.39310192
臺北市信義區信義路五段１５０巷２２弄３號三樓,25.0274500087963,121.570370039703,16935214.872213263,15010556.493814142,16199075.43518224,16936809.08218008,18169167.651474204,19241134.98683246
臺北市士林區承德路四段８８號十三樓之３,25.0822914232738,121.523017720112,24310622.49415962,20498796.558511518,23058405.591806486,24775210.242049225,26753477.099369008,29873700.551941603
臺北市文山區保儀路６０號十七樓,24.9876099848131,121.568500037104,11964272.749047669,9331121.838758491,10074491.252541108,11471527.402884407,13456801.40663844,16744803.274652028
臺北市士林區德行東路２５８號三樓之３,25.10974535,121.5344327,65783569.87745313,60624509.482161865,63054408.79963364,65245899.37760987,67959676.15451421,71698980.72537029
臺北市大同區延平北路四段１５５之１號,25.07269309,121.5112998,6472083.216304243,4685622.093500615,5453801.58587184,6531785.479445879,8020265.548638176,8931459.773532389
臺北市松山區八德路四段２４５巷２０號九樓之１,25.04953498,121.564279,16991754.525395248,14180980.879222097,15491342.11257891,17012120.183625087,18985013.352708742,21736165.64556483
臺北市信義區松勤街１３４號,25.0317599834091,121.56868997103,31730929.422479577,23680578.704252563,26253434.078508615,32970179.934970018,37687895.26561515,41958713.09173099
臺北市士林區承德路四段４０巷１３７號五樓之１３,25.08188301,121.520219,5142854.577452799,4170423.7262417353,4818423.393818073,5192024.49015305,5537211.795750184,6006170.581922101
臺北市松山區八德路三段１０６巷１號十樓之７,25.04763401,121.553755,5464773.69046971,3368507.8147882177,4352532.182495405,5943920.2490527015,6864995.461313976,7841260.758983644
臺北市中山區林森北路４８３號十四樓之９,25.0611900189245,121.525740009512,10102754.930727009,8280268.325941601,9024839.939249495,10165446.091195628,11255740.12760347,12148078.737931468
臺北市北投區崇仁路一段１７６號三樓之２,25.12391326224,121.502074297912,6021473.673353451,4849209.733031273,5241766.372787789,5667381.042354014,7076077.434025029,8653298.313057873
臺北市中正區水源路７７號五樓之１,25.0210399902524,121.520030005611,30992007.632421896,24142175.706202835,27295248.292848792,32279143.469677202,36644408.26355217,38810727.18751408
臺北市文山區指南路三段５７之２號,24.9834500043576,121.580079971617,7235566.505684833,5949219.418361984,6961057.092868273,7588375.682533985,8026317.021429065,8505662.558823448
臺北市北投區泉源路２８號四樓之４、四樓之５,25.13956291,121.5063603,8085513.515975932,5796075.721376821,6865159.452816499,8720220.491846578,9826897.799779167,10594124.403633613
臺北市文山區木柵路三段８５巷８弄３號四樓之２,24.989568,121.56727,19785173.665896863,16568786.078326894,18374430.407014024,20111098.179618135,22093765.67695303,23756374.775091343
臺北市內湖區康樂街６１巷１２弄８號五樓,25.06878,121.618892,13964321.995230922,10797058.742838573,13180935.460312922,14505010.87050277,15553473.787303975,16468208.937601622
臺北市中正區水源路４７號,25.01947098,121.523768,42260062.0288971,33730908.49167008,40606205.59527707,44450596.205185674,47313462.254453555,51437928.26653403
臺北市大同區華亭街３６號九樓之２,25.0534999999467,121.513060034026,10796725.589279145,8927601.842056679,9806325.441432819,11024542.906447163,11784895.069363767,12839649.423332214
臺北市文山區樟新街３２巷５號,24.9783717,121.5548266,19049603.032939643,15420500.545784552,17606663.201766472,19881556.728323616,21914270.916739646,23524075.91428007
臺北市中山區中山北路一段１２１巷３３號六樓之１,25.05089302,121.52466,23434236.53675176,19297934.7774827,21323873.99760773,23611861.292994898,26216428.490813475,29019528.55634572
臺北市大安區通化街３９巷５３弄２１號,25.03104601,121.555914,11364545.544835832,5201131.199010642,7485673.967355433,12877727.793146707,17930912.370854706,22490759.44006118
臺北市南港區重陽路１６６巷１０弄５號,25.05670398,121.600918,11255477.474597804,7623802.807883327,10515105.633385923,12258219.246492429,13532085.037468735,14712147.829538314
臺北市中山區民生東路一段２５號,25.058196,121.524317,8835740.347053746,7402098.867436303,7920521.3422849495,8710722.289686799,9774373.291643081,10902349.454945106
臺北市中山區民權東路二段１５２巷１０號六樓之３,25.0612999894942,121.534949960902,6246010.452289969,5541487.98788312,5995501.501188607,6321997.158210189,6725413.808109019,7439848.151635166
臺北市中正區汀州路二段１２５號,25.0250700092991,121.519440003447,21301789.102175504,13986302.82896353,18336254.523831993,22314393.734254975,25977478.09231291,31132586.695558373
臺北市內湖區金龍路２１號,25.08476701,121.594634,15925772.866702368,10854583.365129702,13278330.027646793,16024129.297027694,19417011.411051854,22505571.271435253
臺北市信義區吳興街２８４巷５之６號,25.025515,121.564,19366718.817203697,16812278.160198607,17875368.123509426,19218305.191565644,20725642.069771633,22213963.796079077
臺北市北投區三合街一段８２巷７３號二樓之１,25.1286000083799,121.504330030412,11269266.084464982,9030476.910088843,10627360.092798378,11584733.416717684,12408866.234156225,13648368.806215856
臺北市南港區永吉路５４８號二樓,25.04513599,121.581665,22781583.76042854,19644550.870109104,21747368.22055879,23185786.732974987,24615102.652919777,27008243.72517162
臺北市內湖區民權東路六段２８０巷１０號二樓,25.07166099,121.605933,81027389.604569,65173732.20109366,72814827.62341431,80355434.66709718,95478142.94004615,119696193.077007
臺北市文山區忠順街一段３４號,24.98402002,121.559594,16927444.148583043,12450520.224143052,14125036.430311112,16273049.252981296,18998112.831942238,23488874.13646625
臺北市大安區和平東路三段４２０號五樓之１,25.0179699924858,121.559259994682,13048228.02287966,9726289.67227786,11962651.812255234,13290893.321710182,14690747.225052344,16858875.605483297
臺北市萬華區武昌街二段７２號,25.044806,121.506211,9224878.622794518,7365360.2794321235,8826840.258595074,9678805.578606643,10487216.101475086,11412903.731614575
臺北市內湖區民權東路六段２８０巷１５５弄２１３號三樓,25.0685399840905,121.609840002661,8634728.286705976,7568349.868500605,8173332.082894478,8730610.283836544,9410138.302138044,10099659.80273817
臺北市松山區八德路二段３６６巷５５弄１２號,25.04565102,121.546406,8486428.40303086,5764172.161309259,6747515.192885273,8353283.957965516,10313750.046053058,13167325.42497125
臺北市北投區立農街二段２７３巷７號四樓,25.1192300045487,121.515070014407,14128787.513163246,11211746.008901969,13463844.023795111,15004725.957265263,16138746.687265005,17073255.44694407
臺北市中山區敬業三路１６２巷６５號,25.078322,121.559175,28123564.495552998,23906823.00701296,25680141.966619648,28548786.49966511,30782458.971472394,32935770.940380488
臺北市松山區三民路１０８之４０號,25.0579699850911,121.563910023106,13335902.126990728,10684154.425940229,11886097.888724502,13299800.11107913,15138135.57708115,16573009.275258034
臺北市中山區林森北路２８２號六樓之４,25.055491,121.525337,6538404.843446989,5459271.118589742,6152517.082379106,6499697.447376037,7288927.6302509755,7916152.374602846
臺北市北投區光明路２４０之２號,25.13633001,121.50782,6435334.426555342,5238374.538459414,5518421.539330527,6443312.535091318,7432259.571017906,8207009.610736107
臺北市大同區興城街７０號六樓之７,25.05928498,121.51738,52881330.529329,36917543.81980984,49148389.36565848,55322457.7274998,63668721.504511096,67714180.47038656
臺北市大安區仁愛路四段３７之４１號,25.0381899927921,121.546459990342,51906047.79262319,43742986.55375078,47555475.714245826,52531004.47294437,58736665.33002877,63366513.26056319
臺北市文山區興隆路三段２２９巷６弄１號四樓,24.99302499,121.55947,12774711.268977223,7656910.109699609,11386364.616098506,13827845.302706446,15369374.086174695,16894173.276927587
臺北市大安區復興南路二段１７號十樓之２,25.0276699918451,121.543750037227,19262284.862426944,14369870.620108325,17616205.531064678,20243872.86714275,22372978.24612549,24180455.165325645
臺北市中正區忠孝東路二段２８號十三樓,25.04354599,121.52762,81525731.14311802,62301857.59822791,68394090.4951839,87372771.22423482,93597057.36363342,102545406.38164723
臺北市中正區牯嶺街８７之３號四樓,25.02700099,121.518798,2359590.882758823,1770118.4246258284,2022110.6745836495,2305558.5123002497,2566587.7665413353,3310818.5970941456
臺北市北投區自強街１２２號,25.11074199,121.51583,44521919.951010436,36093325.76268338,40324177.187835254,45206006.23217066,51025010.16864297,54499257.11329052
臺北市士林區德行東路３３８巷２號三樓,25.1101076,121.5380942,26742263.07950369,23020146.478858195,24981311.86120401,27314980.092148744,29571489.233203635,32176919.987817004
臺北市大安區敦化南路一段１８７巷３７號六樓,25.04264502,121.551222,38295969.09978109,34007887.28565269,37265946.0295385,39362561.002860285,41004404.97325519,43280090.35810809
臺北市大安區復興南路二段３２７號五樓,25.0238400069176,121.543569993947,31827393.294736475,25921761.473746672,30971475.360300068,33312016.326834843,35203279.19003093,37243451.11141905
臺北市信義區崇德街１６１號,25.02384902,121.557134,32199155.066584926,27850650.7372164,30059602.307893865,31879913.343540095,34468348.52987641,37899251.18877125
臺北市內湖區東湖路１１３巷４９弄２９號二樓之３,25.06984199,121.615149,24187563.062371388,16355672.447209077,23109016.159487315,25391244.120477512,27963568.38647086,30338758.538199503
臺北市大安區青田街７巷１２弄５號三樓,25.0278300023767,121.53372000043,22473260.91517512,18957937.630994476,21289249.160757247,23177900.375842668,24903926.094957132,26575762.25415498
臺北市南港區重陽路１３４號四樓,25.05691998,121.600256,17222077.931785606,14091978.942641715,16462123.586412426,17729766.47601457,19076386.971080206,21394868.877213597
臺北市南港區三重路７號,25.05576898,121.61379,20666861.164551735,16253391.314066615,18385293.79587414,20296909.596504718,24429087.7996405,29127636.761334468
臺北市士林區磺溪街３５巷１２號,25.10676301,121.522346,21017241.303081788,18827167.402215037,20006657.37834353,21121458.96663097,22055892.69137957,23272161.468589038
臺北市中正區羅斯福路三段２號二十三樓之２,25.02346102,121.524761,120348939.47449814,97342586.05712362,108729933.11382543,121410647.72108775,131011147.25260998,158574198.86540943
臺北市信義區福德街３４號,25.0366600020959,121.579900012156,16499772.335722852,14173376.0345967,15390689.385244807,16579842.55509244,17969637.548131023,19670965.837514494
臺北市中山區通北街６５巷２弄３號二樓,25.08324398,121.539584,27173977.43513798,22050310.740638357,25747368.816285636,27652208.421780735,29527128.48541645,33040942.4881808
臺北市文山區汀州路四段２６３號六樓,25.00115971,121.5362157,37984157.953745835,33816400.38748368,36180188.10070306,38185244.6380643,40206329.44635592,43485307.00107589
臺北市北投區泉源路４９之４號六樓,25.1413426,121.5109215,6029175.534855809,5160771.647740349,5535839.819352623,6036969.552024868,6598306.795333492,6990323.352085238
臺北市士林區後港街２８巷６之１號四樓,25.0831599929757,121.522380039805,23319303.428089608,20227115.40196455,22330918.12337494,23637987.457199235,25024282.126977425,26571630.37699628
臺北市士林區中社路一段１１巷９１號四樓,25.11007198,121.562892,12462126.250538733,8199112.299365384,11088399.82822104,13508431.063442847,15244446.469723886,16924117.492474783
臺北市中山區南京東路三段１９４巷３號二樓之３,25.0517542685367,121.542715071957,34965449.17723518,31156784.30594565,32582791.249419596,34921771.9648969,37887452.35531989,41184198.71496407
臺北市松山區南京東路五段４１５號十樓之２,25.0514873008371,121.570033216771,24154680.046391703,21149147.060641617,22630120.704284333,24163234.667968392,25795580.117611337,28420439.810095627
臺北市大安區敦化南路一段２３６巷７號十一樓,25.04068298,121.547768,66427709.21686751,56946508.37155761,62571201.46227799,67323411.7769848,72021008.99978258,76531601.20922613
臺北市北投區中山路４７號八樓之１０,25.1388199791027,121.511790008057,3132007.0014574323,2673621.4304581718,2952786.942296,3152456.994780163,3301111.55781857,3483778.076610764
臺北市中山區敬業三路１６２巷１２０號八樓,25.0771699957925,121.559677774105,31638315.46463784,29088076.27661985,30454065.03778335,31733878.644934893,33022244.781967662,34876483.70806247
臺北市中山區明水路３９７巷１１號十二樓之１,25.07851801,121.547838,63471161.61426732,54643891.35362341,60208182.480928145,64349241.89393233,67443519.22090568,72701550.58948988
臺北市萬華區成都路１５５號七樓,25.0435399939509,121.503080037191,9022329.440278826,7973643.37946409,8615708.802362176,9113757.825704701,9834618.818330212,10758275.805352839
臺北市大安區大安路二段６６號八樓之３,25.0320999953114,121.545899995391,26051223.581298403,20444287.45749231,23191730.88440156,26585135.30729044,29402228.629614774,32226126.040573947
臺北市大安區通化街２００巷３０號五樓,25.0270999805197,121.551960027568,31659046.536983814,25347764.40356628,28332682.410998743,31863950.690177985,35746019.667319156,39730796.92009719
臺北市中山區中山北路三段２５號,25.06523701,121.522477,2202131.192154105,1610986.2422374054,1848057.1872891267,2172190.3022250324,2550563.680063593,3284999.810467301
臺北市中山區松江路５０８之１號三樓,25.0657700165481,121.533030002161,10000668.25823047,8129871.377951528,9326175.025428563,10459303.73512106,11391623.855232656,12686255.02482405
臺北市中山區合江街７３巷３號五樓,25.05882201,121.5396428,32078695.26105052,28576840.889914386,30584123.908428393,32130254.13626799,33585618.01906436,35901148.14021341
臺北市內湖區內湖路一段４１１巷９０弄２７號二樓之５,25.084919983095,121.571460022391,17466448.134594902,14614558.287105208,15869529.512625206,17675274.747195188,19352994.73859784,21189530.152679116
臺北市信義區信義路五段１２７號十三樓之８,25.0335299899026,121.574090012151,15576362.475841336,12989403.163122635,14402015.334468346,15597223.585249545,17127298.650185727,18365612.71109713
臺北市中山區北安路５８８巷３０弄４號九樓,25.0809400040102,121.550450027711,47985272.48365662,41846234.442465544,45536617.16164894,48887534.56933818,51964766.94475362,55341512.0248165
臺北市文山區久康街２６號四樓,24.98933498,121.565502,17640608.992660325,14858156.934353339,16562073.110110141,17922854.520900305,19255965.087746087,20944686.626733292
臺北市大同區敦煌路８８巷２號,25.07570999,121.51717,33894806.46694688,29939775.212404102,31726480.38047504,33908028.78030907,36750941.74052373,38876106.285037465
臺北市中山區北安路５５４巷４７號三樓,25.0800899952092,121.550120032183,35801806.63513069,29634758.905348934,33416838.23691897,37016130.678318456,39217997.69761736,41250847.82081636
臺北市內湖區內湖路一段９１巷８１號三樓,25.09139743,121.5632229,17836323.447601564,15361030.44224569,16716700.46584557,17934576.775511086,19655337.448410068,21486805.790836204
臺北市士林區仁民路７號,25.13395902,121.544658,101220983.65646411,65472829.13665395,90087956.20453104,101815503.49610703,126950399.8639574,170370890.2107851
臺北市內湖區大湖街１６０巷１８弄３之２號,25.082571,121.6008837,12442134.007883849,9957273.273063652,11632889.273361132,12570821.473389221,13716397.751872106,14838472.927105516
臺北市內湖區內湖路一段４１１巷９０弄２７號二樓之１,25.084919983095,121.571460022391,16228253.510536116,13277715.94404024,15081727.23370335,16471062.798639644,17407088.335593294,18578819.97079524
臺北市松山區三民路１５５巷１號,25.06141398,121.562884,27181445.538655974,22660234.485890865,25026823.726659544,27686255.633011837,30332460.207268048,32352745.129667576
臺北市中山區新生北路二段８３號,25.05709638,121.527982,34688701.70798248,30565670.933490407,32478888.176851988,34938110.76711786,37060551.14283778,39101565.05732009
臺北市萬華區寶興街８０巷６號四樓,25.02593402,121.494126,9728836.745175702,8659594.773278126,9246304.98025193,9810500.553732622,10443297.98645292,11277524.521258485
臺北市大同區大龍街１４８號四樓,25.0677199825029,121.515839976033,13803925.45719565,9448278.533450589,12708342.631478768,14726528.50949955,16380464.922392048,17584402.33605809
臺北市文山區興隆路二段２０３巷９２號,25.00258899,121.546963,10781516.714075,6676884.812273572,7957676.611391721,11196284.596642366,14876490.908793662,16916451.948135767
臺北市信義區基隆路一段８３巷１９號四樓之１,25.0467000133575,121.570680002482,25965530.701670744,22595000.78899838,23606622.88458227,25457643.178584874,28629865.65867792,30679323.860368036
臺北市內湖區安泰街１１４巷１７號四樓,25.0775534235986,121.616101626902,10689441.118226055,8260741.017971201,9679697.669063872,11040742.939327693,12250382.994711854,13272333.354864862
臺北市中山區農安街３４號九樓,25.064796,121.526825,11135392.452891352,9275830.727243051,10186820.603993868,11135146.493593752,12356013.622564062,13156621.499028843
臺北市士林區承德路四段２９７巷２１號,25.09034102,121.519001,9044586.678025793,5445988.714715727,8167524.711552959,9926360.064503206,11209005.126666892,12469833.930037215
臺北市萬華區長泰街２８２巷１１弄１５號,25.02141998,121.4931,10736473.309579965,8204047.258727099,9816224.040477943,10643438.172510302,11807066.706351925,13945180.330087475
臺北市文山區新光路一段６５巷１６號六樓,24.9901300040028,121.574569959927,26189974.95547694,22800845.63333736,25374247.357377913,26757661.45124809,28265867.458899476,30408071.134353783
臺北市北投區致遠一路二段２３號三樓,25.1112700044696,121.514139958431,15888827.686452802,12562618.789592084,15206672.810243703,16749742.352749808,17716743.979797505,18545596.884440232
臺北市士林區和豐街２８號三樓,25.082729,121.518257,8108099.339276121,5722880.591765715,7080388.621942142,8317798.245579715,9754847.934862465,11061897.451308705
臺北市士林區中山北路七段１５４巷７號四樓之１,25.1243599807491,121.533109965517,17156625.95339617,14790539.25200743,15970105.729355127,17371933.409040596,18671332.672518358,20730446.307804998
臺北市中山區新生北路二段１２９之１號六樓,25.0599114,121.5280178,18309100.453390047,15511055.250664163,17218716.247192334,18660271.710260395,19869835.31729151,21318050.739143938
臺北市萬華區西藏路５４８號五樓,25.028772,121.49213,9844423.394601783,8743004.878827173,9370109.978379222,9996264.338178568,10631493.377358282,11545965.885185227
臺北市內湖區瑞光路２３７號,25.07469301,121.578184,19906344.036424212,17191532.080217596,18379003.18988267,19920370.120330833,21646909.30757681,22967434.148612678
臺北市內湖區民權東路六段１４６號,25.0688168,121.5895168,12275263.36955274,10575491.86384101,11288146.679376442,12079466.258904811,13312174.594890352,14699248.224530725
臺北市萬華區德昌街１５６號三樓,25.024009991914,121.49604996736,6141414.041623939,3574927.8820454674,4289225.4806816885,5816791.175795933,9667859.692676522,10831356.533015888
臺北市中山區中山北路一段１３５巷２６號二樓之１,25.0513399834984,121.524019959161,12631053.032294285,11049917.114125839,11548502.474024717,12262769.93963433,13629805.896185368,15128457.745102083
臺北市北投區中和街４１０號二樓,25.14376899,121.498081,12525307.132823225,10005989.023606604,11555650.486714663,13066865.990107905,14609063.606876876,15392562.698588008
臺北市中山區北安路４５８巷４７弄１８號,25.07818999,121.54615,14828398.394457385,12636150.97075507,13850735.34568687,15032994.618553273,16025046.516797608,17026334.13835512
臺北市北投區行義路１４２之１４號二樓,25.1298399852262,121.52819003981,16535339.847378261,11523556.598293947,14066945.726803202,16398528.496570881,20293383.749743152,22413596.42842961
臺北市萬華區環河南路二段１５９巷６號十樓,25.03300398,121.492929,12189703.147343598,8979824.262756057,11100786.902176384,12881129.128622478,14337876.00580267,15411189.661701819
臺北市士林區通河街５３號二樓,25.08024502,121.522491,12422859.482744008,9733279.24676535,11802413.288758,12730453.416646503,13826559.465433432,14916082.31667583
臺北市萬華區萬大路４２３巷１２７號,25.02212599,121.502346,6213677.409789001,5221963.996028138,5573673.206337754,6229834.9778009625,6765944.3661069805,7464468.178981712
臺北市南港區東新街１８０巷８號,25.04628324,121.5934292,28221999.994202405,22975952.142050106,26836701.98984466,30328673.850293204,33603474.35918619,36011897.34145698
臺北市信義區永吉路１２０巷４３弄７號四樓之１,25.04437701,121.570654,16291638.315049773,13867585.830596292,15226238.053095771,16284000.523306316,17711886.53928759,20257627.91158468
臺北市大安區大安路二段６６號五樓之５,25.0320999953114,121.545899995391,24295418.957027853,19723948.049612995,22248431.727838814,24728635.430609487,27489801.817462474,29745295.774131797
臺北市中山區松江路４６巷１３號四樓,25.0479800137915,121.532119978933,5218979.423526706,3946535.4646608946,4647514.710972191,5066614.717007393,6139247.1327821,7330232.116921077
臺北市大安區永康街３７巷３４號二樓,25.03094199,121.531058,31783712.006717227,28446620.63816016,29646109.117953014,31456625.088871527,33803648.994513966,36257215.33158288
臺北市萬華區富民路１５５巷１３號,25.01809899,121.500412,8801693.089154476,5991594.957078877,7393895.734521732,8628314.704210352,10945214.939013747,12407600.122651044
臺北市中山區長安東路二段１０５號三樓,25.0485200179035,121.535250033036,14410678.18273631,12061059.321486037,12906086.439050836,14123452.460626453,15610230.055388317,17349517.53918427
臺北市中山區龍江路３７巷１５號二樓,25.04887,121.541104,42253019.67556463,12644276.837733626,18774663.12051557,30147854.961229187,99431321.96976987,191119166.27381065
臺北市文山區萬壽路７５之９號二樓,24.9856199952707,121.587749999756,21742008.28995747,15838547.089656617,20460933.546396144,22343557.294669844,25265542.122239992,27222827.856775686
臺北市信義區松德路２００巷５３號五樓,25.0351600186132,121.576439962525,300781723.5592163,181358737.80268234,252614279.67486444,326006751.3757412,400698096.41322196,449503445.15031224
臺北市萬華區大理街１０５號,25.03453431,121.4979549,23908653.907117005,16178499.90259763,21579680.88325988,25360578.903061926,27858268.320699222,30432216.7503474
臺北市文山區興隆路二段１５４巷１４號,25.00094601,121.551306,13934216.553933084,11519697.073463606,13282335.391964609,14525539.717037702,15738028.79623751,17736582.152643915
臺北市南港區研究院路二段７０巷３７弄１６號,25.04588198,121.613413,20519960.98241048,16216541.697128108,18557873.922890265,21380220.760362513,23150559.47347358,24972849.09725561
臺北市文山區木柵路三段５號四樓,24.9883200158311,121.565520019068,11929277.672027752,9298026.64698837,10889828.493755437,12171579.243253805,13479355.924063355,14704817.882872622
臺北市松山區敦化北路４巷６２號,25.05032799,121.544593,26671471.5908796,22451470.331775475,24124675.27266665,26517945.892401587,29791959.50695464,32576248.063053954
臺北市信義區仁愛路四段４５２巷１５號,25.03667002,121.55935,38639044.08793491,33593942.35385314,36975071.66674374,39059772.02084128,41125427.62123397,44153715.85308103
臺北市中山區敬業三路１６２巷８９號七樓,25.0790700014118,121.559020020794,31111186.222756326,28603006.08136123,30149534.102919582,31593135.63821085,32646124.843801256,33868999.59755984
臺北市大安區市民大道四段６８巷３號四樓,25.04467302,121.5474,23573869.399469852,19357512.663356923,21107702.215999477,22725305.409715198,26576019.430814255,31183342.277821507
臺北市內湖區星雲街１６８巷４３號十二樓之１,25.080177,121.597241,7772092.675190369,6406202.538327242,7537833.017906759,8182762.854579107,8776607.26012319,9404682.305345586
臺北市南港區研究院路三段１８巷１０號五樓,25.0353400199839,121.61499001161,26546807.655376107,23933757.445401262,25439526.992556598,26625750.835628577,27723262.39980998,29041446.27921302
臺北市中山區新生北路三段７號三樓之１,25.0668900064504,121.528089959886,18816657.720724497,14124067.126668073,16431581.425926121,19420291.64856632,22063649.749892298,23838354.930916265
臺北市士林區社子街１２５巷２９號三樓,25.0889100204636,121.506359959723,8632957.319947569,6765373.119776992,8161811.194006384,8957846.83089319,9528065.761224503,10122915.168961227
臺北市信義區松山路５１５巷２弄３３號三樓,25.0381500111139,121.578929974501,16212994.155151946,14385451.359427145,15405744.618596323,16476334.695873775,17557703.38622082,18460382.523679245
臺北市文山區興隆路四段１４５巷２３弄１２號四樓,24.9856399861097,121.562770000455,15444382.700882418,12301413.871729795,14045618.307881482,15667244.568005897,17598276.05774427,19216398.10671769
臺北市文山區羅斯福路五段１９２巷５弄４號四樓,25.003399981653,121.537859990046,15557014.045043036,13767595.401369436,14889940.136307698,15734180.570911957,16695147.11418779,17664121.663989343
臺北市內湖區星雲街１５０巷１４號六樓,25.07976151,121.5958296,30623649.953324717,26807049.44139917,28833429.85163772,30430070.21099682,32607558.76808056,35907868.88831185
臺北市文山區辛亥路四段７７巷９２弄９號十四樓之１,25.00877882,121.5612194,9515908.754084103,7955148.718279948,8929507.401816687,9720278.264252972,10491732.846010016,11079084.272861373
臺北市文山區景華街１７６巷１１號三樓,24.9972899933333,121.548480029008,27976443.884147048,22775321.0174473,25447151.046669863,27882898.341469448,31027235.643483415,33909090.45120648
臺北市中正區臨沂街２９巷１６號四樓之１,25.0398299959674,121.530690026251,11866929.668996803,9117431.144418307,10819647.417332187,12066213.708326109,13674240.701146336,14707308.863664975
臺北市北投區天母西路１１５號六樓之２,25.11901199,121.523341,66947665.25737936,61924817.0223249,63924882.19374483,66327709.14443324,68566278.58292934,72656225.79695246
臺北市松山區民生東路五段２７巷６號二樓,25.05953698,121.556859,31109392.79422468,25112822.217009746,29062811.134458695,32476010.641779147,34449187.00231188,36500641.33626668
臺北市南港區研究院路二段６１巷２弄５１號四樓,25.0433099945277,121.6184899591,21449827.743014906,13885852.460046135,18475213.279599994,21815605.059796833,26918067.19410297,31165801.287483443
臺北市內湖區成功路五段４５０巷２３弄２３號,25.073893,121.608649,66260657.936439894,58826635.58459546,62233760.07635738,66093188.70127176,70457867.6906829,78446052.54910369
臺北市松山區民生東路四段９７巷６弄１６號四樓,25.0592400110603,121.552929981404,27184597.870013792,23138460.19377485,25683019.323461168,27795825.699099705,29288502.54779327,31980108.85696523
臺北市萬華區環河南路二段１２９號,25.0341,121.493462,13437716.066678526,7463580.629188212,9859985.525426768,12639979.952445837,19729580.84235698,25154814.79315777
臺北市內湖區安泰街８２號,25.0762,121.616745,12302121.649860702,9793895.76258046,11322566.437746309,12496229.965121403,14021902.039322358,15144400.18029315
臺北市大安區金華街２４７號,25.02995402,121.530828,69080868.4170688,56439735.755179286,62951977.914593875,68088776.9871097,78858261.8190424,86646272.83607045
臺北市松山區健康路３２５巷１９弄１０號,25.056109998867,121.566719972327,37383727.099040315,29947777.816066418,33649403.202711314,38182356.590797454,43374484.11298115,47367540.64986012
臺北市中山區敬業三路１６２巷１７６號十二樓,25.0781800109326,121.559840022381,31589871.710666478,29429239.719551194,30513817.622894783,31780104.498298284,32968462.221839275,34272156.2370576
臺北市內湖區環山路二段７７巷８號,25.08469698,121.574437,40207972.99133361,35732885.13425179,37983483.028408095,40205696.479805686,42692499.65261093,45945954.12721299
臺北市內湖區安康路４３４巷２０弄５８號五樓,25.06674102,121.616084,36929765.62365804,31952117.629672382,34454559.82501043,37259195.11065034,39664184.83597735,42315303.39090253
臺北市萬華區西園路二段２６１巷３９號,25.024953,121.493451,11741466.598898081,6480247.104264434,9542315.48817048,12745993.77647996,15848332.756914157,18172846.113198854
臺北市文山區興隆路二段２２０巷５３弄２６號,24.998859,121.551862,13756281.470792687,10840893.081620373,12069170.152852515,13978689.5240406,15820867.896145668,17287603.893424597
臺北市士林區通河東街一段３巷１號,25.0815999950662,121.517669996953,19635267.88393242,16372739.616285592,17842411.81149433,19511385.34059808,21952387.190506916,25557618.894880265
臺北市大安區羅斯福路二段１１１號,25.02449602,121.524657,59703748.3462078,49374497.33283536,56473653.19152688,62650621.4295732,65452085.174511544,67943673.10811041
臺北市萬華區康定路６０號,25.04260139,121.5023122,31222499.33866389,27406600.188686326,29655134.020296257,31651612.016293608,33194240.041544963,34936232.567026734
臺北市北投區自強街１２０巷１５弄１７號四樓,25.110686,121.516559,16659073.558913754,14260245.863081224,16050983.311413866,17157249.788743235,18058258.234515656,19216100.362595554
臺北市萬華區康定路１０５號十樓,25.0392682,121.5020232,12490187.922726821,11085389.592860531,11559307.759472288,12167337.168092826,13228171.950144086,14452390.501911549
臺北市文山區景興路９６巷１２號四樓,24.994768,121.544076,15023980.885910973,11851824.184995534,13200251.310271474,15269126.083244631,16979329.942685526,19481322.335089877
臺北市文山區景興路４２巷４弄２號四樓,24.9970700102845,121.544159996111,17161951.826552805,14654874.478005953,16231502.332595699,17624288.852216113,18653194.311988987,19455645.14279931
臺北市信義區信義路五段１１５號八樓之５,25.0336299860075,121.573890019941,21641848.120045066,18895909.98323999,20312053.818242677,21401657.663718235,23018542.99943815,24808684.69756657
臺北市大同區寧夏路１１號,25.05470599,121.515035,6937188.59366865,5934123.536980234,6358350.866587842,6884935.469130763,7781595.370245663,8421250.187049031
臺北市北投區崇仁路一段２９號二樓,25.1275200001558,121.501410026802,13142947.650978569,10512668.453616051,12412108.437166648,13690365.006464154,14905779.749800323,16054114.130191416
臺北市松山區南京東路五段２３９號,25.05161642,121.5649724,14979299.711514076,13345637.346332302,14032665.087950703,14900207.99280218,15791264.86718647,16795079.581672326
臺北市內湖區港墘路１巷１１號,25.08388,121.578893,17109659.827760406,15401592.191329641,16385870.813206015,17292049.300384652,18056919.624383792,19131907.1002651
臺北市南港區福德街３７３巷４１號十一樓,25.0401400006563,121.591810026016,22183182.104208276,19904959.007190675,21327005.483136274,22719015.144640155,23687426.939391654,24802326.2468573
臺北市內湖區康樂街１１１巷１弄１６號三樓,25.070045,121.619242,14463217.460094465,12403875.787639119,13835362.09483213,14659303.43304074,15643471.477416996,16465435.365542537
臺北市中正區西藏路３７號,25.03032999,121.506286,24783903.729060784,20860956.890240166,23181480.063039284,25300575.971139554,27649355.656990133,29428903.012791064
臺北市松山區南京東路五段１２３巷１５號,25.05246601,121.560716,9849854.888458487,7900939.904461344,9132957.495640863,10133424.894854195,10952857.904358596,12185334.483385965
臺北市大安區延吉街２５３巷２弄６號五樓,25.0347799831232,121.556899986024,22232358.07478437,17634124.716083057,20383292.49590534,22318655.00111507,24809925.26956798,28127066.618061073
臺北市內湖區內湖路二段２５３巷５６號三樓之２,25.084259992039,121.588690030197,26133650.269418065,21384959.320686445,23949886.417895317,26457465.907703754,28900099.460702803,31317478.984529834
臺北市中山區林森北路８５巷５６號五樓之１,25.04925201,121.526918,24449516.23421381,17364833.428337533,21975896.026359744,24747811.26590453,28005644.352998458,32432322.546518568
臺北市大安區和平東路二段９６巷１７弄２３號,25.023105,121.542311,8840235.526813166,6419571.226698581,7262033.821663616,8696543.358932374,10181461.165329507,12801274.549939806
臺北市士林區中山北路六段１９５巷６號五樓之２,25.1079700072799,121.524480041826,41557493.830648124,36734759.64763483,38950934.85869588,41212623.437266745,44446301.145800896,48294055.15947679
臺北市大安區仁愛路三段５巷１弄２１之５號,25.039020010754,121.534719961479,28297930.01282228,25113790.96895336,27088172.052655224,28655651.1769588,30159630.939966764,31756179.401485607
臺北市中山區新生北路一段１１０號,25.05021572,121.5279281,9128453.331488883,7689594.748488521,8251950.81952084,9145430.017302042,10079209.901244754,10766304.782950109
臺北市文山區興隆路三段２０７巷１２弄１６號三樓,24.9941899883534,121.561139971745,12516714.619685363,7738864.13882121,10348972.670116236,13128958.357002342,15483233.583478563,19004376.014793627
臺北市文山區仙岩路１６巷７０之１３號,24.9962300178577,121.550230002753,9321594.637503158,7061082.02547127,8506774.404280493,9582711.84731079,10541253.233283173,11537579.58055863
臺北市內湖區東湖路１４３號四樓,25.0681500160453,121.617090013631,11207985.61065663,7871476.9202259155,9233741.792396083,11601094.06815932,13792354.645302415,14983936.509196058
臺北市大同區延平北路四段１５５之１號二樓,25.07269309,121.5112998,6428658.824097067,4605320.201509114,5435656.504722975,6472583.614680104,7981335.144911724,8926297.686410425
臺北市萬華區西園路一段１３６巷１６弄４號,25.03771801,121.499149,10440656.70320544,8714067.299848814,9862156.167040927,10723444.529329121,11573365.668339714,12390920.88945387
臺北市北投區立農街二段２０２巷５弄５號四樓,25.11808296,121.5141174,17449947.30480417,15377262.619579751,16744398.973264424,17643807.40846948,18564208.86591377,19964980.935595214
臺北市信義區永吉路３０巷１１９弄４０號四樓,25.0430199806779,121.569939964251,24446599.794475585,21396253.386339407,23169893.632099226,25027429.25045179,26607633.516413577,27660286.698996827
臺北市北投區天母北路１０５巷９號六樓,25.1243099826967,121.527140038799,41012168.71505162,32838278.432446722,37904569.33357162,43020480.36591752,47397138.504775085,51519473.509142436
臺北市內湖區民權東路六段４２３號三樓之２,25.07122299,121.603932,18307357.404135294,15868205.666283421,16931558.588183563,17959996.73349824,19379719.31384327,22524537.133406594
臺北市信義區虎林街４０巷３１號,25.04746599,121.575376,24111135.48141403,20608057.47101717,22145102.714544483,23702513.715598296,25661747.874882836,28816566.439588353
臺北市大安區忠孝東路三段２１７巷５弄１５之１號,25.04324902,121.538991,45636126.738868125,41140226.84291419,44404368.90726612,46487354.00700485,48207320.19147632,49602593.226877764
臺北市松山區健康路３５巷８號,25.05381478,121.5541571,38199151.81723175,34225316.096468695,36282282.84742867,38254272.933804,40694675.25336821,44010981.68625955
臺北市大同區南京西路３４４巷３５號七樓之６,25.052874,121.512307,6118696.917563606,4784059.417715361,5730368.055898344,6287806.348681718,6829640.829209079,7758499.694854464
臺北市文山區萬壽路７５巷１６弄３號四樓,24.9857000005365,121.588669997448,13519786.171702333,10416633.93655271,11929403.653157659,13252157.25677507,15518783.31403349,17918326.78743557
臺北市內湖區江南街７１巷１８之３號四樓,25.0767934765093,121.577905705933,11953423.287480364,9792607.861572381,10907497.260805607,12215522.675778206,13590858.204284105,15380066.314801408
臺北市中山區農安街２０４巷１３號二樓,25.06395898,121.53643,4899255.284176041,3369516.4069104358,3790928.670751635,4559097.829129331,6177012.510792854,7924796.225640096
臺北市中正區羅斯福路三段９０號十四樓,25.0216799904693,121.526669981669,53441510.802091,46449244.949796855,51164145.05073775,53791493.33764232,57764449.82803606,62918525.68330463
臺北市中正區重慶南路三段１６１號六樓之５,25.02267999,121.517009,13976354.06944929,11220133.323545221,12196878.22081966,13597853.368227495,15792698.23398817,18342317.232358493
臺北市信義區忠孝東路五段７４３巷２１弄３號,25.04373102,121.580757,19791076.858763188,14999991.45342632,16327933.031079533,18915396.15885622,23240631.19034932,29212569.46642967
臺北市北投區溫泉路６８巷１０號三樓,25.13469399,121.50575,23559505.282390933,16990079.33833166,19975932.275411308,22946244.43550019,29261319.846067935,33325377.51296061
臺北市萬華區國興路１巷３號三樓,25.0243800110297,121.509149960014,13334055.795139365,9262273.527822435,12938153.359269341,14227649.520961247,15404701.168509752,16562057.265362073
臺北市萬華區長泰街７３巷６弄１８號,25.022236,121.499922,11529792.442573553,9493486.964713119,10361936.109100483,11483969.805057852,12993450.551875098,14384438.810412668
臺北市大安區和平東路三段６３號十二樓,25.02478498,121.549207,23058800.359675884,20350292.68824319,22406813.127213787,24115702.115923833,26060312.426987194,28442396.020205576
臺北市內湖區文德路２７５號三樓之３,25.0793499988873,121.589109963546,13727111.672487749,11719953.173652621,12627451.624099959,13875636.27990932,14916870.171540115,15621887.592332328
臺北市大安區羅斯福路二段８５號三樓之７,25.0257699820333,121.523600025812,36968949.59774711,30932542.783078186,33645341.05319743,36622384.15983114,42030416.32639604,46748773.19029279
臺北市大安區泰順街５４巷１３號,25.022896,121.530334,28869928.011187464,25275366.28962844,27718813.01429974,29406167.019983,31214754.59695845,33055176.22236169
臺北市文山區秀明路二段１１５巷５號,24.9912400194403,121.577330036823,23938448.715120945,13836310.915391456,23875928.71088803,26737975.82618603,28743329.82223852,32668437.457403727
臺北市大同區天水路４５號十二樓之２,25.052870016104,121.512919972424,15288904.584952535,10524325.711395724,12817253.053170113,16192673.015887368,18903473.786925264,20763493.308028616
臺北市北投區溫泉路６８巷６弄６號,25.134589,121.505322,28918577.144627694,23624599.743569817,26644235.960356593,29764051.75187799,32069488.557874907,33435079.99669045
臺北市文山區景興路３００號十樓之１０,24.9888600199431,121.542059994089,22742009.61567832,19167602.47108905,21203783.93110451,22686347.154785167,24804745.51423979,27186221.782245383
臺北市文山區景華街７４號,24.99504,121.545142,10424793.333446698,7326952.569984947,9384750.37201827,10665568.175579317,12448129.04448705,15101945.925548783
臺北市大安區安和路二段２０９巷８號,25.02625018,121.5506423,46018292.328092456,33949394.77416964,43700083.11457931,49223334.51530251,53149466.177715704,55734212.15229128
臺北市大安區信義路三段３１巷２２號六樓,25.0356299919242,121.534649972587,24722444.172561448,15691615.525473777,18390592.96544635,23486890.706139397,34805922.58162408,38575694.21551043
臺北市北投區石牌路二段３１５巷３４弄３號,25.12393452,121.5225531,36043113.71064453,28730505.276861247,31950973.69263547,36302565.26535195,39903119.168843396,43765717.88651245
臺北市萬華區中華路二段４２２號四樓之３,25.027630010167,121.506049996943,25347996.085007317,22537312.59529888,23983370.68616758,25676077.36858728,27205653.661339466,28952383.090032402
臺北市信義區虎林街２３２巷６６弄２號四樓,25.03582399,121.575692,16885453.33785249,13175263.008268699,15434505.29085887,17399494.655739177,19191711.65007763,21793523.376448408
臺北市北投區承德路七段３２巷３弄１０號二樓,25.11170498,121.511081,14400284.072274515,7229234.785107971,11413747.435695259,15163152.362389475,21554242.315161824,25288193.87127962
臺北市北投區石牌路一段３９巷１３４號三樓,25.1173900091636,121.509910030994,7271048.345410143,5043993.31650278,5600578.7058410905,7046957.18376791,9239226.594432829,11524092.296123918
臺北市中山區新生北路三段８２號,25.06713602,121.527416,9483616.031951921,7629539.968910921,8819938.011492822,9673255.098090848,10465616.25879335,10939695.179570949
臺北市內湖區康寧路三段７５巷２１７之５號,25.076482,121.614404,14431521.086430458,11935382.965227967,13446118.75190429,14791234.841470143,15823092.510351129,17223804.889550272
臺北市大安區和平東路三段２２８巷６８號,25.02098098,121.553353,23753257.155451104,19760468.288922325,22047985.57581239,24655514.113069527,26305066.620960366,28114518.678856917
臺北市松山區南京東路五段３１６號,25.051098,121.568066,10784099.364553876,8928772.379018763,10040936.073590748,10937431.374222549,11795321.099300185,12892262.276835734
臺北市士林區士東路４６巷６號五樓,25.1115600183194,121.527619986575,19486150.15982605,17138857.107305743,18405431.090343483,19680401.49786091,20868083.10270489,21847872.533041447
臺北市士林區承德路四段３３巷１４號五樓,25.0805199868421,121.523310011962,19252198.015102934,16648906.272248564,18147193.176674705,19451773.140335698,20948752.65551863,22832590.396473598
臺北市內湖區成功路五段３４號,25.08496499,121.6016,29322555.717018988,25665295.936968952,27845874.60427851,29722223.77012881,31311917.608770028,33426683.145499468
臺北市北投區杏林二路５７號五樓,25.14228598,121.497106,9321915.38248466,7552796.276781993,8751244.046450254,9747866.73958305,10450478.122657977,11315012.1591765
臺北市大安區建國南路一段３０８號三樓之２,25.0355673,121.5374273,23893188.419314884,19376601.357237242,21279135.83579775,23736129.37633399,27347516.319857508,29790417.24972214
臺北市文山區仙岩路２２巷２７號,24.99904801,121.549928,14583258.282562222,12532603.516336195,13598204.327327568,14741659.35126727,15927012.820667857,17173905.430586018
臺北市中正區羅斯福路二段１９８號九樓之２,25.0248299935017,121.5238399997,13588681.872291734,11107571.384551499,12362235.162173606,13852412.411977604,15228865.59660723,16336115.946161369
臺北市信義區永吉路２７８巷４８弄１７號,25.04391961,121.573474,22998796.74306278,20424251.58271403,21409231.08671195,22710615.23850413,24144405.968341514,25779088.064342853
臺北市松山區撫遠街３９５巷３５號四樓,25.06553901,121.567618,16321201.380930612,14773569.62645058,15600025.367581017,16398543.012432434,17247764.369024795,18518183.9805801
臺北市大安區樂業街１６９巷２５號,25.01975999,121.555197,29506153.426833495,24719330.40023549,27483818.8854272,30231354.28479138,32419944.844105575,33862832.87569115
臺北市士林區中山北路六段２７７巷１８弄３號四樓,25.11002999,121.524177,17630453.461384173,15341926.312825669,16628126.840796841,17561638.33367133,18778844.59301249,20108313.68955923
臺北市大安區大安路一段５２巷７號四樓,25.0432299892619,121.545779966538,26890382.71866487,18168452.98369368,21610019.683292612,28556156.96864067,34035848.983537115,38034279.25828576
臺北市士林區忠誠路二段１７８巷２７弄５號,25.116375,121.532303,21117994.263841365,17659590.730012685,18847967.03709501,20549408.07019042,23031631.43395843,26616772.566797953
臺北市北投區光明路２４０之９號,25.13633001,121.50782,7205753.07471577,5444617.717092779,6491608.432304904,7437768.681027336,8141525.023337575,8755599.15762765
臺北市內湖區內湖路一段２１７巷８９號,25.084239,121.565294,18454888.04038464,14509434.115257993,16586687.915970018,18244196.19049677,20558791.291144717,23321089.79877966
臺北市士林區天母西路１８之７號,25.1181300054854,121.524379961902,31373553.590288725,25876167.695994906,28983803.72609991,31479132.380353536,34021651.91459307,37733434.36816284
臺北市南港區研究院路二段７０巷３７弄３號五樓,25.04583701,121.614036,14847212.62711389,11450961.088739473,13887064.758329574,15410578.064461356,16737115.976107163,17828356.225907307
臺北市內湖區成功路三段１１５號,25.078869,121.589817,14629669.293636037,12808199.436010066,13632362.571209282,14674867.989758404,15865780.934594037,17104368.33296787
臺北市大安區溫州街７４巷３弄６號,25.019222,121.532354,14444100.985026624,11331956.238325134,13155060.676230792,15018220.998857995,16366181.179726478,17377288.541060768
臺北市大同區民族西路３３８號六樓之６,25.068589982143,121.509439973864,21967109.63797812,20102283.39256818,21164805.87846168,22163486.031877086,23144565.742258556,23936805.940436218
臺北市士林區士東路４６巷１５之１號五樓,25.1111700083647,121.527399961617,19798197.664210543,17629272.77678578,18652343.816383038,20033131.43412743,21107230.777824447,21807120.403134666
臺北市北投區中和街５００號,25.14539902,121.494387,9344581.114267582,6699567.936620727,8931311.156366555,9843613.15840789,10682603.123641154,11927722.058404904
臺北市文山區汀州路四段２８５號,25.00148295,121.5355503,10935900.377513774,6842962.481807996,7541548.147166428,9803662.639388302,16757777.735053647,20856351.027013384
臺北市內湖區民權東路六段１８０巷４２弄１１號六樓之１,25.0675800047198,121.592229959365,23640837.060786836,20701962.41436303,22405965.717568647,23428868.29662786,25176217.636032216,27408602.28239554
臺北市大同區民權西路２６８號,25.06273099,121.512018,21595994.817510564,18950307.822767917,20191550.804837085,21536361.957152016,23061561.0289258,24887361.94679558
臺北市北投區中和街２０巷６１號四樓,25.1388499863161,121.504730014831,12170187.087770628,8633355.152235484,9877354.156349717,12247476.909759503,14621918.430114545,17563835.174485095
臺北市大安區永康街７５巷１５號,25.02897799,121.530687,29984128.895186607,26821725.42892661,28270501.044938613,29688559.610722043,31674499.067824546,34004480.37463181
臺北市中正區南海路１０５號七樓之６,25.0277100154328,121.507380037339,11563421.815614875,10467770.260128802,11045035.039780635,11579613.997372396,12141072.882679015,12818798.170213435
臺北市大安區樂業街１５９巷３６號四樓,25.0204100064097,121.55483996568,16661291.917066704,13660828.22459308,15630506.24229283,16818811.27398173,18080698.922687087,19403787.731900733
臺北市南港區重陽路１９９巷８號四樓,25.0571200181996,121.599479970336,3756383.6156867943,2437795.9165306757,2804216.2106970497,3264398.816993603,4381301.615904839,7175423.7989451885
臺北市士林區華齡街４０巷１弄６號二樓,25.08357599,121.51976,15854314.0033319,14485212.563473258,15367922.35038877,16065764.870053377,16687348.370755289,17533487.403687764
臺北市信義區和平東路三段３９１巷２０弄８１號,25.02125302,121.560675,21299873.873797767,17376729.053203825,19522142.911660068,21844182.447211556,23930738.55214849,25625063.98098598
臺北市大安區永康街７５巷１４號六樓,25.028810014496,121.530700000716,31292167.31985678,26056299.812577534,29663784.720412455,32242794.03018078,35013723.90412631,37965607.157777846
臺北市大安區和平東路二段１７５巷２９號六樓之４,25.02666898,121.54194,16609124.213568987,12672499.540254217,15291119.199667849,16920302.74281394,18506061.65593307,21228129.26005584
臺北市士林區中山北路七段２１５之１號六樓,25.1265199971974,121.532769995524,21126956.952087138,13128325.236971209,19652545.696439326,23073626.57737088,25226875.893269334,26883686.873242524
臺北市大安區羅斯福路三段２６９巷１０號四樓,25.0194100034514,121.530319965226,20877488.676475022,16217590.995387368,19255553.05431082,21910957.081687115,23868132.069970783,25560913.148863435
臺北市內湖區文德路２１０巷３０弄６號三樓之５,25.07723001,121.5843,21226549.95533497,17722197.067462202,19307513.00376503,21320499.347458057,23519848.89151288,25614987.350651626
臺北市南港區研究院路三段１８巷８號七樓,25.03532799,121.615066,26861837.956366822,24555813.184100695,25669834.1103694,26750259.744639322,28012455.324893184,29819339.323596105
臺北市中山區建國北路二段８５號十三樓,25.05838698,121.537371,23830817.772345826,19701345.8206875,22101729.015232507,24040751.49510164,26516065.403753683,29538541.134540852
臺北市士林區忠義街１１３之１號六樓,25.10713299,121.532686,21548397.518773723,18070054.560749605,19989769.875813212,21754886.556405284,23751554.33418298,25704056.036690317
臺北市中山區錦州街２４２號五樓,25.060173,121.533805,20804202.394109797,16637480.619015288,18838204.23900287,20974555.912966695,22986634.55466171,25966743.379281957
臺北市中山區林森北路２５９巷９號,25.05438199,121.5260639,6143130.019823457,5243664.334794628,5809908.539161953,6191455.003667303,6554246.092659995,7165414.087980979
臺北市北投區光明路２６６號五樓之１,25.13656801,121.509897,5603936.3208448775,4879137.089142427,5176297.441856248,5424081.335005263,5878524.914021477,6989832.8862239495
臺北市北投區溫泉路６５巷１１之１號,25.13571211,121.5040514,13069662.93462438,9905537.024078019,11942539.910752486,13302174.325989855,14874721.205855865,17198941.87729086
臺北市信義區虎林街７４巷９號四樓,25.04379698,121.576568,3821117.111205672,2651595.336300299,3310352.016263454,4024622.952385645,4490611.445061361,4900571.873150624
臺北市大安區仁愛路四段４１３之１號五樓,25.03800161,121.5561852,33232018.729567252,24692899.59633112,28992467.67671603,34876839.71112155,38561449.16617882,41268563.25945581
臺北市中山區林森北路２５９巷９號六樓之１１、六樓之１２,25.0543699995868,121.526309978928,11822085.353380088,9693174.40704439,10696795.232944574,11749485.789884567,13061841.809146455,15188267.711483225
臺北市大安區四維路７６巷５號九樓,25.03444412,121.547637,56241771.331244156,46696992.175964996,49996009.47698447,56888197.738521785,63698017.73080747,68959629.56346259
臺北市信義區光復南路４１７巷１８３號,25.03692298,121.559864,27073266.718044654,22057130.42072746,25782802.41385279,27650948.612962257,29699451.22037729,32462528.921757925
臺北市信義區大道路７５號二樓,25.04091399,121.58256,23101269.796701197,20491498.30984547,21908995.527547702,23180599.56527683,24662754.947416514,25979120.25828138
臺北市士林區延平北路五段２４４巷１２號,25.08460101,121.510443,8209279.394894649,4897742.17483855,7645507.10416492,8877525.377353197,9968193.130195266,10927141.444174886
臺北市萬華區萬大路４８６巷３７弄１８之１號,25.02000202,121.496047,12331973.918292666,9262270.17873145,10566316.386230402,12714995.845099553,14376392.717237618,16332033.276830582
臺北市文山區興隆路三段２０７巷１７弄５號四樓,24.994989999102,121.562600015459,12849363.563073412,9165571.243241219,11740335.57531679,13896269.655916579,15059486.66473808,16116999.403131917
臺北市大同區民權西路２６８號十五樓之７,25.0627400004597,121.512010033015,26344847.379673317,21742160.409317452,22817005.70357288,26278067.25852423,29984916.030491658,33094769.98252512
臺北市松山區民族東路６７４號,25.06452199,121.546665,17479862.435478132,15483436.532500751,16293071.632541515,17224495.83619909,18600216.5435405,20538716.822340548
臺北市松山區富錦街４２１號,25.06101002,121.56111,26033327.594704606,20488857.04047953,24470731.20312818,26747202.938043255,28774566.721810065,31136502.802970625
臺北市萬華區和平西路三段３８４號五樓之１４,25.03533202,121.491281,3965340.5226783636,3247864.4896997986,3574907.79672338,3986823.877360285,4276114.701973967,4697452.106946949
臺北市大同區民族西路１８１號,25.06874199,121.515106,15979056.368552957,12873656.917524982,15095673.37309949,16589014.566288225,17676479.23212447,19449752.60114133
臺北市中山區松江路２２１巷７號六樓,25.05845408,121.534559,38311992.82531964,30484251.8932689,34709083.31447299,38599679.00366113,44603157.675422706,48153001.866398
臺北市文山區萬安街３０巷２之６號,25.0003200094217,121.570389988632,9695609.298527163,7097907.548941704,8453706.632899608,9855430.119050251,11473279.841868997,12569967.343467085
臺北市萬華區康定路１０５號五樓之１,25.039469993226,121.502059959575,12972829.690540949,11373608.37905563,11888279.62775635,12738430.329732468,13911549.708771953,15197688.953639245
臺北市信義區虎林街２３２巷５７號四樓,25.035829984134,121.576099992532,20157560.956673957,16260190.381830808,18178287.937426478,20067998.041593507,22292418.83447017,25542029.25435312
臺北市北投區文林北路１６６巷２弄７號四樓,25.10694498,121.516548,11752123.486654108,7244908.209659886,8747736.051911127,12889917.565453479,16110173.070052143,17672273.552850097
臺北市大安區新生南路三段５４之７號四樓,25.0206549133186,121.533954720381,29306518.215902843,20331583.302159704,24077415.197988637,27594431.940488793,36777081.11934653,44659577.60106047
臺北市南港區松河街７７２號六樓,25.06159,121.6118,26420429.38268736,23416598.436903708,25124934.649395466,26978244.963479556,28456393.13343227,30347454.753866468
臺北市文山區辛亥路七段６９巷１７號,24.98257401,121.554784,15758618.820614226,13423142.523779811,14689662.1107631,15999332.168420753,17634016.803585093,19200378.443304807
臺北市內湖區康樂街２０１巷１２號二樓,25.0756000192257,121.621999964873,18846561.834556315,15434094.100251554,17213311.776400562,19209794.327166572,20889624.329113837,22815706.78632272
臺北市信義區松山路４６５巷１４弄１３號,25.03893598,121.578738,16491241.089120833,14618931.188693685,15601293.830340633,16562001.160307487,17751636.542974986,18641096.14322738
臺北市內湖區康樂街１８６巷２弄２號四樓,25.07595902,121.620331,13713044.268297017,11336903.59043884,12632704.857139278,14024346.943593,15222508.567657173,15865745.455871502
臺北市中山區新生北路二段３８號十六樓之７,25.0546600134367,121.527269958298,18049412.496222697,15055809.304437188,16507723.324646024,18296374.881092876,19780396.996986587,21699282.969346114
臺北市大安區大安路一段２０４號七樓之１,25.03477332,121.5458995,15969175.612829667,14489280.47841591,15079387.898380283,16032026.51625633,17042618.668903872,17845898.707167238
臺北市大安區和平東路二段１７７號七樓,25.02544099,121.541829,30158187.62056946,23851855.61562147,28004294.32175291,31395470.743686818,34367539.41504451,37799274.54691252
臺北市信義區信義路五段１２７號,25.033964,121.573943,24712968.797729317,20705564.67727201,23320564.171434607,25674258.71230299,27348653.203459468,28624048.122307774
臺北市大安區建國南路二段３０８巷１０弄８號三樓,25.0233899825361,121.536719967395,33170206.44505796,27106638.636621438,32745558.494422693,34809581.13817288,36492253.11799381,38175564.26247568
臺北市萬華區東園街６７巷２號二樓,25.0265699927819,121.497180015546,12770498.045146145,10286500.975583753,12126016.033665363,13040387.145540342,14278408.387049966,16063501.601697858
臺北市北投區溫泉路１３９號六樓之２０,25.13995799,121.512059,6901222.756593103,5536495.9988386445,6173249.823440185,6723942.173262078,7475885.133617375,9130707.062199011
臺北市北投區石牌路二段３１５巷３４弄２５之１號五樓,25.1234000013785,121.5238399997,17919660.77403161,13543483.269115197,15785960.019008772,17886733.588831797,19918326.432325203,24427897.823997065
臺北市松山區民生東路四段８０巷１５弄１１號十一樓,25.056320007451,121.553150006362,50502868.02794726,38671679.18181566,43917392.3800035,51137511.412227765,60672736.541704,63619338.0631844
臺北市內湖區康樂街７２巷１７弄４號三樓,25.0707300077522,121.617209958666,12562517.207194038,9156821.391412491,11649521.501991048,13326757.56029667,14562666.992712792,15899708.340136543
臺北市士林區福港街２５９巷３１號四樓,25.0841200142559,121.519059967957,5051963.511523924,3265005.5370872165,3770857.3874074137,4904013.101098225,6551678.206923443,8754904.276187068
臺北市士林區劍潭路１６號三樓之５,25.08391001,121.52388,12367751.871056305,11012212.069675483,11529648.10714736,12286665.879884947,13236990.542129302,14623862.326092929
臺北市大安區溫州街１６巷６之１號,25.02514201,121.532987,26119302.79656294,21489058.069813997,23227597.647217058,25705297.83834938,29896441.82593718,33133540.25338439
臺北市士林區延平北路五段２１３巷３０號,25.083658,121.509051,8322098.40939247,5537907.56137058,6751349.893230883,8425752.814644756,10261024.74840521,11737101.208064768
臺北市士林區福華路２８３號五樓,25.10542509,121.5214085,20484961.484498575,18267331.235340253,19941798.356966525,21121458.96663097,22648052.84295261,24396319.856047086
臺北市內湖區民權東路六段２１０巷２１弄５號,25.06686,121.597946,13669613.092370965,11785749.083739437,12637767.438227292,13697343.328863358,14767283.424221864,15750575.680345893
臺北市士林區基河路４０號二樓之６,25.0854200055289,121.524790004606,5978629.0756055005,4276964.724121958,5412012.456755344,6228047.175391881,6887138.340610491,7941833.990959666
臺北市信義區和平東路三段４４７號,25.01890701,121.558606,16091895.335902227,14681211.88226287,15407067.326083662,16284269.816127626,16993384.710276887,17976820.43194164
臺北市松山區饒河街１９９號十三樓之３,25.0507499813339,121.576180039708,30883522.96095358,23426739.211671352,28963014.85279222,32559501.35140215,35390405.70927146,37654322.16947045
臺北市內湖區民權東路六段３１２號十一樓,25.0728500006128,121.606050041321,32190261.95802769,28116249.152311705,29707349.564415853,31571274.87190394,35024882.7980272,38858489.9324832
臺北市內湖區星雲街１６８巷４３號十七樓之２,25.07997998273,121.597330012171,21454346.51316209,17588221.85710014,20203240.688444827,21997279.848898053,23972159.560194965,25604002.505118743
臺北市萬華區武昌街二段１２４之２號五樓之３,25.04536628,121.5037647,6489780.148122348,5076110.296818587,5681430.458618531,6594689.562409172,7473545.1545838,8451508.511504093
臺北市松山區八德路三段１６５號十一樓之６,25.048187,121.555411,30964477.988485992,22607154.123015158,28722256.062297955,32434216.91728192,34943909.23731974,38053089.81215271
臺北市內湖區新明路２０５號三樓,25.0583799858849,121.588130035246,13414227.6909002,10906920.97519565,11848793.809123583,13881522.692054078,15191542.897787798,16038849.66907656
臺北市士林區中正路２０１巷２０號,25.09443001,121.527019,3501812.786603338,2012820.7535797474,2423566.1591720446,3678663.819967879,4740405.949938066,6472055.304504182
臺北市萬華區青年路３０巷１０號,25.025939,121.504005,19369773.467108887,17598513.568372935,18385276.174202103,19238766.4945855,20371289.467825305,21808977.303012423
臺北市大安區光復南路３０８巷２５號五樓,25.03878301,121.556471,47054249.37984912,41321586.331732675,45071230.42892885,47369373.43071601,49509871.86535892,52726306.6557794
臺北市內湖區康寧路三段１６５巷２５弄２２號二樓,25.07201168,121.6117815,5811353.10185843,3314217.643984016,4177596.676484447,5709189.189894978,7751395.370567163,10848413.066372918
臺北市大安區復興南路一段６２號,25.04452001,121.543582,15354462.58384643,10812687.916052688,14409930.66132846,16290486.999334978,18119371.37521006,20798333.7261009
臺北市大安區金山南路二段１８８號二十樓之１,25.028170014279,121.526009990613,42248354.93940735,31680392.45384804,36458523.9906719,43970819.754685596,51211722.41299074,55818890.692106314
臺北市萬華區國興路２１號十二樓之３,25.0269299955233,121.505290009782,15792547.312286003,12814295.465061964,14600878.956300888,16863080.56430259,18226329.706623863,19251956.740469493
臺北市文山區指南路二段４５巷２４弄２２號五樓,24.98934473,121.5744201,14245462.997389687,12649212.021973856,13855042.849141583,14527388.26187228,15340659.143215876,16656690.925419308
臺北市中山區新生北路二段９號十一樓,25.0573099940351,121.52790002596,125583635.11659446,105261843.89350319,113866622.40540607,124317888.21265763,135816675.9104211,158343604.56000772
臺北市大安區四維路１７０巷２號四樓,25.028170014279,121.546740029727,41368491.78645004,34705868.39467764,37110670.322730325,42378422.3277241,46851667.175513685,49921820.29487811
臺北市大安區溫州街７４巷３弄１號,25.01954202,121.532225,16121345.136069171,13072828.772160225,15020555.384464836,16481668.88037535,17807736.80153844,19292701.0447771
臺北市文山區景興路５３巷１５號二樓,24.99665599,121.545711,15076862.160869064,12951631.965597913,14161420.461451516,15146613.14840879,16245970.715494644,17349181.63865562
臺北市松山區南京東路四段２３號三樓之８,25.0518599967714,121.550460002176,17604420.916360658,14654997.52644631,16008242.259733796,17871690.699334,19958311.310969897,21075361.708032075
臺北市中山區民生東路二段３號,25.05818301,121.5281288,51135143.55210532,44861432.835886315,48974921.08729003,52349932.617764734,55114232.688750096,57763417.4629207
臺北市南港區研究院路二段３１號,25.04613398,121.615309,13899598.285515768,11714658.131872097,12771472.411770873,13939942.9878475,15059355.144404057,16679431.293050582
臺北市中山區植福路２８６巷２８號,25.08109499,121.55979,248004124.25918052,192997156.65914172,232839123.82616293,262983711.33839446,281116403.61118656,308479044.53425145
臺北市中山區新生北路三段４３號,25.065407,121.528041,10420028.533695292,8799703.691542318,9653326.321582876,10482529.42124483,11417917.87260728,12029922.435597643
臺北市中山區明水路５２６巷５２號,25.078861,121.553957,80794420.06493731,51206000.85099031,69596497.82937865,82554268.41603757,101065040.72417963,126532310.94162479
臺北市中山區松江路１２４巷１３之１號三樓,25.0526199839323,121.531810016153,15641313.292833164,11442923.515104568,13703804.504733147,16249209.90045904,18244718.283315748,20003703.971287776
臺北市大同區涼州街２號十二樓之５,25.0608199998088,121.515279981082,37827450.235357806,33141180.863818124,35880876.50023242,38674625.53744382,40748661.82400235,43658384.334863596
臺北市中山區民生東路三段８８巷１２號十五樓之１,25.0571900070911,121.542559974614,25711164.276199818,22127950.939849675,24383711.33844205,25995712.997879304,27725005.825266242,29384962.031398837
臺北市中山區民生西路１６號,25.05770298,121.52215,6471206.03356131,5890122.376425249,6114636.355639854,6400280.385578665,6823625.896940115,7512659.254909445
臺北市內湖區環山路三段３０巷２弄１號四樓,25.08522001,121.57985,31456085.821245838,25209939.511699248,27998360.040783733,30564250.872538183,35531174.379872754,42870504.83198875
臺北市松山區寶清街１８之８號,25.05023198,121.568676,24696510.138494838,20300628.900434013,22417928.967841536,24911345.442967925,27484953.227379136,30696525.280251857
臺北市信義區永吉路１８５號十二樓之１,25.0457500084516,121.572559979545,18718489.067523655,15642546.547612187,17167304.49044581,19089988.07412022,20645304.497069474,22510353.93636176
臺北市北投區公路２３１巷３５號五樓,25.13289,121.50253,13952581.106490752,11758442.259906339,12796649.150754195,13960635.532336237,15257957.21107424,17096879.082341876
臺北市中山區明水路３９７巷１８弄２２號十五樓,25.0783300050899,121.546689989765,71099735.06090136,59971816.03241175,63510821.039465934,67951597.11850746,81499616.95659557,92376149.87481558
臺北市南港區興華路７７號,25.05523099,121.606069,36142928.1629311,32461694.57133887,34725681.42756019,36972592.92868368,38594011.017143734,39908444.49674157
臺北市中山區新生北路三段９３巷３１號三樓,25.0678600021954,121.528899987009,14264235.667301573,12129470.916708214,13461387.309136376,14548145.074536482,15598461.964527935,16354346.717852602
臺北市信義區嘉興街１７９之２８號,25.0270599988415,121.556880037094,2599089.438708702,1882509.3894731665,2115810.634823806,2427383.8428593283,2891999.4853252647,4548945.593229785
臺北市北投區溫泉路９９之６號四樓,25.13637209,121.509743,5134261.963471215,4245576.458693021,4955510.873093286,5239992.734845414,5477702.144639372,5822226.003978126
臺北市內湖區民權東路六段１８０巷４２弄３０號,25.06735499,121.591947,52041987.81734623,46762115.78586905,48963153.43096904,51882538.65635998,54749996.9808729,58370028.20448379
臺北市北投區長壽路２１號三樓,25.1426399895654,121.504159961596,28431084.74243014,24177040.30031414,26699714.00258694,28873787.407282997,31102296.24353248,33286193.134057336
臺北市北投區石牌路一段１６６巷４６弄１９號三樓,25.11355205,121.5140881,35436165.91539085,29368718.17557729,32597733.96902989,36090224.876609564,38339546.90254861,41509085.32963584
臺北市內湖區內湖路二段３３９巷２號,25.08338002,121.591572,30838641.432770997,23631234.23004602,27729399.11758893,30821531.055506453,35211851.21747511,39557774.57155003
臺北市大同區環河北路二段３９７號二樓,25.07764659,121.5089818,11214353.312498497,7507302.647118245,9113773.796521265,11197253.647818027,14336208.822298253,17064109.896132838
臺北市信義區松仁路２４０巷２２號四樓,25.0246853263398,121.568952951626,15806444.779316386,13477399.20090656,14682414.886990782,15932906.095912118,16888354.540694393,18129644.417744204
臺北市松山區八德路四段１８１巷１７弄９號三樓,25.0493100122778,121.563490005938,16759745.801241634,14249761.144031143,15627493.630356744,16878747.707948644,18472210.310196217,19988055.31876869
臺北市信義區忠孝東路五段３７２巷２７弄４２號二樓,25.0395800057052,121.574929962668,25500623.007144652,22476425.372803226,24340342.073278658,25898576.629139666,27261959.216618165,28633641.495996334
臺北市北投區明德路２９１號四樓,25.1151299966104,121.521589961611,24046226.35855361,21479669.720780876,23038357.668725163,24543222.037435625,25988896.0820406,27528069.79047889
臺北市北投區公路４２３巷１７號七樓,25.13289,121.50253,18753945.80892057,14369041.17628684,17196599.415707152,19774276.164683305,21295908.14406735,22544755.440270595
臺北市大同區長安西路１１７號六樓之１,25.0512600201421,121.51580996882,10161345.840268146,8165160.577255812,9150044.534146741,10431881.931724593,11562855.654381096,12469774.612632005
臺北市內湖區內湖路二段１７９巷５８號二樓,25.0828699791259,121.586839976528,23009331.975266293,20406527.04635466,22084430.90693608,23571513.306936324,24976976.48950158,26331329.236441817
臺北市萬華區大理街１６０巷２２弄２號四樓,25.0328399916332,121.494039986978,13083507.115262015,10225236.68849045,12055980.780753162,13441701.1091281,14788875.696986733,16242445.106997468
臺北市大安區瑞安街２０８巷４７弄２７號五樓,25.0300199841289,121.541449959176,28681221.47123712,26532411.431748375,27718426.229151506,28717159.22549676,29840458.720494285,31255078.443627365
臺北市中山區松江路４３１巷２５號四樓,25.0656600040689,121.534779975905,20860058.2486938,17612103.510590207,19469808.89901981,21386522.750067044,23160202.177934766,24557168.658770993
臺北市信義區福德街１０９號,25.0372099806728,121.582100010282,17726234.71984195,13556836.581214476,15038206.166077869,17289812.648876138,21449012.004864994,25530125.54393601
臺北市內湖區內湖路二段１０３巷１１９弄１７號四樓,25.0839700200986,121.5813800048,20228790.977608923,16582778.050368667,18123762.062596787,20528529.02996673,22853979.034150172,24162845.089956466
臺北市松山區富錦街３５８號四樓,25.0604299898541,121.557949987034,21770875.814274095,18037050.066947926,20210834.85148362,22055216.720210418,23903667.95393365,26078635.923255324
臺北市松山區新東街３０巷２２號三樓,25.05962298,121.566727,18249477.10150746,12860374.885143178,15123373.265179446,18937937.474021845,22304138.59206599,24382942.573451415
臺北市士林區劍潭路１６號四樓之２,25.08391001,121.52388,14492710.829506144,12489519.545861762,13685897.415858021,14620101.17002106,15617752.947380178,16475798.741856392
臺北市南港區福德街３１０巷５６號,25.04121402,121.587083,11853255.180714687,9692316.603806462,10776991.84639078,12155003.81369503,13328722.75000444,14404376.07276539
臺北市信義區林口街２９號,25.03744798,121.579134,20314331.4074267,15521911.301570036,16776460.968446309,19554020.322917394,25392305.13351171,28422852.67005826
臺北市士林區中山北路六段４４１巷３０號二樓,25.11660999,121.526995,61772826.93512573,56082991.41372452,58728951.58706401,62263659.68999979,65031486.62567008,68141225.68914135
臺北市中山區新生北路二段３８號,25.05452402,121.527135,17857310.04997826,15115582.827666553,16535184.931318022,18084535.75526672,19577508.684631567,21381983.532457475
臺北市大安區敦化南路一段１６１巷７０號,25.043375,121.552457,36110023.0555001,29982900.85065033,32672649.417020947,35839937.151246995,40493000.65566195,43979960.95865994
臺北市萬華區青年路１６８巷２弄６４號四樓,25.0199200003501,121.501340037911,5314372.883220648,4673098.8605358135,5037172.882648882,5350830.405107783,5612157.54651739,6087616.530534137
臺北市士林區通河東街一段１０５巷１弄９號,25.08563299,121.516386,12835473.036828123,8772742.608435012,11028778.579378245,13421661.347686002,15448751.374281371,16808127.20622837
臺北市北投區明德路１１８巷２３號,25.10963801,121.521125,26072533.177351933,21055825.547406882,23671719.346836496,26485082.68194795,29920240.31039623,33108232.368575744
臺北市中正區和平西路二段１６０號,25.03306999,121.505464,14486255.980127446,11152843.638788737,13220489.237065092,14907421.561717907,16539544.904949414,18915859.96220303
臺北市文山區興隆路四段５８巷２８號,24.98543798,121.560037,15104674.873639712,13066243.091790963,13690581.877900235,14677574.409556648,15940252.6177373,18803805.379452452
臺北市內湖區安泰街８９號二樓之１,25.07668921,121.6168632,27061210.8566283,24210361.147778988,25575148.310143057,26788360.773358945,28170115.262334134,31033818.333638072
臺北市大安區忠孝東路四段１８１巷７弄１３號三樓,25.04219629,121.551511,8251460.516219748,5549472.985756665,7661115.726946605,9489990.054811828,10344398.189096387,10872353.69864609
臺北市信義區松德路１０４號,25.03774902,121.574998,55063402.04989667,49950487.01796622,52547890.383113906,55140526.22189055,59187940.17772623,63243602.376049764
臺北市北投區吉利街１２２巷３號四樓,25.1183400140695,121.50717996131,17037377.4309241,14408901.867717221,15654434.635836966,17406239.43096556,18737191.91154199,20996179.789473694
臺北市松山區健康路１７４之１號九樓,25.0536600104783,121.558530014734,12894326.935427139,10315673.45519335,11634225.150485871,13088359.42043519,14985765.948883053,16718410.230756508
臺北市萬華區中華路二段４１６巷５號九樓,25.0270900060549,121.504679974869,9008716.715076232,6880525.415543864,8195119.44451706,9274791.85346521,10384422.834657151,11393241.159712901
臺北市南港區東新街１６８巷１６號,25.04607598,121.589736,24299039.400200218,21584833.574692473,22909468.447652854,24322160.48073169,26128842.782129828,28037979.802166127
臺北市萬華區寶興街１５３號三樓,25.0242599821762,121.495229965772,10628680.805831406,9247031.537422173,9972915.721587652,10804365.658110812,11626805.537295919,12706717.717153268
臺北市士林區中山北路六段２３６巷９號十一樓,25.1082699955945,121.526179975609,33929604.06875932,27673694.34424738,30939250.85301681,34485151.68758878,37953446.19626836,40959779.162311316
臺北市松山區三民路８０巷３號,25.05657628,121.5640833,48166583.44351682,38282882.15757916,47902498.825646296,52275047.29694699,55292528.96963154,58485325.981000155
臺北市中山區北安路８４１巷２４弄７號三樓,25.0858499971618,121.556249969432,20382780.472340174,15581062.438164068,17941867.462187953,21157812.9658004,24305239.865518868,26806056.57604642
臺北市士林區福國路５０巷６弄６號,25.10266401,121.523894,14866066.293138767,12584155.021101821,14403603.178907655,15388363.365328461,16562494.84025272,17724122.552338827
臺北市大安區敦化南路二段４６號十四樓,25.0313799898286,121.548420014581,21234472.41356294,16233088.742558135,19604578.818904154,22106640.365707025,24279014.37976169,26805532.672444347
臺北市北投區石牌路二段３４８巷１７號四樓之２,25.12249999,121.525083,8101318.330421923,6559701.840536851,7390568.95052012,8194404.476363014,9094668.755169129,10331034.913104119
臺北市內湖區成功路二段３１２巷１３號,25.06731602,121.589794,17030850.95655598,15401592.191329641,16263262.593903013,17141910.64941755,17972615.106600374,18715050.832091127
臺北市中山區林森北路３０８號十樓之２,25.05611,121.525272,9175883.662290167,8234987.109136775,8627476.232215462,9063308.428770464,9683003.997446056,10370463.635026876
臺北市南港區南港路二段３８巷２４號十四樓,25.0543700000001,121.60681,53891476.35753708,45301156.74874043,51568838.6449035,57393730.1647461,62490600.5529011,66178580.190958254
臺北市士林區德行東路４６巷７弄７號,25.1061800099472,121.526760003309,30631778.548640635,24089136.043562397,27397600.495753706,31758860.148571946,34614383.48146179,37230186.798666924
臺北市大安區臥龍街２８０號,25.0168899842617,121.558690025266,22193164.56982563,17159240.085523263,20708034.670748554,23300964.18827899,25519551.8682715,28592863.78538098
臺北市北投區中山路２８之１號四樓,25.1371599850883,121.510219993773,5254266.752436498,4198792.529762309,4974582.127303734,5333498.700018676,5711277.64439846,6251763.701604202
臺北市中山區農安街３３號二樓之１,25.065020003852,121.525180014561,14360201.696938276,12748921.253378604,13524649.12100045,14256826.270306135,15229321.560244273,15988451.634199936
臺北市萬華區和平西路三段５２巷２７號,25.03395001,121.503435,10861372.1158462,6005494.75125131,7469661.129433278,9937510.292062044,16580234.543868426,20458290.28241741
臺北市文山區福興路９９之１號三樓,25.0067700096438,121.548819999,12889231.288364537,9989181.607364424,11393058.940208822,12923772.066163631,14876139.62270328,16976086.402362082
臺北市中山區中山北路二段７７巷１２號十一樓,25.05738602,121.524161,23885087.655740544,21516014.752543315,23164310.340601496,24283611.274533305,25370171.761251688,26164899.420130864
臺北市萬華區康定路１０３號,25.039507,121.502048,13278472.2713798,10865806.099896558,11571189.66194034,12749850.773317877,15537706.190295514,16951043.714059252
臺北市中山區錦州街５０號十一樓之２８,25.06016298,121.526107,5048968.749549138,4312974.735778658,4703042.249057888,5022157.338453198,5607659.161783993,6014788.598632466
臺北市萬華區貴陽街二段２２１號,25.0401045,121.4987764,13080347.409079887,10274265.388064403,11549387.020103293,13229171.27844725,14645922.15131528,17619039.1897681
臺北市萬華區青年路３０巷６號十樓之３,25.026020014205,121.504230034307,18624745.354845446,17316613.556928672,18197188.073894955,18997143.487474754,19883729.0737183,20815906.769840874
臺北市文山區仙岩路１６巷５３號三樓,24.9970099958577,121.550309966109,15279162.664659396,9896963.515173368,11732097.547714494,14902507.103021493,20455941.946812566,24088428.44316389
臺北市信義區吳興街６００巷１００弄６５號,25.017849,121.572626,10841582.569954943,7015420.693170054,8009680.9177356325,11172657.979634766,15146643.416942013,16005690.369858686
臺北市內湖區內湖路一段５９１巷１６弄１號,25.08182488,121.5734004,18715839.697877303,16585175.40338046,17675191.87442169,18788190.14305322,20036849.102585007,22080981.89631728
臺北市松山區三民路１０７巷２５號二樓,25.0575599842973,121.562179998291,20177630.107920304,15177645.513163585,19168235.98295433,21110814.206023403,22699332.00318803,25085249.73020864
臺北市大安區信義路三段１３４巷４４號十二樓,25.0304099940836,121.538970005484,27211106.776151665,19353510.930610698,23286538.076334737,29051616.807346478,32614299.952161033,35542735.083894886
臺北市信義區和平東路三段３９１巷８弄６５號五樓,25.0212699896755,121.55860997809,20209011.4827324,17478916.358689643,18795433.40547644,20136192.99704843,21728164.896215677,24163612.27069141
臺北市大同區承德路三段１９０巷８號,25.06969199,121.517831,1849678.4924299251,1239257.2734614704,1383091.9905927884,1774358.2738188303,2303979.1581707653,2690764.94280662
臺北市北投區磺港路１３６號十二樓,25.12934499,121.50251,48306132.901902184,41661405.38558449,44851706.94833138,48555332.74449917,52697842.38709503,55849220.947512925
臺北市北投區明德路３３１巷３３號三樓,25.116144,121.518216,17306709.65816158,13113059.851156805,15434444.074264193,18057076.69242219,20854434.208674025,23019710.298539836
臺北市內湖區內湖路三段５９巷７弄７號,25.08590901,121.591765,9005032.904739145,6425967.194749304,8115568.322647214,9694541.661911834,10527221.240071507,11532691.27548375
臺北市松山區健康路３５巷５號九樓,25.053809,121.554485,20212694.387243576,16694137.593912056,18744791.49462528,20819271.532548204,22726082.983038153,24334596.223240905
臺北市大同區華亭街１號八樓之８,25.05194302,121.513349,19865125.391716138,16135527.599130277,18584806.617587402,20599097.843515005,22138318.691932417,24024208.70752186
臺北市大安區安和路二段１８１巷２號,25.02720098,121.550184,55387145.37242428,48162724.75269176,51795116.66248269,55471268.309593424,61195881.31209002,65084049.10365587
臺北市北投區永興路一段２８號四樓,25.13289,121.50253,12355995.943504278,10491723.95330547,11431152.788894206,12497653.437476542,13536590.194357652,14563908.224378515
臺北市北投區泉源路３６之２２號十一樓之３,25.1402700064426,121.506519970254,7034284.697502531,5693611.322747457,6130190.5638665315,6736892.734404197,7821136.474263894,9607419.826451465
臺北市北投區中和街４４１巷３弄１號,25.14340299,121.497442,6388953.763293074,3825034.105444765,4520935.096769215,5718263.382316241,9195797.725336405,12614650.80416744
臺北市大安區仁愛路四段６４號,25.03746802,121.547639,14240119.14100921,9544545.816470347,11788942.767969565,15411620.644261647,17603847.626318038,19196402.04452929
臺北市信義區光復南路５６７號五樓,25.0307300151469,121.557580009828,19231207.46032659,16032968.053480001,17028743.12348378,19103457.486890588,21766034.397195436,23786837.478497732
臺北市士林區中山北路六段２３６巷７號,25.10826391,121.5261397,44760182.07010565,37211687.58972304,40409408.43718624,43451067.25752058,49356207.40836499,55706883.41138339
臺北市萬華區東園街６６巷２４弄８號,25.02482299,121.495502,19918508.612069175,16679288.275545672,18912377.62879571,20498639.67439917,21830018.203744307,23099899.35313935
臺北市大安區金山南路二段１３２巷２０號,25.03313998,121.52697,13086393.188927973,10236323.094335046,11345532.172017418,13127866.419086793,15722023.303708572,17878686.463009674
臺北市南港區南港路二段８６巷１０弄４號,25.05447,121.602975,18744812.339252416,16062679.711067606,17632241.755021993,19148533.039651267,20482859.117164288,21302131.19499498
臺北市文山區溪口街８５巷３號四樓,24.9951099860459,121.538359970571,11349094.665543115,7102866.520118604,8360626.971933333,10540490.624211991,15976763.315623468,19962395.509210058
臺北市萬華區青年路３０巷２號,25.026125,121.504528,23979988.737085268,20020756.165913064,22018927.951004192,24310565.6060199,26075367.373278007,28448989.358170286
臺北市內湖區陽光街１６１巷１弄５號,25.0748000084771,121.585489987203,14635779.975186288,12984133.269507231,13961131.45210603,14831253.590462701,15681738.06269989,16258660.462642327
臺北市南港區富康街４９巷１１號三樓,25.0527499872506,121.61759996862,13644905.641462259,10766547.595987916,12838370.227315616,14161296.509456852,15462220.865545189,17366469.21361106
臺北市大同區迪化街一段３１２巷５號三樓之１,25.06176888,121.5090128,4528777.891805615,2982954.646821605,3651912.1969523467,4291657.038362454,5294687.088257908,7833742.397566801
臺北市中山區南京東路三段２１６巷２之１號,25.05143801,121.543307,18754154.066602275,13259759.651959268,16896692.351574335,20369830.044845477,23315903.28683734,25393272.53307909
臺北市中山區新生北路二段９６號,25.05913599,121.527228,6111635.717687719,5303279.356677146,5883823.352756661,6177408.7604737,6463017.688140314,6836863.197677663
臺北市中山區植福路２８６巷３２號十樓,25.08110102,121.559496,236985430.64951974,158699174.30397686,212023396.55202943,258259962.58213654,278713213.24894303,301030600.2080143
臺北市大安區大安路二段１１４號四樓之１,25.0305700046153,121.545950035353,33795079.21910305,29371781.577515617,31358191.783121306,34126082.76752256,36972190.97698939,39166163.608045265
臺北市南港區南港路二段２１２巷２號二樓,25.0539400079539,121.598900026455,16661411.303629318,14397319.598875577,15733783.144425899,17009359.165324323,18255152.348438673,20021569.10262129
臺北市中正區青島東路９號四樓之５,25.04379388,121.5226574,11637989.593383234,9137506.734194487,10501617.334663,11781444.604072075,13222339.765929721,14756235.597841676
臺北市中山區五常街５３巷４１號四樓,25.066530003709,121.539729992645,15908116.75533783,14572673.158341128,15373487.599210307,16004313.79926471,16657672.223472659,17299038.2832919
臺北市大同區民權西路１６０巷１８弄８號十樓之５,25.06216802,121.515453,16346447.699291896,13715591.218066808,15159306.698410787,16203825.197777694,17754460.941864014,19753243.46576684
臺北市萬華區成都路１３３巷３弄３號三、四樓,25.0436199992167,121.503750002712,12661912.126975106,9354299.65868461,11539086.903462011,13116089.077651674,15000347.406241901,17341718.200346492
臺北市萬華區桂林路１２８號三樓之３,25.0383800105371,121.498929989291,26606806.901386343,22121668.541322537,24970830.682641342,27027145.00989897,29166378.553126626,31749576.964912206
臺北市大安區忠孝東路三段２７６巷１２號三樓,25.0409499858697,121.542370040688,26707166.768150933,21119076.64507276,23986590.036477007,27356594.495270178,30604375.85544551,33480472.54418717
臺北市北投區溫泉路６５巷９之３號六樓,25.1353399805424,121.504219976023,14408560.390110027,7861984.684842682,9609487.399014132,13239703.173630662,23574071.160756532,29471415.486405466
臺北市文山區興隆路四段１５１號,24.98476102,121.561776,16749669.763618972,13772855.161984874,14907544.271570167,16250233.687218145,17857640.999282002,20871190.26594054
臺北市萬華區環河南路二段２３號二十四樓,25.0335099990636,121.492490005443,20279947.37762367,17137712.37561183,20165214.09149986,21655456.45670613,22527854.58626648,23403232.55457539
臺北市中山區長安東路二段１０５號五樓之３,25.04853599,121.535252,9358132.298024435,8428994.169725891,8747533.101906113,9212042.721104568,9941031.31336268,10882765.95078145
臺北市南港區福德街３１０巷５６號,25.04121402,121.587083,12903333.48236823,10790276.116909722,11847985.438416123,12851360.581150984,14067518.71644885,15540660.592312727
臺北市北投區榮華一路４巷４號三樓之４,25.1125099813158,121.524069999123,11616675.186713684,8751743.667678777,10295424.757048037,11955474.489803743,13341997.422562832,15105197.436552748
臺北市中山區民權東路二段１４６號十一樓之２,25.062230003561,121.534230039238,12740052.406336114,10466262.603488026,11877583.493978336,12841855.274651825,14140223.95350904,15955277.00080731
臺北市大安區潮州街６０巷７號,25.02816679,121.5237759,19580182.086873326,16490490.376373904,18193986.922633506,20010705.357313335,21364291.126996845,22685396.13258754
臺北市中正區詔安街４３號四樓,25.025557,121.51222,13382297.44641507,9921780.21796909,12558205.628709853,14156366.382608699,15757805.361572575,17224527.507204596
臺北市文山區保儀路３６號二十四樓之１,24.98815699,121.56851,19801362.297455788,17058064.718285386,18247402.371209864,19862257.13601002,21672624.56710533,23469059.181336306
臺北市內湖區環山路一段２４巷３６號三樓,25.0844200025706,121.563899964822,9598384.301766805,8070399.1329858005,8929587.55366491,9856426.256650046,10680427.83226029,11740391.644856883
臺北市中山區民權東路一段７２號,25.06251578,121.5251827,9178206.099447455,7358206.184826067,7910670.080024626,9157460.162523173,10348551.20960905,11274043.251267191
臺北市萬華區中華路二段４１６巷９之２號,25.02674501,121.504411,7610389.810931765,4027849.723279726,5213762.692293947,6879375.798337847,11864578.84185965,16619852.862969892
臺北市士林區中山北路七段１９０巷１２弄６號,25.12487798,121.533783,34478420.256933,23838215.23258461,28524580.883317754,34980599.20903423,40743317.78291804,50471454.915675834
臺北市南港區玉成街１８４巷１２號二樓,25.0435899920033,121.584439986192,22016032.69758916,18871678.71490583,20457219.496868733,22082033.957211304,23721663.828536578,26466508.503510296
臺北市內湖區文湖街２１巷８２弄４３號,25.089568,121.560752,8989899.587588437,6753950.15109786,8621787.367986836,9542384.166619116,10436760.333270226,11070940.606516328
臺北市松山區新中街４３號,25.06048799,121.560248,8623739.524239495,5161502.642236633,6013642.664529482,7766199.428619217,11588552.086340629,18048369.987747356
臺北市文山區辛亥路七段７６巷２４號五樓,24.9818299920214,121.554829991215,12431233.686765345,9320817.523958528,11268195.34554326,13238716.706488803,14211934.391255368,15033582.384582497
臺北市中山區雙城街３巷２號,25.06322301,121.524594,8799881.577511363,7403077.160493245,7827195.306939848,8648372.825346544,9665295.298180161,10617148.456632733
臺北市中正區和平西路一段５９號十二樓之５,25.026780001366,121.519709984548,14724673.445495479,13036096.294075185,13851024.86491736,14955493.100889739,15758646.602308042,16458123.941234149
臺北市信義區逸仙路４２巷１號五樓之１,25.0402599876003,121.562800007669,14871824.798749235,11461084.15865567,13018681.416607484,15586622.97940287,17491186.311803374,19842076.06692984
臺北市中山區明水路５６３號三樓,25.0793899805655,121.551779984288,47586563.11182787,42245595.538916856,45347554.20435721,48412908.40293031,51176459.318035886,53648690.43764073
臺北市北投區竹子湖路３３之２號,25.1710999874264,121.533789989321,26835490.68461393,12243309.24943288,21969585.763683707,30599216.63003797,38018335.20848158,45543752.73189524
臺北市文山區辛亥路四段２１巷４０號,25.00979902,121.559141,15543537.142673746,12923376.341241278,14666835.006991811,15830105.443436164,17584249.671672806,19375923.21470444
臺北市中山區長春路１００號六樓,25.05476198,121.52795,7902864.414949934,6390946.625122012,7114864.407289581,7973897.195838222,8887857.642486412,9942132.981969405
臺北市北投區承德路七段１６６號,25.11484501,121.5063896,58272223.577942066,49021005.25000338,53916118.46752072,60004039.778272144,64137975.02305181,67238380.8697211
臺北市中山區龍江路２８６巷１３號四樓,25.0611300044978,121.539929984855,26482364.45177188,22499802.651630476,24048142.9995541,26505660.38817224,29020933.64454615,31227897.053789176
臺北市中正區臨沂街３２巷２號二樓之５,25.039623,121.529612,20119684.29214648,16674195.423782233,18281560.939463515,20160420.543954834,21644815.82991948,25503803.99086476
臺北市北投區大度路三段１８７號二樓之３,25.1227100031091,121.469240030958,21796203.1245909,13287697.74261937,20688405.996603932,23953144.01997914,27101564.86985326,30265766.043709792
臺北市松山區新東街６巷１２號二樓,25.05739901,121.566812,22497739.802322384,19066124.87347191,20759721.532595944,22616256.626005173,24747469.200908367,26987125.54593924
臺北市士林區士商路５號十一樓,25.08975999,121.5211,42595304.80379002,34752330.92022737,39605263.30503944,44119018.55212018,47617609.73791588,52077055.53562318
臺北市文山區福興路８２巷７弄５號三樓,25.0069554757898,121.549432081982,9334421.385326117,6559568.340716876,8451828.171352457,9712052.246817438,10923204.376223525,11923505.326453058
臺北市中山區松江路５６２號,25.06738229,121.5331499,6612123.423709474,4966179.765684368,5958012.431215485,6929525.23323792,7996138.690776848,8558233.632490624
臺北市松山區八德路四段７２巷１２弄１４號四樓,25.046957,121.559546,10782237.975152638,8858536.676669886,10014868.883451387,10870421.780971758,11778761.044134395,13555400.933936587
臺北市北投區中和街４５７之８號,25.14464,121.496603,6758748.374353074,3875541.2340151393,4958620.056246361,6527426.732071164,9263083.527432585,12292197.581157941
臺北市北投區公館路６３巷９弄１１號,25.13318399,121.504643,14978682.103407662,7441556.097941079,14473120.14638283,17997229.616262667,20056950.201629855,22538611.498500627
臺北市士林區忠義街９０號五樓,25.1064300002094,121.53207002279,22327874.36421065,18797329.032532625,20508650.80339651,22774868.03600842,25068202.05534473,27455477.982302576
臺北市大安區臥龍街３１８號三樓之５,25.0168000045311,121.559699960779,24986046.96043221,21948221.614209533,23422425.684735008,25063478.158429243,26705683.233122088,29369280.99415739
臺北市文山區羅斯福路五段２６９巷２０號,25.00120719,121.5402433,36073301.50043241,31708784.650503635,33725088.28674332,36259820.32030739,38703787.20854361,40600554.84244756
臺北市北投區長壽路２７號三樓,25.1426899876179,121.503610024929,8157156.8849574905,5114842.350766388,6021335.431742311,7697683.214947387,10936137.280844323,14632638.522830864
臺北市北投區文林北路８８號十八樓,25.10552501,121.5180406,175835077.3395072,115683974.81917237,136492660.3334336,166543349.2169255,219781390.43741506,294803596.5414849
臺北市萬華區萬大路１８７巷３５號四樓,25.0282500195449,121.501680007904,6069652.290858837,5284122.852020178,5593427.232569426,6141863.587265367,6470058.729411505,6944898.925802985
臺北市中正區仁愛路二段７４號十七樓,25.03799801,121.530093,67070543.40115959,59032956.508524776,63339050.60309906,67001978.979313806,72877965.824867,80840818.32125637
臺北市士林區天玉街１１３號,25.12425701,121.531588,68014609.98508392,55979227.705590546,63564867.953122005,67353941.19993332,72513098.54569805,84801699.4648672
臺北市信義區松山路４６５巷２弄１號,25.03930399,121.578535,15966432.945973257,13127560.441816563,15005125.599738456,16346690.980240395,17806541.00030084,20484033.898538552
臺北市中山區農安街３３號十四樓之１,25.065020003852,121.525129974599,20305518.821632616,17252136.65915406,18430586.793486305,20480585.673964176,22076559.653904133,23812003.1255999
臺北市信義區虎林街２５６巷９號二樓,25.0355100049803,121.577719962959,15807493.475851009,13233906.185406413,15032660.742339514,16084134.924424948,17403714.71124403,18270523.797925267
臺北市松山區民生東路三段１１８號七樓之２,25.0574500137276,121.545319967691,19597591.34157668,16656212.696814656,18179257.043524202,20196737.61846394,21795429.522835486,23798205.7220828
臺北市信義區信義路五段９１巷１２弄１號六樓之８,25.03372659,121.5714009,27634421.323125754,24540785.149327062,26173044.19177262,27621156.006253414,29193304.53534926,30801484.11269404
臺北市中山區新生北路二段６２巷１６號,25.05607379,121.5266812,3483950.816294839,2476303.710250992,2764356.349191328,3304048.3465561788,4349865.014414943,5318560.932126
臺北市內湖區成功路二段３７３號,25.0742937,121.5901958,41704114.899937935,33555045.843767,37127000.20902741,42367868.46355858,47560953.764197886,52826246.00856812
臺北市中山區新生北路二段７３號,25.05667301,121.527863,5399808.2243907135,3398059.4624071782,4869217.909856245,5746737.224466638,6392191.711549226,6877340.060275058
臺北市大同區南京西路３１６號十一樓之８,25.05386621,121.5129463,9926791.453747038,7945471.599372392,8723811.968124667,10212566.795692956,11147202.562263563,12225575.058661807
臺北市文山區新光路一段３２巷２９號,24.98947094,121.5736943,33292104.325550158,27781446.074240856,30848620.083177395,33105514.285567876,36574633.981842026,40422096.20004563
臺北市士林區中山北路七段２１９巷８號二樓之１２,25.1274200040509,121.532509988887,7003776.7683250345,5140460.825975286,5660360.207707796,6644212.500339406,8723206.989059191,11033037.107665267
臺北市萬華區中華路二段４１６巷９號八樓,25.0267356946612,121.502550143344,17333263.88482026,13645262.327243173,16309829.966966908,18245644.857775122,19288849.694321387,20378198.1686801
臺北市大安區仁愛路三段１００號八樓,25.03754098,121.539382,39135113.082890674,30942584.031227957,34569793.32767022,38559083.84825086,46178211.773823515,48964600.2094347
臺北市中山區建國北路三段１１３巷７弄７號四樓,25.0669500208772,121.535599977493,15818278.14454158,14492698.708967049,15273932.856825162,15973706.758337257,16588110.728198944,17082191.301175505
臺北市大安區建國南路一段３０７巷１１號三樓,25.0352999963962,121.538719973312,29135357.1648307,26994402.668620646,28173440.70006051,29031937.061472192,30350444.42573878,31408393.650667086
臺北市松山區民生東路五段１２２號七樓,25.0585700036299,121.561109964531,16152179.549460916,12666836.247640721,15368505.752799526,16844277.1521857,17883095.901939675,19197553.318128586
臺北市士林區中社路一段５２號四樓,25.10816602,121.559782,8923321.509242222,5769893.517932512,7510506.797944702,9501928.1128873,10729835.129656866,11695901.447296198
臺北市大同區酒泉街１０３巷１之１號三樓,25.07244421,121.5148247,10109208.68442372,5488811.34394923,6475845.651141254,8546295.742422802,18955008.35378503,22811317.87465912
臺北市萬華區青年路１０６巷１９號四樓,25.02270799,121.501963,5713198.718170099,4909987.095208013,5273064.970321917,5745834.689325564,6287785.287767562,6666131.545001578
臺北市萬華區西園路二段３７２巷２３弄２４號四樓,25.0266899797258,121.490759980628,7859110.069809776,5680897.391251745,7501871.074788142,8311372.418455817,8819262.844775705,9303131.159480426
臺北市士林區文林路７６５號,25.1032924,121.5189652,22275258.62455356,17559824.747739084,21388111.401767466,23796782.892869588,25175184.03527338,26428744.5703369
臺北市中山區松江路２８７、２８９、２９１、２９３號地下層,25.06045698,121.533468,5177280.720441098,3100079.9424253656,4712683.259335268,5367001.745987261,6217964.116369842,7626710.761145508
臺北市士林區中山北路六段４０５巷６９號六樓之２,25.1166599873065,121.526179975609,64640661.452698916,59832910.10162224,62787716.35689126,64944999.51464562,67465725.51971339,69172233.9045445
臺北市內湖區陽光街１８８號二樓,25.07461699,121.580721,19444643.370830536,16449515.021561863,17972736.1069383,19615405.059380267,21454225.64583996,23122885.79178472
臺北市內湖區康寧路三段１８９巷７３弄３號,25.07229499,121.612291,18742660.445428282,16062679.711067606,17835264.965399776,19182232.403615475,20730225.42538759,21952512.264044024
臺北市萬華區環河南路三段２７９號,25.01907502,121.493454,9510176.445705153,7254101.425429216,8243609.816846701,9842483.20217482,11055429.622848261,11987512.535692517
臺北市士林區忠誠路一段１７１巷４號二樓,25.107213,121.530639,28226728.907076072,21888136.789265256,25407112.734824207,28332710.65924015,32248150.081911996,35464349.39780555
臺北市北投區清江路１７７巷２０號,25.128024,121.50269,24098488.211360253,18790808.937199086,22785223.892404795,25247845.113320973,27631131.592593107,30109914.63739875
臺北市文山區辛亥路五段９３號,24.99758701,121.55264,12986716.550876604,10253944.316070432,11809569.529204179,13301079.976407746,14553421.687438421,15676115.195901643
臺北市內湖區康寧路三段１９０巷１３號,25.06872401,121.611393,32050122.575987324,27677879.21058218,29515087.848795466,31463159.647759147,35321791.09343033,39081930.57947078
臺北市大同區保安街１９號,25.05924399,121.513053,46019619.461277075,38378425.01254554,42782795.13048151,46914785.971808106,50505346.82516467,55626063.775332004
臺北市內湖區內湖路一段１巷９弄１號三樓,25.08545701,121.558098,11208483.19998134,6472745.829908853,8224383.5336858155,11454579.146095637,15598431.392592944,19231881.765214067
臺北市南港區成福路８３號,25.04305799,121.586894,5211842.786014294,3737292.922138302,4140632.7816201462,5205762.166484252,6318009.457977947,7423672.299778214
臺北市中山區新生北路二段７０之１號十樓之５,25.05668198,121.527177,11152712.052508682,9081715.088225195,10390330.026541429,11179518.880195716,12121061.34832389,13264545.134420447
臺北市大安區溫州街７４巷３弄６號四樓之５,25.0191300059758,121.532340003891,2774620.7326666666,2182076.2537996764,2432797.5883375444,2743701.12274711,3172789.1095240186,3668383.3757698787
臺北市內湖區星雲街１６１巷９號十四樓之１,25.08169199,121.595883,62558148.715483904,56065447.521867834,60101384.787193984,63441333.51710532,66811231.53278436,70105097.55557582
臺北市南港區研究院路二段１６７號三樓之１,25.037510010897,121.617380027481,13178847.342746938,8885483.444322862,11438392.322808746,13759518.119777244,15792215.243433034,17819483.921137244
臺北市信義區永吉路５１７巷１弄４號,25.04584598,121.579864,19191347.983225748,15700176.874128707,17168825.565819427,18848386.38620682,20650595.25733186,23577836.508168258
臺北市南港區東新街９６號八樓,25.04635061,121.5875026,36132391.138290204,32431875.151005834,34290717.33970691,36656365.42060982,38559868.35473961,39669814.0501697
臺北市南港區研究院路三段５號三樓之３,25.0355600030327,121.617160002523,21483474.894010946,15087032.46774543,19403999.129319977,22411436.68032044,25345655.92893444,27768921.66836486
臺北市信義區虎林街２１２巷１５號二樓,25.0374399800959,121.57672000191,20527548.04887247,17357619.979633853,19048671.13450708,20602617.897217445,22150566.177154213,24348415.132794887
臺北市文山區辛亥路四段７７巷９２弄９號,25.00877882,121.5612194,14467788.466980282,9145951.062722791,11144651.582939167,14502552.067938503,19295905.105144985,22683924.698863916
臺北市中山區新生北路二段６２巷１１號二樓之３,25.05619298,121.526643,60892027.33032298,50713830.938467205,56545083.485455416,61415909.30454075,65377750.68173978,71041613.15504032
臺北市北投區光明路２２６號十樓之２,25.13600102,121.505464,13293920.57359161,10559111.784814963,12608857.023836117,13868544.9273641,15015478.371591741,17254095.58678307
臺北市松山區南京東路五段２５０巷１８弄１８之１號五樓,25.0501300138655,121.567009986177,20752054.330424804,18082409.634235505,19454379.58108248,20720204.339867942,22184130.534591205,23833130.263659097
臺北市大安區和平東路一段１７７號八樓之２,25.0264899875161,121.532170018895,22518198.02258832,19584160.705944598,21782247.680462427,23346712.94944307,24797048.48760949,26108942.937300786
臺北市萬華區開封街二段１２號十二樓之５,25.04605402,121.508732,22982154.583214253,18824126.470209118,22023448.841514792,23385592.48459048,25332208.509264514,27343237.264760714
臺北市中正區汀州路三段６０巷２弄７號,25.01528489,121.5304146,31032275.022797544,22768132.28673914,28560214.020421475,32608625.934805896,35948757.16926256,38716697.58721858
臺北市內湖區成功路三段１７４巷１８號四樓,25.0811299798457,121.590489960085,17345381.26861009,15126804.69369728,16474260.024847545,17377655.522909574,18411024.01931326,19571199.59843957
臺北市內湖區民權東路六段４０９號七樓之３,25.0703200069584,121.603360037135,23964907.64952097,21035763.60953706,22577827.536834188,24337207.896109484,25954872.500342242,27229123.0097757
臺北市內湖區麗山街３３８巷９號二樓,25.08237901,121.573478,21977335.928212814,19034008.21921373,20319100.748277884,21845600.204645682,23795830.169678442,25605778.08054761
臺北市北投區溫泉路３７巷２８號二樓,25.13384301,121.503422,9741331.557302242,7935086.315068461,8708277.465253541,9671757.132591221,10758115.799683422,12203454.991336148
臺北市文山區溪口街１０７巷３號四樓,24.99615408,121.5375229,13020250.626004508,10540311.725236982,11767790.975032113,12911967.965639237,14029992.748428266,16978192.32780301
臺北市北投區行義路１８６巷３８號六樓,25.1328800176889,121.529889973593,17818338.463139337,13881982.768350573,15593224.882799834,18178334.374273557,21178669.574407533,22787237.247019712
臺北市南港區成福路７４巷８號五樓之６,25.0439800019581,121.586270007112,37620564.70489514,34079389.458443455,36198220.72407673,37803992.871382296,39460046.809404776,40663624.897360474
臺北市中正區南昌路二段２０３號,25.025105,121.523367,13969432.72145066,11693283.109267272,12982851.163654746,14365894.69755022,15609451.787049275,16523119.528033748
臺北市內湖區康樂街４８巷２２之１號五樓,25.0691900006818,121.617209958666,10574722.293453848,7724995.760656569,9007840.718294958,10482385.231018364,12824290.184602866,14715555.133580262
臺北市萬華區富民路１４５巷１５弄２號四樓,25.01862399,121.500323,8566283.290619671,6664331.426389594,8099830.687750411,8857860.472080044,9388106.119875653,10180433.301200291
臺北市中正區和平西路一段５９號,25.026809,121.519707,14567719.928934101,12703714.637224989,13822982.317833334,15007827.974295544,15775107.57335943,16489247.320997564
臺北市士林區菁山路１０６之１號四樓,25.1406006977658,121.552168300085,40666036.330852464,17224001.48068016,37848299.62205835,47863899.02400018,55435825.15396184,63432956.98750364
臺北市北投區石牌路二段３６２號二樓,25.1234600158052,121.525529959018,25127158.255635023,21256463.978911698,22980186.212839134,25378368.939743824,27014393.4979664,29272424.901788026
臺北市北投區石牌路二段３４８巷２１號三樓之１,25.1223100186895,121.524950015137,12599236.97173728,9788608.962477956,11569862.242828755,12812585.84360206,14354034.402592747,16680794.827281222
臺北市南港區經貿二路２４５號四樓,25.0610800064453,121.61440998391,25969279.01012341,22929873.739491392,24370241.84862419,26141682.057599187,27676166.184440702,29053587.26329952
臺北市中山區建國北路一段３３巷４１號,25.047942,121.539749,25524895.809339304,21574257.32978125,23950953.578497224,25953406.037501626,28102394.621934004,30058005.61235308
臺北市信義區基隆路一段３５０號五樓之４５,25.03701301,121.5617294,11323291.438708132,8594267.141050572,10077799.708192745,11629385.280164279,12871264.646793323,14744010.49222745
臺北市文山區萬芳路１０７巷８號,24.99694001,121.561937,48666675.027879976,41405070.50045295,44818972.076510705,48454653.97758154,52707345.40040415,57049928.79850632
臺北市南港區南港路二段１７８巷２４號,25.0543099851601,121.600150019676,9387871.027296875,3670782.518211524,8840741.574274337,10889952.355946282,12489077.068533499,13958023.065451926
臺北市大安區安和路二段６９巷１８號,25.03037999,121.552896,13308602.40009295,10280040.30030805,11955465.869521877,13854913.255953478,15392408.443283284,16411582.40159712
臺北市內湖區環山路一段１３６巷６３號四樓,25.0885200105088,121.568189990506,14522871.322952833,12050321.57652247,13706278.754117493,15153541.493166067,16071721.89854477,16748271.39713862
臺北市萬華區民和街９８號七樓之２,25.02549501,121.497558,21984261.468697626,18333052.61725209,20848460.00714227,22243618.963996936,24741716.533877254,27688421.709443197
臺北市中正區汀州路二段１１５之１號,25.02534401,121.518929,14747028.738980075,9606641.67355044,11730704.482620882,14748959.70665247,19222177.396462668,22045667.22261981
臺北市文山區辛亥路四段１２８之１０號,25.00507158,121.556915,18597510.363069937,16008929.043567631,17715609.909369472,18901888.865049265,20329763.38432462,21913157.581935685
臺北市大同區承德路三段３０１巷２２號三樓之１,25.0756599917429,121.521349987724,14822334.213105025,13030122.114483818,13840151.10978413,14793857.786610126,15902738.18207223,16747861.26349243
臺北市內湖區文德路７３號三樓之２,25.0786499842436,121.582169999174,56610972.80663543,46764001.430159986,52286659.212773904,57165884.84042706,62038976.68347139,66070553.973311804
臺北市中山區南京東路二段１０８號,25.051839,121.532169,25826535.137608867,21503409.36927628,23348296.620022673,25432430.373675704,28410254.995807182,32266485.6098001
臺北市文山區興德路３０巷８號二樓,25.0010699802083,121.556590023244,13928619.727279022,11521231.702716202,12753448.536329217,13890790.660224462,15592992.452109108,17364903.976947427
臺北市南港區經貿二路２４５號五樓,25.0610800064453,121.61440998391,25879765.646442346,22913340.164457116,24342200.100276284,26091134.118814807,27555473.308250703,29053587.26329952
臺北市內湖區內湖路一段３２３巷４弄１９號四樓,25.0831299857624,121.567309974491,16108786.936650904,14857352.319516122,15576281.88554915,16246086.533751687,16887410.723474026,17485548.916701972
臺北市萬華區長順街９９巷１５號,25.03225699,121.490392,10976574.657004297,9255314.183846235,10566039.854767485,11447103.414820045,12294142.207680918,13830445.977587372
臺北市文山區汀州路四段２５３號十二樓,25.00190469,121.5362838,38526420.19210686,34734136.37649368,36586409.00718938,38380124.74941597,40277164.92952039,43409246.62185788
臺北市中正區羅斯福路一段８３巷２號四樓之５,25.031403,121.519855,15645336.465325784,14051811.861114558,14885275.158699563,15772800.685346954,16640857.468269316,17297689.656855613
臺北市北投區明德路２９３號六樓,25.1151400129847,121.52150002379,23208395.022575606,20218983.108556107,22563267.57079912,24317103.15102099,25703992.218380056,27288281.00359615
臺北市萬華區桂林路１０９號,25.03856701,121.500843,21688463.033259086,18979549.398412593,20222886.600675765,21543311.55722415,22713260.474118643,24828025.104485195
臺北市中山區興安街２８之１號三樓,25.0560700171888,121.53827003275,6129610.489268668,5317741.179875349,5820662.825300191,6244690.854250496,6523335.29401334,7027558.598902902
臺北市內湖區環山路一段２８號,25.08510371,121.5649688,87649360.96563227,69352266.49075426,78288200.10327439,86033249.65354201,100604077.81653349,116732455.27855948
臺北市中正區金山南路一段９８號二樓,25.0357799860815,121.527419994365,29558987.57314846,25997525.42000315,28374891.873521753,29939311.808184125,31782023.193874303,33985191.990573384
臺北市北投區富貴一路１２號,25.11476501,121.524203,34028180.33372579,29382982.81634941,31298895.77670088,33690557.46623891,37005663.688678674,41454626.8256041
臺北市中正區廈門街８１巷６號七樓,25.0243800110297,121.520880014413,20037862.251248315,16504393.064844249,18389056.39289839,20311281.595269553,22657610.948364176,25362897.00739086
臺北市北投區吉利街１０６巷７號,25.11793198,121.505722,19093028.976031393,14255172.157152088,18103051.27290048,20682698.192612544,22394013.56538142,23866900.651976153
臺北市萬華區西園路二段３２０巷３６弄３６號,25.02680599,121.491123,7940039.3253530115,6035847.082422753,7647888.272249794,8390849.411972914,9010597.56702025,9635931.16543856
臺北市中山區南京東路二段１０８號六樓之２１,25.051839,121.532169,32482800.1116879,28239927.569620322,30916507.20597314,32816906.863174845,35364546.95498269,38590594.79780147
臺北市萬華區中華路二段５０４巷１號十一樓,25.025500000932,121.508029970111,8799574.152176982,7803682.668793932,8289318.450875154,8811833.601697741,9412994.673744712,9966686.150942726
臺北市北投區大同街２０４巷１號四樓,25.1380000194246,121.499940008624,10399936.733359296,7078836.555810896,8252937.152539283,10146801.66307318,13367104.198839888,15536851.292135967
臺北市大同區承德路一段２３號五樓,25.050695,121.517194,82462477.26015185,67945622.31854528,78762656.1302603,84829510.46650532,89897188.34337609,94043144.53837523
臺北市大安區光復南路６２６號,25.03178458,121.5572752,30559792.333556984,26518678.228191257,28584604.88363129,30741630.816643663,32545535.25259647,35271766.989010885
臺北市文山區光輝路２１巷１２號,24.98583202,121.555471,14040393.791898448,11930136.187703898,13292663.028146284,14235386.828266429,15227896.287227985,16683991.69473061
臺北市北投區溫泉路３７巷２８號六樓之６,25.1364183320774,121.511854603136,7410605.965548391,6179400.833657734,6726473.929537141,7531697.683382153,8358112.898202786,9066838.980969157
臺北市大安區師大路５９巷９號六樓之６,25.0240000174493,121.529139960897,12970519.686383545,11113691.848893492,12023556.254234852,12986756.196375526,14074353.288056081,15329649.147831177
臺北市中正區羅斯福路三段８４巷１９號,25.02125499,121.52596,16441940.584249392,12736719.817781186,14530733.449365765,16656865.638043273,19047488.937604472,21387688.41130751
臺北市中山區林森北路１１９巷８１號二樓之４,25.050319989701,121.527689975466,10735141.115385074,8932173.960447678,10080382.416101819,10947323.229705485,11644802.53799307,12453243.938710082
臺北市萬華區環河南路二段１７５巷５號四樓之１,25.03271598,121.492511,8834143.882092457,7113817.896634545,8239958.821987604,8911773.13526733,9964857.327310478,11088663.521148827
臺北市萬華區桂林路７１號,25.03843801,121.502307,19443591.212624807,15770814.257889902,18470167.42149659,19914476.32273493,21201167.490692884,22495742.05597584
臺北市松山區民生東路五段６９巷１號,25.05903901,121.558131,12735176.060900416,9903736.732738912,11096779.040110957,12675391.79045419,15093923.125965726,16340070.641284527
臺北市信義區永吉路５０２巷５號二樓,25.0449399813288,121.580090029901,10730545.351882363,5638474.903836313,8893409.134471886,12027060.387743533,13836557.20683592,15902777.689842777
臺北市中山區長春路２８號,25.05483482,121.5247678,11453938.464290027,9938441.107759597,10706961.970866675,11450335.476111759,12142158.754767843,13243827.89144617
臺北市大安區瑞安街７１巷２號六樓之７,25.0266652812805,121.539617539946,31591785.886767324,19467547.620449737,23272371.970571373,29326891.556035608,47831744.80303371,53729788.8383469
臺北市士林區社中街２１２號八樓之１,25.0911699911073,121.508510001706,19838183.599759966,13102029.546360064,18325927.045438033,21091472.96465278,23606919.57838293,26665198.266450364
臺北市內湖區成功路五段４５０巷２２弄２０號五樓,25.0750499987393,121.607749975104,33377699.624866422,29684553.64776635,31018564.84371303,33159722.87440854,36228349.28870794,38521357.328818485
臺北市中正區杭州南路一段１３１巷１７號,25.0363399810327,121.52607000504,19843492.799759522,16138696.184944432,18298607.54946528,20659025.708168946,22179287.911170088,23325023.41658308
臺北市松山區南京東路五段２３９號十二樓之５,25.05161642,121.5649724,15522988.578813003,13805670.029289674,14557098.452152982,15440855.040350474,16218204.918256732,17736159.586735457
臺北市士林區通河街２１號三樓,25.08006502,121.523313,26213428.8826725,23464479.988318756,24857668.263521403,26583153.65161052,28636076.71939989,30017417.333969902
臺北市中山區民生東路一段２９號,25.05821599,121.525142,13147923.466820035,10956309.313285708,12138256.465383912,13150330.132655885,14652704.007303305,16345875.837439615
臺北市北投區宜山路２２號,25.1429400197896,121.506639999108,24238021.103308514,13069914.054132968,21275651.29364555,26240781.54886593,30596813.21465438,35103583.73913899
臺北市中山區北安路６０８巷４弄６之１號,25.081385,121.549309,28623218.21195967,21002781.208043944,24940299.79639981,29698920.88729938,34572130.15571229,37899376.0912082
臺北市信義區松仁路２０２巷７號二樓,25.027189,121.567935,17938133.74740508,15569607.771411639,16664396.769738374,18006902.52552565,19262807.485644713,21046573.49640724
臺北市文山區興德路２０巷１０號,25.00078054,121.5562835,18387346.93654742,14897584.292665372,16752492.272736028,18585653.538048033,20448418.50034465,22479142.714685667
臺北市文山區興隆路一段５５巷１３號四樓,25.00402841,121.5416332,15600813.721846605,13525028.238528203,14940595.790889038,16135918.599131662,17299128.958595708,18789436.343310572
臺北市中正區仁愛路二段６號,25.038076,121.525552,100695350.39711827,82521797.72472323,89573320.8570157,98389847.51601738,109753555.77874747,125781224.22937873
臺北市文山區辛亥路五段７１之１號,24.99820798,121.553286,14078955.410250865,10553617.213428184,12248161.218790859,14348859.280493066,16211650.16217288,18098741.8667465
臺北市內湖區康樂街２０巷６弄１號四樓,25.0684399879856,121.617659983047,12503477.113100681,9530075.156478312,11372984.287326297,13192847.364533886,14324375.975539483,15147187.69436463
臺北市北投區中山路３０號,25.13748499,121.510544,3286533.641862236,2930261.1002326454,3055864.2129656263,3234797.4056746946,3484067.4693305935,3691904.002023106
臺北市內湖區成功路四段６１巷９弄１１號十四樓,25.0812699995382,121.592300032076,27706911.986947443,24553816.31093454,26057944.237713113,28135362.7381564,29781863.76829329,31478344.932222627
臺北市中山區中山北路一段１０５巷１２號八樓,25.0505799963374,121.523649981955,25006846.416994985,21086688.130025394,23146761.235741735,24809529.32418045,26885272.679300047,30124280.936091572
臺北市北投區溫泉路銀光巷１３號,25.13653801,121.513706,9030747.391357891,6430981.131722117,7841416.110612853,9234097.305543542,10512554.285626076,12288283.201355282
臺北市松山區八德路二段３８３號十一樓之７,25.0479800137915,121.545149982695,9544106.195376666,8368314.448128645,8849963.344094561,9618296.382730471,10295199.073428506,10711274.792123986
臺北市萬華區青年路１７８巷１４號五樓之２,25.02036998,121.502462,5387054.28249532,4801045.445404992,5125550.813062696,5389533.2107661795,5726187.461594593,6233811.215459196
臺北市信義區林口街２４巷４０號四樓,25.0378200155859,121.580729988208,15648087.30971134,13766198.328753067,14907474.743196776,15721338.158303604,16665402.057651164,17801100.397781365
臺北市中山區長春路２２０號七樓,25.054619989849,121.537680030585,18696615.324195337,14468899.31986374,16759949.748260304,19372241.119420566,21523992.79515835,22965395.74112438
臺北市文山區興隆路二段１５０號四樓,25.001382,121.550978,5252191.053958621,3622464.5432079346,4322600.1213702485,5159116.226847488,6104549.679795902,8343972.057120114
臺北市中正區寧波東街１１號四樓之３,25.0329099805248,121.52006998729,13466208.655505173,9032865.961301347,11598718.627544556,14678856.08711457,16115109.726449968,17372941.284159005
臺北市中山區長安東路二段２０８號十三樓之１,25.04818499,121.541917,34483099.556907326,30876787.48177083,32416293.03167456,34239867.854463086,37051327.59746094,39766083.47192236
臺北市內湖區行善路３３３巷８０號五樓,25.0611800025502,121.586030033224,71124803.00594355,54913945.51810181,63367691.57679071,69452591.89683138,77336119.08910736,91840610.19210677
臺北市內湖區安康路４３４巷２０弄３０號七樓,25.06695199,121.615643,7835749.404582919,6690147.026895033,7544925.056849562,8144838.805544319,8650196.697773848,9174906.389156435
臺北市信義區景雲街５號三樓,25.0198500114585,121.574150026578,56454677.14727577,45980377.87683402,48481001.42582264,52814982.65787887,63290494.36677359,70017100.390378
臺北市中山區農安街３３號十樓之１,25.065020003852,121.525129974599,18743879.384453557,16461113.965373505,17070792.21652551,18066684.246260494,20168377.65273735,23624872.91226552
臺北市南港區成福路１６８號,25.041571,121.587594,9315306.720927121,7191814.373397492,8705944.01502087,9888614.544591572,10654239.272597257,11414515.392394342
臺北市中山區樂群二路２６６巷８６號三樓,25.07793002,121.56212,51710036.44160691,36167183.29950613,50816335.90534454,61037980.62167358,67138878.4975283,72415034.93340479
臺北市北投區大度路三段３０１巷２８弄９號四樓,25.12260598,121.465738,11729564.89295628,8052498.923514899,9897556.540959576,11738544.109177053,14447671.752908552,16642641.751398375
臺北市士林區天母西路２２巷１６號,25.11762519,121.5272514,33903347.796664745,29110997.509214982,31591094.300523013,33652872.19016774,36608956.77039817,40021039.773607895
臺北市中山區新生北路一段１０８之３號五樓,25.0496430869314,121.528391941235,6195572.001265906,5453878.918792004,5864203.569051089,6221578.919112075,6505315.314408268,7123815.572245217
臺北市內湖區江南街６５巷２５之３號,25.07712699,121.578063,21922827.299488395,19398939.5082167,20572826.428978056,21921663.526289348,23605410.02014125,25087393.11458722
臺北市南港區東新街１０３號,25.046733,121.589751,17388011.864961583,9320282.63127166,12730405.726550529,17216969.46806375,25686365.972422402,33684112.262989946
臺北市北投區明德路２８９巷８號,25.114858,121.521607,16317902.726575153,14272530.223766034,15931398.730406592,17222983.798946574,18297658.208806995,19440715.721430987
臺北市信義區吳興街６００巷６０號,25.01980299,121.570294,16167173.410056604,14034292.36731575,15276195.961315572,16231875.296629725,17353010.511320226,19363498.743099734
臺北市士林區福華路１２８巷１２號五樓,25.102892,121.523221,15056851.396358466,12074681.013874838,14583528.605448898,16020735.606282763,17688215.28757219,19467273.37024339
臺北市內湖區陽光街９２巷１８弄５號五樓,25.07583899,121.585489,12645313.017752377,10740553.200369103,12590887.852530718,13484690.172970735,14306517.66915813,15159222.070107678
臺北市北投區天母西路１１５號六樓之１,25.11901199,121.523341,68945727.7234393,62726324.592647254,64774879.34872545,67653353.63154255,73152109.01382975,84409377.34195748
臺北市信義區松山路６５６巷８號四樓,25.0311600067798,121.577809984599,14032182.735094985,10998977.24464611,12615045.157835785,14784271.723493848,16194490.266154144,17180699.574625064
臺北市北投區石牌路一段１６６巷２８之１號,25.11398978,121.5137629,18691972.66170894,16304615.816474544,17304370.74257704,18579953.041485995,20429273.14946745,22990373.65064975
臺北市大安區建國南路二段７９巷１０號,25.03071799,121.53865,29682351.86242772,27391544.672009252,28465699.90227207,29599926.96932307,31089306.939600945,33139896.257369258
臺北市中山區四平街３０號五樓,25.0535800052125,121.531940019472,15817707.951553902,12960536.758945495,14877628.940402668,16226222.274824146,17527252.493285872,19424520.759959526
臺北市北投區三合街一段８２巷７３號三樓,25.1286000083799,121.504330030412,23835754.478671,20488027.999865837,22222005.768816024,23762269.536763966,26016355.517577678,27875426.94851378
臺北市大安區光復南路６８８號十一樓之２,25.0299600116117,121.557220007087,33221074.966033522,27832313.25234764,30479819.379565578,32782293.09215826,36379354.60868149,40670046.238929376
臺北市中山區樂群二路１４８號,25.0795600074714,121.556980033199,31461803.616346408,29166954.620221544,30203969.014020827,31612883.574237492,32693556.226568487,34043414.850766584
臺北市士林區德行東路２６６巷１３號五樓,25.1094000018711,121.535420018032,19530316.418274507,15838819.819871254,17935183.88676493,19728427.733486168,21504562.969469085,24018995.38548331
臺北市萬華區環河南路一段７１號九樓之２６,25.0450199865946,121.501919981792,2805520.71013283,2396129.5445392192,2571892.2462868043,2786991.7841196894,2987751.523803291,3315564.726236684
臺北市中山區建國北路二段８９號六樓,25.0585700036299,121.53730996956,8375700.617082868,7366374.593323462,7864072.424627476,8410085.84733644,8978398.965134615,9771468.02803744
臺北市大安區和平東路三段３０８巷３９弄２４號,25.0190100190318,121.555930032188,6062866.092459293,4896965.886448597,5511083.935107346,6209189.316190103,6756049.232126154,8009298.946794999
臺北市文山區辛亥路七段５０號,24.98479731,121.5543358,7853294.881363118,4787315.007381907,5904823.177731586,7828161.061562445,11161032.504762888,13079007.54102467
臺北市內湖區瑞光路２３５巷９號六樓,25.0733215669419,121.57972380189,18806274.72728304,15703478.939232614,17210286.636938404,18997223.105828825,21004192.87325674,22667875.58227414
臺北市北投區吉利街１７號三樓,25.118165,121.504448,15728043.918488698,13651724.308324683,14845128.635622839,16155747.342672974,17492294.038690463,18822799.290796265
臺北市中山區農安街１９號三樓之６,25.0648599933204,121.532809977202,11528407.890863653,9456152.18894866,10761474.345622474,11860235.437273927,12681989.990496412,14358134.21306384
臺北市信義區虎林街２３２巷６６弄２號三樓,25.0358200096692,121.575660026435,17034426.385704845,14895925.489227675,15807923.481799891,17080972.258735105,18365659.543475088,20067246.37278486
臺北市中正區臨沂街７５巷１７號五樓,25.03472898,121.529045,15988758.8155102,12023287.115092045,14994639.272652753,16548288.450174836,17840797.239329956,19300238.79596726
臺北市中山區農安街１０之１號七樓之１,25.0648400024813,121.523570018599,13520558.279738117,11948746.15323057,12754804.533619953,13627935.027665824,14467233.700800512,15099441.412845585
臺北市松山區南京東路五段２９１巷４７弄３９號三樓,25.0537100085307,121.567190029457,19480487.722157903,16974527.307518225,18263420.32120348,19442732.496803228,20661448.12493657,22083823.242522214
臺北市內湖區內湖路三段６０巷１２弄１６號,25.08831302,121.591882,15079755.952258889,13122089.547913775,14570525.705139386,15532869.251806485,16348014.3906153,17044497.183474407
臺北市文山區木柵路四段１５９巷１６弄８１號,25.00402401,121.576534,59605404.95381568,43381468.33530355,48907106.34923339,54889595.41104864,69616868.4590155,115707572.58707497
臺北市北投區溫泉路６５巷１０號五樓之５,25.13551902,121.504398,14416493.34800822,10694128.63070327,13200824.115889113,14850278.121464126,16944447.2619718,18811152.037186854
臺北市士林區社子街１２８之１號二樓,25.0881499913932,121.505099992037,8083331.513470637,5782659.741787657,7492988.004227188,8516236.462492282,9254149.594246645,9723616.81756787
臺北市士林區中山北路六段２９０巷１７之２號三樓,25.1098400098783,121.526179975609,21964877.9590559,19935459.2110372,20803107.113314107,21829817.470551092,23107041.89572599,24829856.229375847
臺北市松山區復興北路８１巷２７號七樓,25.0512699946069,121.5452499788,15172162.819574758,6874816.247568509,9437665.895104239,13114690.104532346,30599862.94528041,34954309.03847819
臺北市北投區自強街１２０巷１５弄２３號三樓,25.11065301,121.516751,22836233.24597343,19957930.23028114,21306461.767532956,22553910.25146161,24698955.992611267,27491011.206140965
臺北市中山區中原街４６之１號四樓,25.0576300150983,121.528809965369,16278659.855371716,14058065.524880495,15177532.31967431,15957306.553041229,17024919.017534934,19525741.919273585
臺北市中正區廈門街１２３巷２１號四樓,25.0230599870081,121.518290006331,8859615.205101518,6575947.28294729,7888901.020418805,9005346.800395854,10148236.192844614,11117109.5518634
臺北市中正區齊東街６４之１號,25.0418499927231,121.528060036492,20589903.049143277,16745134.808076983,18367878.487879872,20600563.347608346,22896467.157352034,26245663.925313592
臺北市中山區林森北路４１６巷３號三樓之１０,25.0599100184906,121.524869967962,6485776.529706674,5503999.057192475,6127384.337904225,6466477.984926722,6985600.868079193,7555627.772035418
臺北市信義區松山路２８７巷８之１號三樓,25.04281701,121.578498,21495734.344006248,17840992.92602344,19434845.759255752,21347959.29836177,23859394.19318349,26584780.86091964
臺北市大同區承德路三段２３７號,25.07086701,121.518741,43177997.83111886,36444688.14225839,40625007.36730664,44567060.0465954,48293706.792256005,52114392.56696815
臺北市萬華區康定路１０３號,25.039507,121.502048,28945734.99658199,22575272.152295295,26420996.23621592,30422249.26039041,32510774.435240254,33688627.23916417
臺北市大安區羅斯福路三段２８１號八樓之２,25.0179699924858,121.531440038947,28610664.88292352,25702069.80039497,27555095.451097608,28856529.732315727,30204625.116868764,31896508.05123344
臺北市信義區松山路４６５巷４４號二樓,25.0401799823345,121.579679987198,19942138.927931037,16782806.27650446,18244011.005965088,19845822.09048654,22011665.30113448,24170629.36510523
臺北市中山區農安街１４９號,25.064919,121.530918,20039742.474300176,14466356.188077495,16342896.890755162,20448002.622210156,24238430.50428247,27227088.43144206
臺北市內湖區成功路五段８３號八樓之１,25.0738600199455,121.605319977554,9672034.653047618,8370473.245831076,8842419.902293604,9548515.861512141,10665571.305981785,11788446.741711756
臺北市中山區中山北路二段７７巷１２號二樓,25.05738602,121.524161,24861208.0058086,21309770.62410103,23138246.570898347,25126694.69094982,26687591.024607934,28930004.114639312
臺北市萬華區和平西路三段８５號十二樓之６,25.0353699852877,121.50165000069,16718211.149817487,13210930.666213766,15212510.13489047,17121606.027552653,19239258.618836045,20550457.24141414
臺北市北投區立農街二段２９４號四樓,25.118518,121.516494,12015514.889799235,9209728.898351999,10938396.684376363,12380734.176812312,13901298.926981336,15885864.391886467
臺北市大安區羅斯福路二段９３號,25.02517001,121.524145,13193840.603493756,10242556.99313842,11730577.778624754,13555369.831294013,15028737.707970476,16730631.501758834
臺北市松山區復興南路一段４７巷１２號,25.04560001,121.544686,26968863.391854413,21743004.787590824,24997897.854695976,27409641.918415748,29964576.06338288,32420490.881996255
臺北市萬華區西藏路２５１巷７號四樓,25.02824101,121.494105,11332802.785956733,6865741.104969057,10561955.184175353,11895231.894275203,13614473.756510403,15576644.305642597
臺北市中山區德惠街４５號五樓之２１,25.06674299,121.526995,9706048.04972214,7980163.972064251,9062999.406733919,9928122.153669057,10752614.060647907,11806121.319397058
臺北市大同區大龍街９１巷１２號五樓之９,25.0672200019784,121.517030038646,13722224.665345412,12433290.320191748,12949100.796238622,13693964.911537705,14377336.82873514,15140040.430753686
臺北市中山區新生北路三段６８巷２５號,25.06623898,121.526693,3137920.159341527,2329380.3572422178,2664994.8828630755,3005355.4236250003,3799761.9843557486,4450606.795415614
臺北市大安區臨江街１１８巷１弄６號,25.030102,121.5537,4755849.723778688,3347427.5047364314,4352838.473086953,4913987.735972601,5480756.855607848,6264809.2402749425
臺北市大同區重慶北路二段６７號,25.05573801,121.514184,20085892.960836954,16539773.486664563,18962131.184667353,20535231.623379946,22615488.16685593,24313867.52514831
臺北市內湖區星雲街１６３號五樓,25.0810799817932,121.59686003886,20919194.262878608,17191863.579595987,19606870.65498582,21346572.290545635,23169916.583087903,24741070.06535878
臺北市北投區紗帽路１１６號十樓之２,25.1507299929628,121.54737001357,9908589.06830533,7474438.811943364,9168034.842848556,10308087.02511516,11249410.525902238,13177709.81417536
臺北市萬華區武成街６２巷４５號,25.01993798,121.495286,3872673.872973405,3039846.9272626154,3255270.992284155,3633288.193638599,4354531.082093741,5418067.300915802
臺北市信義區富陽街７２巷１０號四樓,25.0219000154277,121.555889966691,17623315.75025483,15031721.314181319,16236356.870180253,17604530.038806237,19049664.344523653,21459148.765332103
臺北市文山區興隆路二段２２０巷５３弄８號,24.999419,121.551849,13225709.81111836,11083890.010993887,11877488.278688516,13146538.98666799,14742618.837311888,16245407.077500015
臺北市信義區松德路５６號四樓,25.0387700204918,121.576439962525,23092810.03970616,19996845.04841517,21450773.57740407,22963601.934228085,25135716.933540262,27640041.649377547
臺北市士林區延平北路五段８３巷１６號二樓,25.08104302,121.51,12167485.090278229,9639320.825975586,11081745.348940954,12346580.60364931,13873917.271038298,16213073.475402402
臺北市南港區經貿二路２３５巷６０弄２８號四樓,25.0612999894942,121.614920022718,41218777.5826074,33461396.8901915,40257970.63055152,45221261.770077944,48790029.18496822,53575427.4991903
臺北市北投區杏林三路１３號,25.14111599,121.498287,9977985.514489083,8213734.022238461,9009437.881681485,10237934.112008307,11290625.938552715,12019780.200669393
臺北市中山區八德路二段２６７巷９弄２號五樓,25.0473700207879,121.541439984712,14657209.614026027,9975631.764989069,11525865.456429878,15151104.945822168,18286959.134464297,20750217.552030202
臺北市文山區秀明路二段１１５巷１２號八樓,24.9911300069611,121.578120031198,27175510.442644663,23570937.93556037,25709042.99755225,27092307.29777856,29289527.624492507,32509190.156175274
臺北市北投區文化三路７號,25.13763499,121.497278,19786597.95383626,14800137.386787914,16762316.677997021,20093918.039930485,23469042.32019802,25736267.82053501
臺北市萬華區青年路１６８巷４９弄５９號二樓之１,25.01936009,121.5017156,6890546.485823003,5276399.658882534,6011072.067501452,6990888.335807198,7874008.363885045,8757409.872874701
臺北市大安區和平東路三段１巷１０弄５號四樓,25.0253000087223,121.546090013136,64519481.9580786,52477390.76945399,60499341.13542026,66169124.1281684,70031506.59552097,78458312.55192854
臺北市內湖區東湖路１１３巷９５弄１０４號四樓,25.07365999,121.615119,33846414.263113804,24745886.687371526,28431092.09889683,33602693.31414162,41896206.76066226,48399827.21365001
臺北市文山區忠順街一段１１９號五樓,24.984297,121.559962,12994631.388485176,10633278.601946317,11803782.620750412,13136702.42693196,14775249.098853286,15793272.64505676
臺北市內湖區安康路２６９號二樓,25.066494,121.614348,25978476.396849032,22626324.868027955,24142880.23035159,25989568.888652038,28120516.008038256,30416356.769634493
臺北市士林區延平北路八段１８７巷１弄１６號二樓,25.1055499841951,121.481690007021,7627791.916839767,5098736.001786536,6771816.84715499,8339721.584391542,9143527.215600675,9722870.854679128
臺北市南港區東明街１巷５號五樓,25.0563899963425,121.604989982026,10667654.083075086,6439164.523773778,7970894.974799489,11277870.802311938,14810617.166990066,16103773.236473175
臺北市文山區政大三街３５號,24.985951,121.58191,14214784.166432694,11473022.263841767,13071486.144091807,14446837.387745813,15649907.347627549,17648235.907483492
臺北市松山區光復北路１１巷９５號,25.05045301,121.562287,34573559.36727291,29467406.834626302,32710257.563228287,35749593.016600475,37879381.3164796,39771437.09247738
臺北市內湖區新豐街８２號三樓,25.0603499845883,121.583819976814,19906518.223965064,17119398.635034546,18344699.511916474,19903178.150079694,21663097.398782384,23093244.05698738
臺北市中山區建國北路二段５８號十七樓,25.0541500165379,121.536449986294,83485627.44824894,64649804.30930777,71977010.02556658,84821815.14835447,96218995.1011796,106125576.44526449
臺北市萬華區富民路１４５巷１５弄４８號,25.019223,121.500269,12418824.9242649,9169518.816503705,11370500.839987807,12848282.433730446,14331270.324545298,15889965.11299399
臺北市萬華區民和街１００號六樓,25.02548299,121.497528,21776054.953601606,19066761.812558897,20478734.988658775,21905216.178241633,23438969.37880343,25218495.376794044
臺北市中正區水源路１０７號十樓,25.0213699857804,121.518320013545,22188286.458780516,18545410.41539056,20979816.832043573,23107176.323960774,24885206.917757023,26301813.413021944
臺北市內湖區成功路五段４５２號,25.07452701,121.606908,42887422.10553895,38445116.77036694,42258272.30849017,45407090.98658184,48459704.75305582,50776978.12138754
臺北市南港區福山街２巷１弄１４號,25.04540698,121.616563,15057524.231574964,8908776.346356697,13386239.054850433,16483397.819082014,20053915.978286058,23076284.986471254
臺北市內湖區陽光街９２巷２５弄９號,25.07586698,121.584732,16594815.216216834,13984482.644524612,15663337.804078443,17098076.302400064,18301764.884511337,20026965.821051158
臺北市文山區景福街１２８號六樓,24.99569001,121.53613,18748319.008103095,14531670.64367022,17600774.48536681,19559716.16019407,21925259.590202957,23791034.623867452
臺北市士林區忠誠路二段４０巷１４弄８號三樓,25.1106199878783,121.529670032454,12885339.947604956,8636368.253647024,10115243.276012387,12843185.843429092,16841549.65349625,18770418.61796737
臺北市內湖區成功路二段４８６巷６號,25.07303302,121.589206,30341088.51385987,25863474.493806455,27882483.76165764,30761599.326622676,33102717.260378677,36382312.59096748
臺北市中山區新生北路二段４０號十六樓之６,25.0547100114891,121.527280016582,15673860.794998022,13174395.98298247,14874265.782804556,16104384.10991799,17117923.086305466,18753243.479637492
臺北市中山區錦州街３３６號三樓,25.0601100107004,121.538749980525,20282062.075703956,18090446.873202134,19262144.791364912,20335430.858616777,21888565.411074184,22751295.927484013
臺北市文山區興隆路二段２２巷５弄２號,24.998297,121.545868,23358228.61963148,16369792.794633688,20658780.80564959,24479958.91179874,28395331.792211015,31143398.08400449
臺北市松山區健康路３５巷３４號,25.05577598,121.553795,27902902.333180167,22879287.115042232,25797213.76637056,28660362.6057084,31058787.247281987,33278677.530900013
臺北市內湖區康寧路三段９９巷６弄２號,25.07189899,121.610028,17306245.11701981,15547675.783567892,16515148.46510418,17447786.996692218,18373586.56909613,19379672.65738075
臺北市中山區松江路３３０巷２４號,25.06108789,121.5320641,21609612.844286613,18659282.477637324,19785649.38756922,21399183.665658403,23229117.574153125,26512230.63260702
臺北市中山區新生北路一段４７巷３號,25.0480199954696,121.530270009083,20478945.42082325,17494146.22028911,18931241.1629337,20303229.157447822,22110276.044844385,24232658.81227648
臺北市松山區民生東路四段１１２巷３弄１７號三樓,25.0574700045667,121.55512997953,27981878.20223502,23673335.503610827,26345909.414499402,28382171.553262364,30204556.094047137,32859824.257896148
臺北市中山區松江路６９巷６號三樓之２,25.04927099,121.533715,29438349.398334883,25919100.389511637,28165516.41590351,30012166.124438737,31782023.193874303,33606761.83807435
臺北市士林區東山路１００巷３號,25.1133700064911,121.539120041551,16103243.868125876,13750836.780878978,14908693.026958829,16405366.351920806,17742064.45585527,19023829.440769706
臺北市內湖區安康路３５０號七樓之１,25.06591301,121.612136,18001200.63459294,14650739.879856864,16888601.797699854,18356539.249987043,20108787.37521473,21749188.99181585
臺北市中山區德惠街５２號十樓之１０,25.0665699853872,121.527189994942,5687652.433015337,4720851.296711978,5324884.489180258,5886246.2319689505,6257472.009211202,6510741.070890304
臺北市大安區羅斯福路二段８５號十一樓之２,25.0257699820333,121.523600025812,28570075.99001246,24732438.538013935,27111990.747655906,29048350.205333047,30518045.295837782,32221416.667220175
臺北市中山區北安路６６９號二樓之１,25.0845860377776,121.557130321435,19269586.246424906,15883099.37928843,17763407.597511932,19924415.291855153,21399692.230697952,22961230.46033382
臺北市萬華區漢口街二段５１號十樓之６,25.04586798,121.506388,13279239.496043582,11838814.31037134,12441684.579104312,13378461.044328492,14200678.974580964,15143771.419312224
臺北市大安區樂利路９５號四樓,25.02543802,121.552293,21254100.098992195,18694544.648139432,20413060.123340555,21642894.120271176,22687230.520198517,24332392.924875177
臺北市文山區福興路７８巷２０弄１５號三樓,25.0044700154124,121.551289978228,11545048.553229002,8044273.3865106,10383088.478934035,11943311.882736184,13478594.160401981,15168912.779698154
臺北市松山區民權東路三段１０３巷１２號三樓,25.0630399887744,121.544919983272,17778441.141628,15629107.926380515,16512575.125408893,17627691.59241466,19055019.679559007,20877528.320770442
臺北市中山區民權東路一段４８號十二樓之１,25.0625214,121.5241012,13845856.476916527,11717028.491715364,12614050.955771685,14000733.411301661,15230822.315466262,15840545.966140972
臺北市中山區建國北路一段７１號,25.05112901,121.537191,49065391.98677111,41347839.583650745,46089088.84445408,49470134.74721379,52987114.51608058,56635345.51820683
臺北市松山區南京東路五段２３０號十五樓之７,25.0511399912886,121.565729985743,20182843.254494987,17574937.69744989,19224957.358645335,20345640.470994465,21672390.65204031,23292816.527508646
臺北市中正區晉江街９９號,25.02359199,121.524029,13095275.35270444,9898498.579984767,11237928.90111129,12943408.881777784,15259149.19159384,18327948.824407037
臺北市大安區泰順街４０巷２１號二樓,25.0243800110297,121.530059958589,29940823.667686027,25479689.42031252,27598277.33305242,29320221.902296215,31873044.378610656,38268722.142794594
臺北市松山區八德路四段６２６號七樓,25.0498299836413,121.574199982721,9356431.387234505,7112356.75216848,8702687.585101768,9802924.445231602,10814584.298489034,11747266.461447507
臺北市內湖區內湖路三段３２６巷５弄５號,25.0899736,121.5842087,14345157.869516417,11468139.769691866,13609392.755640943,15057880.590474937,16685388.241566176,17786558.856319875
臺北市文山區辛亥路四段７７巷６４號,25.00768892,121.5609511,15096831.719674088,12871501.852898546,14182292.333803616,15382905.206408547,16806586.743466046,18246261.619829368
臺北市信義區信義路六段７６巷２弄９７號,25.032539,121.575769,19377817.379869338,17274537.646954443,18184915.523424927,19268855.202419117,20832822.422789615,22667801.24595055
臺北市內湖區成功路二段５１０巷９號二樓,25.074101,121.589151,14779336.463696096,11717181.846489973,13634340.959655967,15097343.05976265,16343370.82788082,18756603.47379377
臺北市中正區廈門街１２３巷６號,25.02294499,121.517832,12551272.746982593,10304062.086152151,11713224.923554746,12783761.723418426,13819428.903900096,14722814.897550387
臺北市內湖區民權東路六段１９１巷５６號二樓,25.06932658,121.5985339,20742765.173032247,15814178.544004442,19807886.19338847,21913245.397219054,24234201.407441396,26133793.18656308
臺北市北投區知行路５巷１號,25.1182795,121.4663603,14154904.694133062,9701045.192035403,12274470.646697978,14479778.479589531,17108710.94090034,19963981.838434096
臺北市中正區南昌路二段１４２之１號,25.02508899,121.523074,12864192.7055668,11113691.848893492,12123770.725004517,12986756.196375526,13826106.228931425,14921311.904174527
臺北市信義區信義路五段９１巷１２弄１號,25.03372659,121.5714009,20785888.742520798,15622590.063873695,17846790.24410157,21322372.90919488,24412030.118105307,27220932.412703186
臺北市士林區社中街４４４號,25.09157999,121.502066,10394943.36302107,8360644.014079824,9793386.75420214,10951362.086536879,12061269.357685357,13383565.979969302
臺北市內湖區內湖路二段１０３巷１１９弄５號五樓,25.0843399973048,121.581159979841,9419149.170255156,7422515.568948019,8527847.922454165,9735431.098822437,10961667.739609707,12122001.29279089
臺北市中山區南京東路二段１０８號十四樓之１５,25.051839,121.532169,22213568.819280498,16256976.874228645,19682061.74004524,22157903.2569153,25605601.13233512,31000886.418083508
臺北市文山區公館街２５號五樓,25.0052800006258,121.537680030585,14798333.81670669,12592002.639686363,13883538.873642616,15082023.93319367,16092119.770062638,16847581.845584698
臺北市信義區吳興街２８４巷２２弄７３號,25.023515,121.561631,18381473.819777243,15537316.776171377,17157395.64578462,18569441.309486363,19825521.649417263,22035643.927356347
臺北市大同區南京西路５７號十七樓之７,25.05304398,121.519385,27805575.12175805,20449063.892799348,24066974.218253497,28474489.717589617,34323660.502589,37425081.14321617
臺北市中山區民權東路二段９２巷７弄２２號,25.06062399,121.532301,236802.83378087793,73230.26579646292,208796.24917816283,310226.41201215645,388083.09408325166,474089.5500456371
臺北市萬華區環河南路二段１４９巷１號,25.033603,121.493094,9352132.682249183,7695457.35663619,8691434.938502464,9410797.660397008,10204900.931180758,11498873.496137537
臺北市信義區基隆路一段３６４巷４９號三樓,25.0355100049803,121.558939973618,8873801.080545237,6677454.030846344,8037776.648410648,9311174.542769495,10343809.866954308,11023349.695476918
臺北市北投區吉利街１０１之８號,25.11853799,121.506004,14785362.997614887,12572250.632013455,13762887.280639116,15114406.815575317,16487761.634317754,17494294.46390208
臺北市內湖區文德路２２０巷４７號六樓,25.0774799962889,121.588179991389,27799910.248780597,24104564.64114,26376078.04539372,28801368.747872878,30154374.09642342,31354316.600249764
臺北市中正區忠孝西路一段５０號,25.04622799,121.515827,13106699.208763301,8752505.906666331,12127019.93623253,14150535.83859703,16076212.422547394,17686708.546716347
臺北市文山區光輝路９之１號,24.98633698,121.555033,13301574.800436765,10805995.872281736,12847230.474911902,13950977.910735007,14672450.208982514,15218858.703497723
臺北市文山區忠順街一段７０號,24.98423199,121.560808,12939942.888099536,10275799.417216102,11558924.989656867,12735784.184915513,14742861.153196884,16638133.164462518
臺北市中山區中山北路二段１１６巷１２號,25.06091702,121.521396,15129392.79081005,10076405.22797996,14552743.167795943,16460450.502967827,18262210.241518606,20000749.637921646
臺北市大安區敦化南路二段１１巷４２號四樓之３,25.0324700144271,121.550850012131,17579896.590617213,13735820.98703222,16159474.94340556,17994263.14635307,20354033.691537227,22232939.94562532
臺北市士林區福港街１８巷１５號,25.09081301,121.517672,17443923.89400919,14540851.14394563,16589566.347280743,17805267.84256174,18958621.178763565,20224103.965482745
臺北市士林區士東路４６巷２９號,25.110715,121.527883,19084030.37792202,16852688.799422015,17982768.950442635,19386367.686524637,20487741.562431645,21650879.17938245
臺北市中山區中山北路二段６２巷８號,25.05664699,121.522076,15517400.87742626,13522299.292426495,14451217.041850269,15520577.275900621,16390100.772592073,18038871.505084354
臺北市大安區通化街３９巷４９弄９號,25.030979,121.555627,9893689.16929905,4518251.578207643,5988709.978874156,8507540.839316247,19132978.31410358,23763036.80566897
臺北市中山區林森北路６７巷８３號四樓,25.048172,121.527025,22685178.208976515,19379257.246378716,21023523.598567113,23045312.957269378,24805255.14192296,26684357.560511723
臺北市信義區忠孝東路四段５００號五樓之５,25.0408499897648,121.561959973332,70370157.62911826,57646628.33808931,63588086.523964494,68532027.53113891,83697149.77276693,91510547.69235829
臺北市文山區景福街１２４號二樓,24.9958499823678,121.535910024092,15619171.408580495,11899269.07162264,14323979.084168524,16399721.499330396,18113630.10717096,19514102.20965041
臺北市信義區松勤街９號八樓,25.032172,121.561022,26696070.44914148,21185368.05731082,25219446.68891869,27485826.182118893,29467899.075891457,31999778.565777298
臺北市信義區忠孝東路五段７４３巷１５號,25.0436399900558,121.581349997586,18695860.826384395,14995522.206001155,16078123.888489615,18150850.581864692,22934232.54029361,26322904.154630028
臺北市內湖區安泰街１１４巷３０號,25.077531,121.616093,45710542.18765295,34711508.77037731,39431135.51605627,43862751.633019835,53776705.80544396,71476299.82235274
臺北市萬華區民和街９８號十四樓之１,25.02549501,121.497558,32327250.073281545,28792849.807713725,31034837.383600857,32518713.55897726,33989823.143859304,35315188.35280204
臺北市內湖區星雲街１３８巷１弄５號,25.07975501,121.595542,18460445.507641967,15981321.72558009,17133467.556812827,18717715.71108345,19806868.60519717,21352185.437907152
臺北市內湖區成功路三段１７４巷１０號五樓之２,25.0809900020626,121.590540000047,21391228.832461976,17359903.208829347,19803032.00189827,21751927.871160053,23949502.95701788,25392695.876706053
臺北市士林區承德路四段６３號七樓,25.0813199975907,121.523310011962,30448614.97051864,26662091.736207336,28985052.314509857,30568360.62874216,32754000.786984134,36936314.096607246
臺北市內湖區康樂街７２巷１７弄３９號,25.07057901,121.61704,10421410.70196514,6914286.589312886,8353524.064376405,10495956.563143883,13513531.651750848,14687796.508661184
臺北市中正區汀州路二段２３１號五樓之３,25.0233399844837,121.522880020329,21012490.983200528,17636438.29356229,18993428.85780152,20761883.891222738,23214203.816841844,26142369.316257797
臺北市南港區福德街３３９巷３弄４號二樓,25.0386799988517,121.58912002183,14744853.296382023,12926488.019867988,14102976.88436563,15064356.46965952,15860103.52714854,16962787.531322192
臺北市北投區行義路５巷４號二樓,25.1245899801723,121.525640013407,27213379.468197923,19713504.273072116,24073929.56380234,27533916.219448473,30751952.599996015,37491581.359533295
臺北市信義區崇德街３８巷２７號二樓之２,25.0235699839068,121.554379966834,11307291.32953469,8416869.787676187,10357964.464600038,11545775.363637626,13037466.515266752,14240864.334564717
臺北市大安區仁愛路四段３４５巷１５弄１３號四樓,25.03914,121.554435,38402163.00945101,35370861.33843544,37328449.63716301,39000592.87763047,40487333.734905995,41724017.01007958
臺北市內湖區內湖路一段７０９號,25.079472,121.577463,77047189.2955043,62462852.81873636,66258445.36054817,75972985.49208122,83076359.99597482,99799230.65296856
臺北市文山區忠順街一段１３１號三樓,24.98441698,121.560514,12020806.699722994,9722843.694240429,11223446.829817321,12435790.625990992,13746273.96756474,14547755.074584903
臺北市大安區忠孝東路三段２５１巷８弄８號,25.04290699,121.541259,19573190.14074521,15570685.297187708,17465752.829536732,19648998.846449696,21544701.18382457,24953136.999043312
臺北市中正區博愛路２２３號二樓,25.0339488501658,121.510681361198,362127645.30745786,216236491.36779198,362134882.1415729,428414608.21533656,474599487.7182301,521953520.0261081
臺北市信義區虎林街２２２巷４４號三樓,25.0366600020959,121.576129999746,18477638.45042957,14042061.353371073,16106507.357315814,18963268.402594537,21133919.46439294,22909179.958703935
臺北市中山區德惠街５２號,25.06656982,121.5272006,5923428.484358013,5141504.709145525,5627113.486456124,6037657.781643026,6340142.014804877,6622611.222706327
臺北市北投區稻香路１５０巷８號五樓,25.14297099,121.489298,12275968.843388986,10406272.143600382,11321356.54028604,12179458.507882621,13603462.89178027,14864725.397244003
臺北市南港區南港路三段３５６號五樓,25.0515999901349,121.580450032642,19553353.36285813,15559926.158603925,18168504.23714989,20641489.399889845,22715315.79481858,24031009.2773135
臺北市士林區通河街１７號二樓,25.0800399971567,121.523359968105,25198794.984218158,22474847.91909289,23581725.87403485,25191051.085109547,27023011.796789177,29460909.661297742
臺北市松山區饒河街１９６號,25.050738,121.576855,17465444.127721917,15453642.978023408,16818646.912051823,18266116.75301594,19519017.80526915,21849484.997014575
臺北市北投區新民路１巷７之２號,25.14025601,121.507628,8268653.194987346,5044372.793891996,6810082.685891999,8839308.29749203,10327228.327557107,12150469.012837961
臺北市中正區忠孝東路二段１３０號六樓之７,25.0423899968352,121.531810016153,21799630.319926206,18641915.45992679,20938041.819241725,22567886.549129877,24251374.376071967,25859595.90554317
臺北市中山區大直街４６巷１１號三樓,25.0821700063917,121.545769992073,25811980.055899993,20967106.484467126,22964227.6693048,25656957.102240417,29366037.99813968,32590871.688442186
臺北市南港區研究院路二段７０巷５號五樓,25.0456099887591,121.612890009588,13092133.712343847,9948299.28288625,11610640.94796534,13664739.346579235,14930943.648523023,16351475.081043456
臺北市松山區東興路２巷７號二樓,25.05067798,121.564883,22882808.124213345,19869172.959701963,21207577.16813823,22648103.041524295,24729032.24542743,28021822.842230804
臺北市松山區民權東路三段１０６巷２１弄１１號四樓,25.05959498,121.545741,33368157.58320785,25704203.465195864,31522950.80033891,34415167.03151646,37435570.685879946,40230887.23739136
臺北市內湖區內湖路一段６６１號五樓之３,25.0802099821531,121.575500015903,12227689.035600238,10093634.66782206,11329792.95070596,12093368.219409052,13670362.517671507,14987048.713387113
臺北市內湖區內湖路二段２５３巷６弄７號,25.08263202,121.589177,16351661.907803914,13302694.761369353,15486163.794425799,17058282.562855486,18151041.471110485,19711852.37393958
臺北市北投區泉源路３９之４３號,25.14144133,121.5071504,6161771.822650552,5289982.349452193,5645714.532678324,6178680.889057619,6684288.336186763,7135293.2495865505
臺北市信義區信義路五段１５０巷４１１弄１３號,25.0239400030225,121.570759965838,14191003.67518401,9824522.175827287,12291722.040822765,15501290.164624762,16497366.074886922,17677222.894296177
臺北市大同區民權西路１５３號五樓之１,25.06314501,121.516434,13902425.62120955,12131435.577307303,12837520.49115919,13987881.010982214,15092639.480902622,15885276.12425313
臺北市文山區木新路二段３號五樓,24.98759498,121.570825,12696810.951607108,10471198.171010602,11991477.000456661,13063443.887089197,14206255.549871547,15698614.640576156
臺北市大安區光復南路２４０巷５３號二樓,25.0406600139293,121.55502000896,6754061.799897318,4319345.055137875,5948844.646466027,7031913.576767942,8955498.447043905,9995013.185732812
臺北市松山區撫遠街３８９巷１０號,25.0649299822119,121.566129970162,14410427.501933767,11656296.153090362,13224519.873574708,14919871.46334082,16294155.15709107,17597599.487928506
臺北市中山區天祥路８０號四樓之３,25.06396598,121.520529,14514970.474572461,12074069.143077787,13144932.401181366,14555396.97901984,16188337.325552784,17579112.06614303
臺北市大同區重慶北路二段１５０號九樓之１,25.05868002,121.513456,14056366.71161912,11676643.649183046,12697001.520486673,14268499.728613332,15749053.59122315,16834132.96390792
臺北市大安區泰順街１０號四樓,25.025619987876,121.531450013412,29448863.372839056,25202275.73918583,27966366.103373658,29915119.19938918,32151235.861120567,34177796.38296452
臺北市信義區永吉路２２５巷２弄３３號三樓,25.04598298,121.573335,20624121.235819947,17507554.560040426,18879563.148714755,20547433.46842828,22694449.713441804,25258241.852429662
臺北市中山區民權東路一段３６號十樓之６,25.0625299918757,121.523979977483,10797731.787135141,9333374.172479477,9974822.145910898,11000515.025075948,11657133.980303885,12245995.233840153
臺北市內湖區東湖路７６巷３號四樓,25.06843001,121.614311,17046223.743457176,13452252.540346062,15087288.927033525,17090379.005699858,19943770.05768378,22462466.2049221
臺北市信義區松信路１５１號,25.04328699,121.572151,30192394.76716655,26583052.958671622,28927328.991686855,30864203.684571646,32160929.76113401,33466340.46314887
臺北市內湖區內湖路二段１０３巷３８號,25.08175799,121.581052,25904457.81971269,22685044.189099662,24156535.270661734,25662511.49897337,28139791.28328238,31130976.904172946
臺北市中山區民族東路５１２巷５號,25.06757799,121.542173,5038665.936863248,3597665.2756512975,4362170.37453191,5081899.456686329,5811095.560015338,6580484.208339883
臺北市文山區和平東路四段８８巷２０號二樓,25.00527401,121.566832,19356988.816244964,14663670.285006527,18204381.459762245,20464311.095601734,21821546.11142771,23769934.225642715
臺北市中山區合江街８３巷１７號,25.05919169,121.5400416,18531040.636809137,15371310.606691511,16949766.149347726,18445712.12896511,20376824.831796236,22840653.232848585
臺北市北投區明德路３３３巷３號二樓,25.1165299839883,121.518429984114,2489083.2446392705,1910849.176233203,2253146.5092033013,2451452.807160604,2689226.949451212,3621722.2794379196
臺北市士林區中山北路六段２３６巷９號四樓之２,25.1082699955945,121.526179975609,38361510.837154835,33777058.85223575,36652486.02880575,38747754.108313136,40839653.64163965,42895705.83289153
臺北市中正區汀州路二段２４４號二樓,25.02166499,121.52454,21413960.670400426,18575796.213146918,20658466.931627993,21910957.081687115,23313435.476192467,24899962.812160283
臺北市松山區八德路四段６４０號二樓之１,25.0498299836413,121.574759977672,12196473.662700813,10508763.354336716,11366492.631702362,12032235.953394372,13049069.233109098,14540106.776445907
臺北市中正區汀州路三段１６０巷４之１號,25.01339402,121.534236,13911659.423338376,12032919.826000888,12759932.785672905,13716623.637510892,15115181.288923949,16267110.601666834
臺北市中山區林森北路８５巷９０號三樓之８,25.049006,121.527984,7526049.825781448,6089651.467176052,6578727.901070982,7821848.413898201,8675174.991970366,9405882.973896606
臺北市文山區指南路三段２４巷３號二樓,24.98327901,121.579363,10951217.23389496,7170031.581807018,10567089.043436252,12030314.669872724,12768884.183788031,13590021.241451949
臺北市北投區溫泉路３７巷２８號十三樓之１,25.13384301,121.503422,10133581.680098662,8428739.628524028,9065473.485319842,9845669.735221704,11320678.828567892,12453657.869410666
臺北市中山區大直街６７巷２８號四樓,25.0836899807135,121.547839986881,19197007.938634045,15993455.39679086,17568528.074020833,19360280.27892645,21264447.983071215,23137166.106069803
臺北市信義區松勇路５３巷６８號,25.03400001,121.57309,98954199.49190213,77298209.31965807,87666871.78121042,98594838.0921207,113544244.62529376,129731999.90819344
臺北市信義區信安街１０３巷８之１號,25.02504801,121.557527,31672997.648325868,26437178.637961812,29437869.85025201,31951306.631958216,34212880.72943992,37138858.38020092
臺北市中山區新生北路二段９６號八樓之１６,25.0591299985811,121.527250009369,13143283.927955672,10506913.158457791,11892145.341582201,13119845.174616916,14787082.9782366,16105023.502131438
臺北市松山區健康路５８巷１９號二樓,25.0523899845092,121.553319991358,20343281.774909824,16909263.248233717,18699479.982458256,20610791.393248655,22100808.4345802,24237084.57198058
臺北市北投區永興路一段４４號,25.13934699,121.500496,12997540.222645706,9811350.57544593,12248370.270370616,13477121.03060402,14751828.251595777,16360239.821761664
臺北市士林區天玉街１３之１號,25.120574,121.527304,65563989.2582266,60906605.1076162,63103343.519207254,65331170.73724529,67810187.97794773,70092645.05060297
臺北市內湖區陽光街５９號八樓,25.0762800011208,121.586549962678,34874575.90471488,23442403.179426722,33128138.687921323,37589166.58256827,41220080.822726205,45251094.9056066
臺北市萬華區和平西路三段２９０號四樓之３,25.035264,121.494855,11071240.683206558,8047343.81269776,10243726.320759952,11248121.477193628,12908755.655873073,14396674.138119658
臺北市文山區景華街１１４號三樓,24.9954088,121.5464411,15228450.484955914,13082839.393974546,14496441.55036489,15512196.621527182,16453296.431649262,17742169.749188162
臺北市北投區溫泉路７３巷６號四樓之１,25.1355900127141,121.50611001137,10354737.935778877,8257561.125154437,8940789.15304392,10009272.209028844,11798093.106366854,13698182.852231868
臺北市中正區忠孝西路一段７２號,25.04682101,121.514004,11622730.326327905,8850939.95068312,10501213.350325156,11896921.610933248,13275156.204123149,15106849.886593662
臺北市大同區承德路三段８３號,25.06583301,121.518606,24727051.298252277,20532942.17537719,22867687.14479907,25010862.100054823,27665900.763883565,30842771.50343462
臺北市北投區中央北路四段１３８巷７號三樓,25.13388798,121.475742,13099361.763310175,11114063.670705277,11814328.919558149,13030100.250150971,14539951.906634832,16021086.248918604
臺北市內湖區安康路３５０號二樓之２,25.0659299851702,121.61217997857,12683220.961309861,10480973.989338532,11658862.71206127,12822924.26265497,13885489.405508446,15482561.397453902
臺北市中山區林森北路６７巷１３２號五樓之２,25.04768899,121.528558,20346800.205811135,17397296.400250454,18781926.948807843,20341721.975369543,22206824.358927466,24005014.644676704
臺北市文山區溪口街７０號十二樓之１,24.99558101,121.538925,35750466.6224467,31009320.01809595,33313900.523945678,36260532.56725788,39103409.71834298,41161170.61666403
臺北市信義區松德路１０４號十樓之１,25.03774902,121.574998,53326246.04410278,48511332.65140501,51528744.94354343,54068128.01858212,58235807.66457258,61676890.62966493
臺北市信義區永吉路２７８巷１２號三樓,25.04473898,121.574111,18395765.331989955,16073247.222670348,17484780.87551552,18849540.746676456,20395566.66147679,22564543.804267593
臺北市萬華區西寧南路３０７號四樓之１,25.0381800183273,121.506440006898,9080108.985727385,7317081.4455443565,8375969.3656561775,8920173.890195047,9617582.74498202,12995503.969034584
臺北市萬華區青年路１２號十樓,25.026061,121.505974,3037365.4107463313,2190746.850320656,2369093.163818127,2681491.6713648923,3623024.7542945887,5284680.579204189
臺北市大安區瑞安街２０８巷３９號二樓之１,25.02972201,121.540653,18934798.489409197,15972697.845155908,17326734.29800477,19250021.788551494,20845157.82524456,23001163.301424503
臺北市松山區八德路四段２４５巷３２弄６號三樓,25.0497200130717,121.562760025991,29301140.791565605,24478947.049330566,26975365.540427845,29631694.085650153,31722869.46533886,34168420.12860519
臺北市大安區忠孝東路四段２１６巷１９弄６號六樓,25.04023602,121.553448,36759067.17524802,32377475.30219388,34659408.594000064,37255288.1311774,39611932.73889841,41501226.891645476
臺北市北投區尊賢街２３９巷８號,25.11618599,121.50734,15883976.542719655,12987583.124895021,14892657.942756921,16525664.306751138,17832938.9134442,19071746.265421256
臺北市北投區東陽街４７８巷５號,25.1118100085816,121.520039980076,20198637.503094967,17437892.849321645,18772813.270620853,20271302.152602036,21579141.874627966,24104433.420025006
臺北市中山區林森北路２６３號十樓之２,25.0546499970624,121.525559966231,6667075.236660006,5796478.707350671,6191131.590049296,6571414.708277203,7316975.063608389,8129682.985271389
臺北市大安區建國南路二段３０８巷１０弄５號五樓,25.0237700180261,121.536979974032,34342055.02191611,29022686.889139973,33261455.544602893,35384348.60253289,37432355.371937886,38946209.58835095
臺北市松山區健康路２７號,25.0535499979991,121.553819971883,33244006.411334116,28803077.616273914,31209210.689256515,33532044.69747816,36146406.58550753,38807329.01272154
臺北市士林區華齡街１８５巷１號,25.08747998,121.51941,21431467.58340414,16057468.991262034,19441155.55523914,22588809.29473031,24251555.95729269,26181665.690897897
臺北市萬華區國興路１巷１號六樓之４,25.0245999940786,121.509000007766,14728010.854203247,9746834.288530666,13582301.756767843,15841117.268585231,17748934.484677188,19358316.834325306
臺北市中山區明水路３９７巷１９弄１０號,25.078473,121.548238,31492104.4027301,24615290.115039214,28156707.449448418,33326726.11570063,37187033.26246124,38809507.575849935
臺北市大安區金山南路二段１８５巷３號,25.028477,121.52668,31696176.492064107,26693508.920654546,30043283.578106478,32384100.74943417,34884811.491373494,37177502.15664944
臺北市內湖區民權東路六段１８０巷４２弄１３號,25.067587,121.592109,16899306.129312407,14854365.83754443,16235369.849032963,16983108.135204162,17871519.038996946,18952864.014290765
臺北市內湖區內湖路二段１７９巷３弄３號二樓,25.0818999833809,121.587650003651,23059366.130216584,20119092.607371274,21460518.233949877,22984499.960358717,24727964.0768385,26800850.804743294
臺北市士林區中正路３３７號,25.09447699,121.523004,63558881.11749333,56499817.556531906,60705855.70519689,63614713.35043409,66618822.728901014,70750696.46487837
臺北市北投區新民路６２巷１５弄１號,25.13935002,121.5110127,15011626.324053809,13728962.473315561,14277380.155598622,14871556.39281651,15653529.944117323,16583577.30631123
臺北市南港區南深路２３巷１２弄３號,25.037321,121.621774,10853816.535633724,7660869.751944989,10266888.462956931,11697508.500334123,12834726.372200822,13776197.052789217
臺北市松山區撫遠街４０１巷５號四樓,25.0657900073872,121.565940036236,16349748.010070173,15003747.16881084,15657578.87464803,16399998.729671283,17164930.129968192,18263285.564949714
臺北市中山區新生北路二段３１之１號十二樓之５,25.0540700112721,121.527830037069,16702820.44103395,14349109.793444436,15631477.802991964,16730238.680674529,18353726.428613484,19927647.07353547
臺北市文山區興隆路四段１６５巷６１號,24.984585,121.564633,30674760.376865473,25683356.929719597,28877503.97309722,31307446.113145206,33239010.41796798,35204282.75084062
臺北市文山區辛亥路四段１２８之６號十二樓,25.00507158,121.556915,22141355.2094108,17249490.765563484,20587578.023439948,22789379.80786159,25201958.82841822,27642613.313374132
臺北市內湖區康寧路三段７５巷１８６弄２２號,25.07652798,121.613634,33782906.033004075,13461636.392438337,31953283.57895806,40878893.638642274,47328212.31268073,51287619.836682156
臺北市文山區羅斯福路五段１５０巷１４號四樓,25.0059200008427,121.538419984997,13577209.566452067,11495641.606058005,12654881.915852178,13885611.623499665,15055817.440035373,16441214.9561156
臺北市士林區大北路３６號二樓之１,25.0900199939916,121.526220041107,9705542.320700975,7518114.415015834,8620780.853581658,9962169.26065375,11080756.683469333,12061230.558130331
臺北市大安區忠孝東路三段２１７巷５弄１０號六樓,25.0434200070069,121.539120041551,46664375.186565235,40163241.38031278,44634598.15291982,47190745.6015843,49565516.93651515,53202779.864539295
臺北市內湖區成功路二段３２８號十二樓之７,25.0684199971466,121.590590040009,14142976.196780939,12327988.108793588,13334949.680898774,14347060.352500008,15426050.574772034,16106734.861864872
臺北市大安區永康街４７巷８號四樓,25.0300699821813,121.529989969698,32087979.26322949,27368765.74809251,30510555.953621507,33038760.02428804,34939165.06796624,37187056.8892472
臺北市北投區三合街一段３６巷９號二樓,25.1276842,121.5060499,49977735.809653595,39812941.655612536,46771625.06759306,52732787.99807096,56888594.345814906,61045241.90643319
臺北市內湖區金龍路２２２巷２號三樓,25.08776899,121.586574,12175919.510328077,10362494.51325243,11635702.403523972,12587978.225666853,13412747.920896545,14458127.625773875
臺北市中正區三元街２６６號二樓,25.0273399963171,121.513890010078,13716443.034833059,11513743.390009351,12585226.177427039,13896865.932081675,15032694.08844649,16354860.347601773
臺北市中山區龍江路２６２號四樓,25.0600100145955,121.540640015873,30895540.460183512,27630177.831750616,29650103.09975277,31345925.231369033,32827116.04714267,34189149.20729129
臺北市士林區中山北路七段１４巷２號十二樓,25.11862299,121.5311,34119470.13787327,28467256.17005767,31477874.90542161,33909731.54018558,37890587.6178001,41874203.50288346
臺北市中山區龍江路１４７號,25.05381441,121.5406228,35218298.98909078,29213225.286176268,32433237.72098522,35478748.115635544,38221679.02977957,42437445.950812235
臺北市中正區中華路二段３１５巷４弄５號四樓之１,25.0281999795829,121.507299990164,11286929.327221815,9996299.903228888,10937220.022547338,11585367.493030645,12186725.186535021,12909590.65059373
臺北市文山區萬美街二段５５號二樓,25.00517669,121.5641793,22762097.222505357,18352241.91305492,20127365.26422607,22782665.358951006,25684114.893172793,27672335.55439658
臺北市大安區敦化南路二段１０４號,25.02770939,121.5483867,37043690.27203907,29996206.44643631,32463167.833046284,37017478.940574035,42461299.330219805,47896139.19862588
臺北市松山區敦化北路２２２巷２９之１號三樓,25.05985801,121.547598,31613565.355341226,25690659.291787993,30540676.785237506,32569350.635983188,34640716.60647316,36766592.60532388
臺北市北投區尊賢街２１８巷７號七樓,25.1157718,121.5082141,12315026.248579849,7643977.1525438605,9329295.188326474,11837555.602408305,17186735.715527788,21380142.82014537
臺北市中山區吉林路９８巷４５號,25.0526673051661,121.529423231771,27313308.238917656,21985799.55765646,25148943.500362366,28698459.864410687,30665462.936670903,32204317.20554929
臺北市萬華區康定路８２號二樓之３,25.04206201,121.502225,45647911.3775377,38694126.62930964,41770533.4685789,45419925.800509095,49930072.38122754,54128116.60606125
臺北市北投區中和街３７１號四樓,25.1421900070934,121.498669982654,8600692.635799194,7177870.107956279,8038608.0736869145,8816228.274937458,9371079.412692629,9942411.918414362
臺北市中正區汀州路三段６３號十二樓,25.0154845350412,121.531561487525,36285129.34674324,27833448.57402219,32683265.46648061,36980727.93651555,40969964.3508096,46249440.166819856
臺北市士林區菁山路５３之２號,25.13963001,121.54964,36238260.07002344,17193625.317675292,30091722.067060415,40466040.903154165,50153143.756791815,59245256.45959893
臺北市信義區福德街２３７號三樓,25.03859999,121.585444,15489589.05437616,13468125.097952357,14411963.746633261,15488969.45589359,16535037.243956655,18253154.281650014
臺北市大安區大安路一段１６巷４號四樓,25.04432299,121.545981,34618391.068201475,30521986.763864264,32700198.379537422,34910366.61544993,37621265.50395148,40488636.11136639
臺北市松山區南京東路五段１２３巷１弄２２號六樓,25.051998,121.559814,17201353.784078464,11282515.47268149,13105230.55852022,15906085.277499298,24381543.55501423,29744626.162569456
臺北市中正區同安街８５之１號,25.02292969,121.5209743,13534308.922468018,10405622.125780243,11848552.310487231,13551010.29120947,15465535.230833579,17735112.71289286
臺北市士林區承德路四段１７９巷７號二樓,25.08789501,121.523311,104083894.49288781,78973821.38919719,91433959.91517305,101891573.93605429,128024487.28870988,192942159.73651263
臺北市大同區民權西路１４４巷６號七樓之４,25.0623900140926,121.51588004153,32119135.798599914,25478022.57495377,28140535.63707011,32173708.869368285,37078909.40486956,42290708.67873348
臺北市北投區溫泉路７８號,25.13537309,121.505318,6086894.494031783,4383186.110716651,5066599.251599444,6005497.070224299,7429808.587728385,8648569.415905848
臺北市松山區市民大道四段３９之２號十八樓,25.0452700187663,121.545799999286,166969222.43373585,147643259.88035837,161479551.2362628,170987355.25564575,179432918.4683857,184665124.97401625
臺北市信義區忠孝東路五段１０１號,25.04130102,121.567414,32588469.007002994,23851444.97811835,28056618.51807499,33052066.893434323,38554649.75698486,45265984.3354641
臺北市中山區明水路６１３號,25.08242821,121.550539,83030453.60018218,64432828.97833195,78826071.93827432,85919014.81289965,100565867.09485735,116906304.71426986
臺北市北投區中和街４９號十樓之１,25.1451199851675,121.495089987989,8864304.119321344,5997705.576715827,8709883.338422187,9642329.81329017,10362114.519376503,11147976.137308659
臺北市大安區和平東路三段３０８巷３９弄１４號二樓,25.01894099,121.55564,15900240.5872828,13327437.331828117,15038382.633996088,16314455.815522991,17569827.52516687,19153022.78327257
臺北市大安區忠孝東路四段１８１巷７弄１３號四樓,25.0421900046254,121.551510003187,46964156.94113554,38911109.27244976,43809253.698554315,47015036.147197336,50029770.62745556,57109578.28749416
臺北市中山區四平街１０７號六樓,25.0537400157441,121.535810027987,11009576.797651108,8749924.57200083,9998176.24804748,11292871.073246345,12310135.385516407,13640916.919547644
臺北市文山區木新路三段７４巷１５號,24.983514,121.562995,14801034.508456271,12874083.843301246,13702657.036198774,14667037.635307794,15987137.175618377,18188188.97387822
臺北市大安區新生南路三段１０巷９號六樓,25.0251399981906,121.533929967104,53651331.76029907,38047672.97305118,47785922.50676091,54543936.97707051,63362378.57771334,69202393.33878125
臺北市文山區景華街１２８巷２弄７之１號,24.99493581,121.5472597,17849767.73192048,15381132.300214674,17016431.281357415,18183827.412845414,19562917.99638335,20918898.386224836
臺北市萬華區中華路二段３３６號三樓之４１,25.02948501,121.504383,6713729.031165043,5822714.732605927,6267104.839339631,6646614.396466766,7408764.484364304,8108180.356582576
臺北市中山區中山北路二段３９巷８號四樓之５,25.0539299915796,121.52354998585,6334277.277578441,5576594.4260845035,5978441.6993023595,6284464.444284167,6633948.42118055,7303946.453175698
臺北市北投區新民路７９號三樓,25.1412500185618,121.513070008491,9435482.91759685,7385826.210202026,8395463.304539306,9568863.727855993,10769184.395321947,11649368.301057916
臺北市內湖區文德路２２０巷４９號,25.07739521,121.5883324,13745550.690356903,11751042.10031831,12907226.45743787,13950305.069620535,14890900.68651652,16280613.681310771
臺北市松山區八德路四段６３６號五樓之７,25.049832,121.574493,10943289.621566147,9427055.376589302,10095461.846560325,11105313.273684636,12026722.418712165,12831485.217303507
臺北市內湖區文湖街２１巷８２弄２３號六樓,25.0890600146209,121.560800001752,19732402.762364984,17423282.625797417,18417029.128796663,19766078.840500597,21028871.599166766,22237422.588759057
臺北市文山區興隆路一段５５巷２７弄８號三樓,25.0041699851883,121.541869976344,13932670.271347184,11678483.295025026,12796744.525681784,14192189.054078942,15445530.394100484,16280250.992558423
臺北市中山區松江路２８９之９０６號,25.06043171,121.5333825,34364270.45922579,28047344.14172176,31792840.069850393,34936879.390456796,37372093.285260096,39898312.365323864
臺北市松山區三民路１０７巷７號,25.057642,121.563167,17923998.88486218,15464963.896264903,16533734.580113605,17997157.833169766,19454926.749682415,21328611.607659124
臺北市大安區臥龍街２９１號,25.01709501,121.558515,33814628.70344899,27699569.662175447,31143307.975203957,34814383.998463385,37568986.32727225,39774297.30205477
臺北市萬華區中華路二段５０４巷１６號,25.02561399,121.507575,9249475.669770768,8058396.302652642,8597677.188289482,9288812.480899937,10014968.228934204,10786527.352815133
臺北市中山區北安路８２９號,25.08601309,121.5523454,13438821.344322225,11552640.770660479,12355157.155281395,13273649.396379087,14529272.754532732,15663944.480080098
臺北市松山區南京東路四段１３３巷５弄２１號四樓之３,25.05207202,121.555907,14069858.497591315,11292809.081870059,12335827.33843304,14172433.48937902,16307528.120580478,17836535.94741139
臺北市松山區民族東路６６６號,25.06481599,121.546338,17802258.795185037,15587194.321316328,16519431.849656316,17741540.747278314,19075281.699861128,20945751.62656515
臺北市中山區長安東路二段８１號十二樓之５,25.04854298,121.534552,16763256.264756136,13433474.50373948,15021240.006482095,16768510.741495982,18324268.134474613,22143412.19142798
臺北市中山區八德路二段１００號四樓之１,25.0457599829164,121.536080009088,64027523.45275774,52307492.61575508,58799835.48706645,63239503.48058001,67924552.21490973,77348449.68715763
臺北市大安區和平東路二段２６５巷２５弄７號十三樓,25.027109996894,121.54446995889,26480681.80683635,23206970.64385318,25336119.388271682,27050888.76299175,28432192.16696771,30038497.340087846
臺北市士林區重慶北路四段２４１號七樓,25.0856500049521,121.510849977616,34764642.14138802,26940231.187794402,30736508.37960345,34537472.5209952,40125982.33453126,44634805.57850054
臺北市大安區復興南路二段６號九樓,25.0303782977592,121.5434167379,52839108.27025971,46668796.89554477,49906986.323468894,53032935.51957454,55946740.29387012,60942513.474542454
臺北市士林區重慶北路四段１６５號五樓之３,25.0836000009829,121.511699986417,7237585.0918409005,4486769.265392056,5168233.594442208,7063716.124898703,10279046.444143265,12342215.44321903
臺北市中正區八德路一段４３巷１０號三樓,25.04449901,121.531502,20358804.198019486,16536905.353528587,19340611.87917719,21122016.43378681,22831904.248522077,26398426.38834251
臺北市文山區和興路６巷１弄８號二樓,24.9858199874804,121.545809973751,14352894.400584541,12596573.697274745,13661407.64404745,14490494.318513025,15546601.90284548,16965389.105243545
臺北市信義區吳興街６００巷９８弄１５號,25.01725598,121.571401,12385505.332557978,9815372.110083774,11647113.48643608,12483058.665013485,13491744.300070746,15248055.11094969
臺北市中山區新生北路一段１０８之３號二樓之１０,25.04957999,121.528256,4816164.127835056,3020444.4468170274,4240453.722357353,5021838.6654301565,5897489.7224134365,6498084.204734217
臺北市信義區忠孝東路五段７９０巷２２弄１７號六樓之１,25.0423899968352,121.582070003069,24238365.198676676,19661670.349355105,21751247.451305702,24265122.747455195,26992252.95393171,32142579.901486278
臺北市大安區忠孝東路四段４９巷４弄１６號三樓之１,25.0421053474034,121.545666643207,14589027.022171196,10555709.50780721,13050918.651689477,15482677.938903756,17238292.651928063,18440095.346705064
臺北市內湖區民權東路六段４７巷１４號五樓,25.0698100100597,121.587029994273,12986489.198173655,10684691.173665885,12228440.565747438,13416143.284964193,14369271.183301775,15297610.929208517
臺北市文山區指南路三段７７巷６號,24.982773,121.580397,6228137.203865007,3569898.391089906,5488452.168222915,6854621.319732474,7704417.039208797,8437207.276106926
臺北市士林區中山北路五段４６１巷３號,25.0919000129643,121.527440027114,6391808.814848194,2963733.959364145,4641732.623833813,7517789.716193122,9345270.43360322,10948805.652122587
臺北市內湖區康寧路三段９９巷３９弄８２號四樓,25.0745099946272,121.610880029207,9986472.230392445,8074465.228052521,9471842.160234323,10452246.59803294,11431747.128038678,12331594.218111001
臺北市中山區大直街１１７號,25.08406499,121.548287,31446691.762213998,26165592.91452409,29243271.700192902,31319956.260083936,34769848.03703577,37182546.249511994
臺北市南港區成福路２５８巷３號三樓,25.0377499847849,121.590140015627,16370479.036612794,14301913.483716277,15456453.372091725,16485384.110514423,17619088.453249726,18806812.15364467
臺北市信義區吳興街３６８巷１之２號二樓之１,25.02508602,121.566708,9785482.351017687,7358942.172307129,8914036.781499535,10211416.903687261,11081450.208959058,12614258.955928704
臺北市中正區衡陽路２６號,25.04218699,121.512827,18226125.61626302,13914089.11169393,16058325.75096809,18602302.243089035,20894512.26647713,22405039.80281313
臺北市萬華區桂林路１４５號十樓,25.0386445,121.4981443,30615373.785498187,26664096.366845828,29188217.940962248,31468676.717871528,33013096.659111306,34631786.126631245
臺北市萬華區東園街７３巷４２號五樓,25.0263399933587,121.497710003284,8413220.023962598,6726080.958606428,7752768.501954565,8627062.168241838,9395635.097326929,10190955.150040356
臺北市中山區民生東路二段３號十二樓之２,25.058140011997,121.528760009226,51560973.12759614,45658297.35229828,49151200.582882844,52470879.83045511,55020163.35287555,57627594.89464097
臺北市中山區林森北路３０６號十三樓之３,25.0560900080279,121.525359974022,8873190.81370454,7340641.6394666545,7904613.736505652,8777923.436258102,9980785.40064334,11235174.060171198
臺北市北投區公路１４５巷２弄４號四樓,25.13289,121.50253,12788619.716648877,10742786.554870822,11993275.954094442,12962053.458833314,14124657.158188686,15387127.229473284
臺北市萬華區康定路１０５號六樓之１２,25.039469993226,121.502059959575,10624012.008596921,8919364.125475222,9840684.677521667,10897955.324824668,11597236.811295573,12024102.423803851
臺北市松山區北寧路５８之１號六樓,25.0501399883303,121.552810036369,51912280.78344649,46875332.59271309,49455483.11381215,52649344.176401615,55397401.4660264,59454284.90966968
臺北市信義區忠孝東路五段２７５巷７弄６號七樓,25.04135999,121.57098,60496836.60474556,49933216.86454339,58172317.51269695,62799662.6982964,66928404.11205986,70632216.12135392
臺北市萬華區萬大路８５巷１４弄３號,25.03006001,121.501176,15315490.665379917,9851193.88840375,14645185.817551373,16904613.866823684,18597795.141933084,20244583.22473007
臺北市大安區金山南路二段１５９巷４１號五樓,25.0289999903315,121.527949982103,29282531.00744993,26517218.468841873,28438594.317217957,29570724.380822703,31252800.6167277,32759042.45641031
臺北市文山區景興路２６２號十五樓之１,24.9901100131637,121.542700036216,6915932.420296193,5439057.864038242,6374885.763443285,7062792.367509115,7706109.8808117155,8324423.170166454
臺北市南港區東新街１８０巷６號四樓,25.04630493,121.5934134,40309353.01385262,30121703.191995412,37265039.41816982,40502762.65993504,44744701.89070359,51836919.32794165
臺北市中山區德惠街１６號十樓,25.0666600070273,121.531320010094,9160813.194665892,7897988.322605172,8392379.343946725,9222497.933747398,10091541.870290438,10831087.666124994
臺北市文山區辛亥路四段７７巷５６號四樓,25.007679990962,121.560609984007,14584688.141938422,11579858.842191212,13696055.957615592,14957253.352590723,16249927.0097684,17622147.01851332
臺北市信義區光復南路４１９巷４９號五樓,25.0365699804558,121.558750039692,18241877.666338764,12949237.473856632,15283013.943707895,19443152.55553427,21899431.92544225,23740605.09059287
臺北市松山區復興北路４９９巷５弄５號四樓,25.06579701,121.54471,17432370.529904813,15348565.07659703,16112426.57971889,17059988.488220647,18406280.86339052,20172394.534827176
臺北市南港區重陽路４９１號六樓之１,25.06109099,121.612036,37076137.386492945,32379251.353610788,36190120.45623805,38129701.78314991,39948731.98742288,43161457.74684489
臺北市文山區試院路８４巷１６號三樓,24.99037002,121.548942,10824568.937736569,7171003.193463819,8511571.1161788,10913714.054949772,14032841.125287637,15796177.907640116
臺北市中山區民生東路一段７７號十樓之２,25.05826599,121.526911,9583445.312073277,7903165.116375374,8673242.958522944,9470664.437194884,10466765.429759309,11428856.80519419
臺北市南港區市民大道七段３７號三樓,25.04965799,121.582471,8064624.328760394,4662562.963092866,5801881.691149041,7507986.363401828,12670458.654018972,15119655.316281423
臺北市萬華區萬大路４２３巷１０１弄２５號,25.022515,121.502298,5501445.647407172,4559109.628037634,5157443.780952524,5559461.368200611,6128271.191401841,6442101.874259833
臺北市文山區景興路９６巷３４號四樓,24.994731,121.542874,19619653.148868535,16916833.66901574,18414209.89137891,20033131.43412743,21829965.0702522,23769971.699360915
臺北市松山區南京東路五段２５０巷２弄２９號,25.05079,121.567789,21713002.76453098,18967283.17691187,20174351.14882647,21793734.75860396,23525682.292312883,25352273.536952328
臺北市中山區植福路２８６巷３６號五樓,25.0811099890066,121.559310034644,217530403.17947552,153378802.01052213,198087255.824982,239647993.0682467,269357312.2806313,286497389.25042826
臺北市文山區辛亥路六段３１號六樓之２,24.9894299893591,121.552759996407,21300564.028046254,19319164.100542933,20556039.820658673,21642681.04005491,22621645.642181788,23575031.346783377
臺北市中山區林森北路２６３號八樓之１９,25.0545899826356,121.525559966231,10097949.011339966,8218248.326583228,9192268.56215341,10423843.052278971,11244704.656818409,11855772.789262678
臺北市松山區南京東路五段４１５號二樓之２,25.0514873008371,121.570033216771,23845276.250535436,20995513.39440522,22561870.789885182,23802843.747903787,25377700.882017624,27729098.393392757
臺北市大安區信義路三段１１１巷８之３號,25.0341199920672,121.539409971582,30140041.50484988,25213130.805627152,28620628.667670906,30685386.56562754,32648890.52652065,35471675.58620193
臺北市松山區市民大道四段３９之２號九樓,25.04515104,121.5448219,154470879.40687838,114522548.16608645,136424275.27085426,165333607.07611716,177820652.1517439,183722309.01728898
臺北市北投區大同街２３２號四樓,25.13976139,121.4996509,27290727.404031824,22167577.06712067,24889578.180580407,28088575.98891477,30728937.15790453,32518226.47278171
臺北市北投區明德路２８６號三樓之１,25.115079998558,121.522620013693,11046610.755414205,8258875.044189879,10283852.775363537,11530716.333957525,12675975.261906782,13852128.336248387
臺北市萬華區萬大路４８６巷２８弄４４號二樓,25.02108701,121.496409,9937779.515141094,8436071.747187652,9385936.758611035,10138310.376604753,10992875.213379841,12226038.231000124
臺北市北投區稻香路１６１巷１６弄２之５號二樓,25.142503034365,121.488952489768,25411109.779632002,22411097.9662867,24128735.2496785,25695550.402903613,27462399.80475149,28852897.30708249
臺北市內湖區康寧路三段１８９巷１５９弄１３號四樓,25.0752900145367,121.612079982465,23817617.940403298,18071935.59753516,20004554.428590387,23892262.619569473,27773426.732413232,30644478.463094592
臺北市松山區撫遠街３８９巷２７號,25.065159981635,121.56674997954,15576160.694745054,13707465.088382563,14892297.902428456,15811057.278805632,16643245.229554337,17771769.109416004
臺北市北投區懷德街７５巷１１號四樓,25.113384,121.519328,30884748.818558212,25118305.675156046,27694249.486154743,30878567.156000134,34710081.60703842,37937483.32931075
臺北市萬華區西昌街７５號二樓,25.04156199,121.500958,5677503.399178879,3272197.530884492,3880812.0326469126,5081880.269781135,9405742.002508309,10540939.571873507
臺北市萬華區康定路１０５號十樓之１３,25.039469993226,121.502059959575,11636342.364499811,10709383.810619524,11139395.249475274,11679851.756231807,12148118.429112736,12651674.428681899
臺北市內湖區民權東路六段９０巷５弄６號,25.0683599827198,121.586339996004,28640026.527895875,24998774.298006564,26990292.522569343,28822463.605235517,31031494.28822351,32366389.529278778
臺北市北投區溫泉路１４３之８號,25.13733999,121.511076,6789580.980426666,5143544.9726701565,6182211.766898241,6737187.897896297,7439368.303025952,8719704.184527159
臺北市內湖區內湖路二段３０１巷７弄５號,25.08323799,121.590675,14500839.25906429,10089704.60183601,12681459.92426014,15521652.782547317,17311978.60206351,18479300.170357037
臺北市信義區林口街２４巷１６號三樓,25.03744899,121.57994,17164388.57059272,14944209.742137754,15812544.841746075,16750913.011432115,18178699.12922839,22007059.834869705
臺北市中山區市民大道三段３５號五樓,25.0451999879653,121.534649972587,20167235.69435112,17326484.533646844,18748340.965100165,20339913.788837876,22116364.337273862,23701271.524823107
臺北市文山區景華街１９８號十五樓之３,24.9985399865539,121.547720041847,50484801.118717015,42635514.68218765,46276390.76582804,49822714.47368518,55278009.34105049,62897236.378451176
臺北市大安區仁愛路四段１２２巷１２號五樓之３,25.0362000032497,121.550190021074,30634132.84910406,27380539.328769956,28465699.90227207,29822732.659852393,32019219.934384704,35641608.193940975
臺北市萬華區中華路二段５０４巷４９號,25.02466202,121.508172,11560594.068410184,10526130.832025938,11066281.523642909,11642979.938189823,12141805.591741327,12812906.414911354
臺北市中山區民權東路二段９號五樓之４,25.0627000187816,121.532309996678,15112325.043720754,13105277.803654736,14115837.308668425,15068260.487181915,16434868.305158721,17504693.268622898
臺北市文山區辛亥路四段１５８號八樓,25.0040300074052,121.556179980541,23058197.80725218,20182289.60444913,22082830.66948962,23710769.680133425,25634952.929075625,27221016.653874394
臺北市文山區木新路二段４３巷１７號,24.98658199,121.571177,9760459.003436174,5994580.697073422,7148676.848122112,8861718.21287847,14889890.940585993,17486952.769216515
臺北市內湖區康寧路三段１８９巷７３弄４號,25.07216302,121.612338,17691389.7529637,15562935.397122882,16814877.536156815,17886387.830358475,19031439.740816936,20535680.891513754
臺北市中正區臨沂街７１巷１９弄１０號三樓,25.03585199,121.53006,35903088.9016329,30178822.576657645,34391964.326117374,37249918.68380712,39354947.398095764,40953995.20800385
臺北市大安區永康街２３巷２２之２號,25.03193998,121.531038,8434917.169057215,6045893.30420936,6790886.95625639,8343399.764625191,10565548.441136837,11927206.851555038
臺北市中山區民權東路二段１５２巷５弄１２號二樓,25.061316,121.534199,23051544.82639789,19491179.340277545,21450913.75261774,23059857.44591184,25329659.774513528,27909600.275372498
臺北市北投區行義路１９號二樓,25.1250500209281,121.526420033316,14875582.220416779,11245025.231428813,13376113.037238616,15241953.847214254,16718112.126754504,18492472.441582546
臺北市中山區明水路５９１號二樓,25.0807600026395,121.551589966543,48230309.150517195,43753407.148092285,46124284.14900781,48940117.27805712,51609499.31090155,53719767.32910262
臺北市萬華區漢口街二段２７號七樓之１,25.04557902,121.507706,23704056.59800479,21367445.027660534,22181985.86276628,23421164.090805314,25213917.10088245,27357261.349989675
臺北市北投區中山路１之７號,25.13697976,121.5047878,7147828.091721812,5172704.513435394,6114408.803546239,7486641.473319609,8288633.494046927,9065743.19389416
臺北市大同區重慶北路三段２９６巷１０之１號,25.07349599,121.513189,12861519.833646435,10015363.6135059,11668746.38578311,13126634.934103196,14952855.788395602,16378012.541150896
臺北市文山區辛亥路四段７７巷９２弄７號三樓之２,25.0088799861301,121.560800001752,20198392.708509896,15550643.26988294,18827384.07517666,21030552.268464703,22611301.41010529,24543420.906242833
臺北市信義區吳興街５８３巷４弄１０號,25.022049,121.569462,4430763.660523442,3214199.114693978,3814003.7503274395,4572506.093283107,5087816.899787694,6104663.885611773
臺北市文山區萬利街１８號,25.000312,121.565959,12572246.499209011,8642957.545495508,10868769.27312458,13098570.990715764,14868162.54359363,16335061.957161108
臺北市中正區博愛路２３０巷７號,25.033632,121.509716,15799893.42324763,12249411.084299311,14576865.546857782,15925094.110097358,18115889.4442401,21328125.6495914
臺北市北投區稻香路１６１巷１６弄２之２號,25.14190094,121.4880264,19444833.80788863,15358710.723834697,17611469.797091,20034686.30207836,21664025.332668353,23097319.470997505
臺北市中山區新生北路三段６１號二樓之１５,25.0659200107054,121.528060036492,8801995.696473835,7547347.839820432,8108479.343196202,8908770.053486038,9737570.52433746,10152737.750955068
臺北市文山區興德路２２號,25.001081,121.556276,12807164.186952587,10999021.512380697,12229138.907982046,13045476.651201872,14290858.31570365,15644272.28327328
臺北市南港區成福路７４巷８號二樓之６,25.0439834,121.586269,38967919.56811005,33736513.73341994,36158019.88519333,38582543.43080402,41188315.01070912,47369787.25684797
臺北市士林區忠誠路二段９８巷７弄８號十一樓,25.10861701,121.530085,87719577.36057308,64820903.390139125,69402067.89550821,87996160.54269728,106953802.64643577,122527911.42186151
臺北市大安區敦化南路二段６３巷６５號十樓,25.0310300034615,121.551979976498,51107755.79850203,45960987.44030183,48903520.60387702,51862184.08724968,54908307.878362045,57943913.7960034
臺北市萬華區中華路二段５０４巷５７號十樓,25.0249099987675,121.508029970111,8805353.48953029,7818943.646603457,8289318.450875154,8811833.601697741,9392354.924976967,10011510.227342097
臺北市內湖區內湖路一段１巷９弄６３號四樓,25.0862200162775,121.558089964817,32265968.00103777,25999674.382866327,28675951.887128245,31888935.62396108,36879015.41013924,45391321.10267319
臺北市信義區松山路２５４號,25.0441328,121.5773577,18628666.454608295,15073645.455608726,17796145.620286874,19127074.935507685,20359119.444957227,21702202.26855384
臺北市士林區葫蘆街７巷４號,25.08012398,121.510488,10324771.096086994,7524913.112026051,9678755.517937673,10954032.778343022,12004553.089204036,12973480.437918102
臺北市文山區興隆路一段２５１巷２弄１號四樓,24.999577,121.544648,13586558.033911096,11674965.86126961,13147255.454271972,14324644.92912095,15311706.708270375,16237966.205965862
臺北市文山區秀明路一段７９巷５弄７號,24.990849,121.565307,13104274.21436745,9677027.801120212,11819258.854672551,13059972.738052707,14248097.672631951,19892474.91064316
臺北市文山區興隆路三段１３７號十樓之５,24.99831401,121.558763,11719108.94324075,9594212.158377346,10431602.344077526,11599056.401057431,13083411.037933076,14671831.729631439
臺北市內湖區內湖路三段６０巷３５號二樓,25.0882507963093,121.592155146259,65021098.96189795,50121942.73670226,59483603.016101554,66246227.4490835,72908521.69864008,81639322.24677621
臺北市中山區復興北路１９０巷１號十四樓之３,25.0555399875415,121.543420041699,21717496.744324587,15361557.087579189,20029066.09050591,23036134.693185695,25381656.6221746,27423163.421110492
臺北市松山區健康路３２５巷１２弄２４號四樓,25.0554000097585,121.568219997719,33044592.04208381,26117410.944798008,29873444.35904348,33577020.6352484,37795627.780346185,41917093.76973804
臺北市松山區八德路二段３８３號十二樓之３,25.0479800137915,121.545149982695,8366554.53226796,6755678.90212887,7730582.921258934,8589466.924100762,9615305.133778796,10211401.901009046
臺北市北投區文化三路１２４號,25.13954501,121.498558,15279182.862133311,12466352.721369462,14034521.924875062,15277632.268407052,17047116.672857173,18735530.158668913
臺北市北投區稻香路１６１巷１７號,25.14159301,121.487639,14553655.007209415,13004957.088361945,13902979.572691735,14814096.796238784,15506602.026113823,16810249.55515017
臺北市北投區清江路１７７巷１０號,25.12791299,121.502214,28174107.26698235,23577861.82960026,26261639.74045442,28993019.854937512,31283432.134737216,32683216.889441144
臺北市信義區吳興街３３６巷７號,25.02576499,121.5658219,8319725.533430227,5960159.854678022,6795729.435524233,8262590.817612769,10298234.275328962,11968238.86234986
臺北市中山區樂群二路１５６號五樓,25.0795600074714,121.557299970443,27988805.381718863,24123330.994061805,25717535.25183401,28595222.5622012,30721714.523433506,32251008.862450935
臺北市文山區木柵路二段１０９巷１００弄７０號六樓,24.992733,121.561792,18976969.51158736,15401687.978868615,17141648.20537083,19708976.516439013,21758016.431294587,23392735.959296137
臺北市內湖區成功路四段２２３巷６弄１號,25.08375201,121.596759,17003251.87306972,13453891.60446123,15702617.719632087,17456382.664923817,19508194.28957255,21761018.34073621
臺北市信義區基隆路二段１７號,25.03207502,121.559235,24335965.184328716,20644730.588081878,22683124.886371486,24554015.82087998,26268036.28210403,27668966.920656405
臺北市松山區民生東路五段９８號四樓,25.0584400003117,121.560209999587,17047815.81523884,13959979.55657478,15941354.596549477,17273729.311184768,18449008.51785181,21728904.324961256
臺北市信義區嘉興街２４９號,25.02494298,121.556009,16662048.74669034,13752840.422670286,14960066.75815576,16550948.2330195,18546115.74595063,21461509.96246811
臺北市松山區光復南路６６巷６６號四樓,25.04508599,121.554842,12283148.584322259,9352004.816694524,10524003.116519392,11977042.890703266,14148204.530774511,16678044.992474103
臺北市大同區涼州街２號十四樓之９,25.0608099834345,121.515170010512,27628537.974006914,24161899.466951117,25799846.361583307,27858071.4651425,29982573.052406102,32519267.34375999
臺北市大安區羅斯福路三段２８３巷３６號二樓之１,25.01943498,121.531804,2781189.5533476123,1938881.9228284943,2293186.1688629617,2669724.5864707064,3059851.445556536,4367121.949217421
臺北市大安區忠孝東路四段２１６巷１１弄１６號六樓,25.0406800047684,121.553719975778,38815128.25317284,36051461.03985453,37483806.29406315,39110853.97293674,40487333.734905995,41535263.932040766
臺北市萬華區萬大路２７７巷４６號十樓之２,25.0252399942955,121.502579972848,10277832.160238188,8340598.017379506,9762692.296757601,10784371.940436866,11625028.83914348,12380730.962308995
臺北市大安區和平東路一段５９號,25.02714901,121.524533,26039316.612233333,20796521.85290258,23730465.641858418,26185435.844420135,29126752.213341203,32713819.591832075
臺北市信義區永吉路４４３巷１１弄７號,25.0467102,121.5787573,7142500.1882973295,4340713.556266678,5703370.9767971635,7396500.754386031,9171288.740138294,11467260.848387863
臺北市文山區木柵路二段２０４巷１７號五樓,24.98811701,121.564018,17954886.700694837,13457433.100177966,15850064.511097662,18815733.177580476,21160891.58481497,24210521.95116795
臺北市內湖區內湖路三段１９１巷３號,25.08817199,121.588681,14783413.100383624,11400116.095970811,14363314.579700045,15913044.298918717,17039926.27502956,17872718.212812472
臺北市中山區農安街１９號五樓之６,25.065020003852,121.524069999123,11494939.923806788,9467713.858441658,10597332.708040517,11617113.7910497,12698839.798051104,14409624.204669397
臺北市北投區中央北路三段４０巷３８弄８號三樓,25.1400099998061,121.48519003833,8287216.329045983,6046490.103755126,7180152.014274979,8504988.705444843,9637655.064032573,11061084.021773133
臺北市文山區興隆路二段１５３巷８弄１號二樓,25.001439999324,121.547809979668,14383251.678947644,12485725.073257744,13385968.453884818,14459998.249582265,15585835.186430749,17142396.360864654
臺北市萬華區漢口街二段５１號七樓之１１,25.04586798,121.506388,12927421.68448272,11509842.342503738,12046752.644028082,12944835.618853822,13887057.354680628,14504230.983448185
臺北市內湖區星雲街１６８巷３５號,25.07990098,121.597015,8241936.172175597,6972781.227786473,7831815.378219517,8343052.875444982,9054708.946083374,9604758.96112737
臺北市信義區松德路７４號二樓,25.03835398,121.575749,52046881.71453524,36380258.553238735,41933263.9301943,50119260.33308211,65959404.842138715,78265571.765652
臺北市萬華區西園路二段３７２巷３弄５１號,25.0261799828271,121.491869996065,9762710.646819523,8157548.5752832955,9353345.69259001,10176830.53078738,10830927.451836284,11533126.165975751
臺北市萬華區漢中街２號,25.04599602,121.507788,18442049.952846657,14909981.284777742,17100338.75894671,19048553.695419367,21225436.725971326,23084203.50815636
臺北市內湖區成功路三段１７４巷１０號五樓之３,25.0809900020626,121.590540000047,10567537.773975397,8877048.261099052,9821026.445345966,10608273.2186147,11610486.429565478,12671125.538247244
臺北市中山區八德路二段１６７巷５號,25.04684699,121.538217,10097307.723225327,8233426.306700686,9443784.52647938,10271628.892583614,11090761.568776587,12291075.81991134
臺北市南港區同德路７７號七樓,25.04597238,121.5852881,26635368.829295576,23072034.494702354,24769547.438864786,27029362.089721702,29905055.999145325,32054754.331027005
臺北市中山區合江街１１６巷２９號三樓,25.0592200202212,121.537940037222,20571693.01262583,18684124.72765258,19553934.607824683,20466823.118150063,22034003.838276427,22671343.110185336
臺北市萬華區萬大路１８７巷１弄１４號五樓,25.028441,121.501327,5734945.410185274,4960479.196555639,5420488.804449227,5858012.719671922,6232074.510777009,6483992.616470838
臺北市萬華區中華路二段４１６巷８０號五樓之３,25.0269600027366,121.503489996075,34117355.55740015,25280111.14805794,30209809.94407504,34285818.450612105,39901583.47398443,44136891.23075153
臺北市內湖區康寧路三段７５巷１２３號,25.07503089,121.6094454,27332661.02846357,23694162.717691936,25448350.035119697,27379716.99081941,29764557.676904567,32732858.42072169
臺北市萬華區中華路二段６６６之２號十四樓之２,25.02415999,121.5111767,23095326.782197934,17313278.46537424,22029545.038042184,24720758.74175247,26708498.857101984,29186542.332834486
臺北市北投區中和街５０２巷１４弄１３號,25.14747702,121.4951,10395768.361947324,7705810.0746880965,9077713.275116568,10402226.1985146,12321967.203240167,14085690.014219234
臺北市文山區興隆路四段１４５巷２７號十二樓,24.9853700050085,121.563109970448,33059837.502978258,27681299.537491184,30259353.609886713,33040131.002232097,36862320.6490407,39447237.32277517
臺北市信義區崇德街２０６巷３號,25.02316401,121.558398,3040062.1330035143,1762777.6757438872,2368500.1535520097,3345837.944616551,3959424.869821487,4588742.481179193
臺北市大安區瑞安街１３５巷１８號四樓,25.02661999,121.540815,30111951.583691493,27380539.328769956,28565346.74751371,29789053.485197306,31737148.767124534,33642160.5549831
臺北市內湖區新明路４６０巷２８弄２號,25.0545399845832,121.578320023407,12619838.67871582,7537496.504901751,11274813.002761323,13936668.424019516,15777306.347522559,17262065.286446992
臺北市中山區民權東路一段３６號三樓之５,25.06252622,121.5238583,11658387.686643463,10048221.58463756,11098180.610638402,11623978.324076312,12406760.979600133,13439863.126826685
臺北市大安區延吉街１６２號,25.03921502,121.554947,39546721.82690877,36279890.79577716,38039676.500987284,39563338.4894802,40945254.72748267,43092608.63674175
臺北市中山區民權東路二段９２巷１弄９號,25.06159889,121.5320878,7674359.544162775,6431011.922081092,7250041.285501878,7972285.162905631,8425443.166195646,8875958.533165442
臺北市信義區吳興街２８４巷３６弄８號,25.0228400039593,121.563190017623,18332508.900494155,15138049.49810249,16927110.349886566,18298730.372200713,20017199.321609315,23000592.74604937
臺北市萬華區雅江街８３號,25.04114298,121.501548,29952990.326364156,16371645.498351462,28116368.797366194,31902188.660631567,37740646.67323952,44102379.342991725
臺北市中山區德惠街７９巷２號,25.06688502,121.528449,5748846.989219752,4349674.48739359,5133902.25941061,5942455.6488843,6629776.772996973,7491420.782440856
臺北市大安區建國南路一段３０８號八樓,25.0355673,121.5374273,81214984.90611476,63709146.42371078,73342097.18489483,85805106.30471408,92119279.27975993,98732402.98580724
臺北市中山區南京東路三段１１８號,25.05162899,121.540316,10377854.604432784,8608620.86424862,9578984.48329348,10269759.956884442,11427413.259492584,12808886.19188913
臺北市士林區中社路二段１７巷１５號,25.108263,121.562801,11163328.362476908,3537734.6625301586,10581628.91765297,15227264.11515283,17605980.100300435,19764682.70267857
臺北市松山區光復南路５８巷３７號,25.04546201,121.554859,17607873.6783686,15142655.32108872,16223570.66599521,17432214.412334457,19177278.525798693,21643326.219213553
臺北市士林區福港街２４４巷７號,25.0842899992523,121.517000031433,17613223.487438925,14413500.477966819,16453693.343562113,18019267.960652757,19375068.505320307,20688622.369476598
臺北市萬華區大理街１７５巷９號三樓,25.0342499953854,121.49438004079,13049540.95201606,9177798.601984149,12054523.962014655,13719172.627814237,15137289.43148603,16723738.826802112
臺北市大安區復興南路二段５５號七樓之１,25.0310600106749,121.543760011691,15037827.787575636,13292826.24595812,14240180.03742404,15159366.48264403,16088785.171580872,16783353.854040258
臺北市萬華區西園路一段１４４號十樓,25.0353500000001,121.49948,10172880.597976804,7755553.5628653895,9682345.915275905,10686765.678223006,11681686.459495341,12816435.203000873
臺北市內湖區南京東路六段１５０號七樓之２,25.0552200083878,121.57895000725,22791519.56112519,20126314.23858868,22015759.287949808,23077621.52019705,24103274.847124532,25353438.905243646
臺北市大同區哈密街５９巷５６弄４２號,25.07529299,121.514691,16138215.008090036,13575855.097695481,15168872.636483178,16527272.278225854,17351730.850590605,18189140.566698745
臺北市內湖區內湖路三段１４１巷３弄２號四樓,25.0865700026446,121.589209959651,13890882.911145886,11879736.313431911,13380862.448379971,14504107.008004438,15547123.66179816,16052383.486799633
臺北市信義區吳興街６００巷７６弄２２號,25.01837371,121.570478,21603015.71587538,15757268.570878811,19768186.116472915,22317368.32838279,24984877.115779784,29451574.97106628
臺北市內湖區康寧路三段７０巷１７３號,25.06674102,121.60765,31931688.19632527,24032070.504866842,28557757.293823753,32177235.84101157,37511760.992442794,45204044.42007339
臺北市大安區新生南路一段１０３巷１２之１號二樓,25.04045499,121.533952,7947530.653658497,5992034.419478723,6934668.647426442,7884321.427778294,9304182.24608581,10736971.743277455
臺北市中山區新生北路三段６２巷２３之１號,25.06590899,121.526689,27570076.851874433,21401435.289059445,26365670.100926332,29328576.82323814,31276293.395453572,32982635.72138153
臺北市內湖區成功路四段１８２巷６弄４５號十二樓之３,25.0834363,121.5927162,32277782.713451758,27091149.456098292,29943453.384685647,32171332.8035773,34993974.0712348,38560949.56609491
臺北市信義區永吉路３６９號十四樓,25.04564259,121.5768307,63836359.183088906,52146341.332861856,58316633.041892536,64673684.24135423,70273437.88849299,80725605.57232256
臺北市文山區興隆路二段１２３巷１４號,25.0005599833096,121.547440002462,15955446.77898061,13342240.583582362,14312380.95844397,15729112.5979175,18147735.50065804,19958825.452926695
臺北市文山區景華街１４７巷１弄１１號,24.996558,121.547366,12909641.35154567,11181725.297428055,12042397.658951262,12909187.72345794,13806878.933248281,15131551.631908687
臺北市內湖區民權東路六段２１０巷２３號五樓,25.0665499945481,121.597829992696,56421924.88868983,48724402.99204731,51983964.54655947,56275288.279905796,61750244.9195594,67182157.1530147
臺北市北投區奇岩路１２之５號,25.13348582,121.5074444,10158800.780487487,6993879.405355992,8260391.745333125,10037278.319978282,13419416.823693924,15158358.797671195
臺北市中正區中華路二段４４１巷２弄１５號四樓,25.02548399,121.51004,12824606.417259168,9817168.70901209,11544800.994147526,13392777.561847683,14669711.905713571,16557985.373810591
臺北市內湖區康寧路三段９９巷３９弄５４號八樓,25.0737099838786,121.610200005402,23373250.381819256,21133310.077181417,22533671.862439346,23577830.39403375,25037995.069827013,27385616.739117827
臺北市內湖區大湖山莊街２０２巷１９號二樓,25.0880300044492,121.598029984905,13481209.883482207,8258556.371112096,12693559.932610992,15133170.337005686,16331578.70482823,17442655.02828381
臺北市南港區舊莊街一段２１２巷１８號二樓,25.03828253,121.6221468,17126516.332870074,14174810.510171736,15584639.975999061,17289065.084894486,19399201.632003985,21226939.747829318
臺北市信義區莊敬路４７８號七樓之１０,25.02648102,121.568168,18768862.014442157,15263413.891258478,16796836.355755925,18718425.03747926,21170009.6458486,23881405.282909855
臺北市中山區復興北路１９０巷２５號,25.05570209,121.5427411,21999757.428627163,15820972.229092112,20344814.371838365,23332226.389750436,25673370.19368294,27825545.490829643
臺北市士林區天母北路２８巷３９號,25.11939666,121.5255461,9454580.100007532,4350200.825689136,8893912.236418203,10751719.78865832,12538267.600669436,13895123.898085564
臺北市信義區虎林街１２６號三樓,25.0418199855098,121.576799965267,21668220.520294864,18240008.934884407,19616836.670683514,21599714.21182813,23690853.172678825,26610085.76391309
臺北市北投區溫泉路５８巷６號,25.133679986528,121.505030003146,32373190.306764998,25726358.356635243,29447313.85575837,32427712.041046936,36991454.24948974,42413234.13468161
臺北市士林區士東路２８６巷１之８號四樓,25.1131599979071,121.537499987305,27020963.466477137,24097040.813499793,25801658.971120894,27123998.19512801,28201326.33914767,29900139.96850641
臺北市士林區士東路２７８號四樓,25.113182,121.537233,13018283.014114091,10716926.545551717,12028871.61335845,13106438.600226361,14273896.516916705,15663845.822474057
臺北市士林區中山北路五段８１１巷３０弄４號一樓,25.1009999937848,121.524120039085,9061861.345755244,7356490.511880453,8128246.876146286,8982224.093911713,10226907.848407712,11729462.130633093
臺北市信義區信義路四段３９５號,25.03328901,121.558578,35454288.48169872,31078976.07028184,33263925.08498594,35832343.93589575,38409857.84823386,40066730.14737226
臺北市士林區忠誠路二段９８巷７弄２號十樓,25.108436,121.530069,50832788.35428839,37141388.72086781,43013811.729853965,53546220.588754125,60872657.449543,65450797.37277434
臺北市內湖區康寧路一段１６１之２號,25.07902499,121.594753,35369935.31336257,29985954.693344682,32463042.660906147,36188764.23327262,38703498.08772486,41476069.675730854
臺北市北投區稻香路１６１巷１６弄６之２號二樓,25.14245001373,121.488880003564,20918424.664034065,17368234.091346648,19620913.035428517,21340417.42583645,22744213.867506117,24252510.2628655
臺北市北投區大業路５１６號二十二樓,25.13460698,121.496543,44459313.66261501,36510128.53220239,41096322.531305015,44851523.72066765,48814865.785541736,54768902.22713302
臺北市中山區德惠街１２號九樓之５,25.06656198,121.523756,20632424.074983746,17671065.46934089,19255308.27255649,20910970.233983967,22392086.69260547,23929143.185741175
臺北市南港區研究院路二段７０巷１號二樓,25.0455099926542,121.614549961693,12564608.37115082,8327120.370804083,9933328.21808456,12155568.318142142,16201537.339788774,18986180.148757882
臺北市內湖區康寧路三段１８９巷１４１弄１５號,25.07403202,121.611495,19322402.328316115,15401592.191329641,17849432.359611735,19845396.87219091,21612673.295268968,22860277.791714065
臺北市北投區致遠二路１１３巷２２號,25.11723,121.511402,15297799.242902853,12309989.58831956,13759225.23061636,16025253.778962113,17653681.721153717,18803454.960714355
臺北市北投區同德街１７之２號五樓,25.125247,121.5281541,24588481.227745228,20401769.325639155,22817707.89501167,25522453.081034116,27568903.500536513,28786719.670808233
臺北市南港區研究院路三段７號,25.03557002,121.61736,22041903.323241796,16955365.0084241,20592091.23814641,22752681.746120505,24632687.2063628,26666585.729879312
臺北市文山區和平東路四段３５６巷２號二樓,24.99912999,121.57396,10867832.165826594,8107211.074884198,9692285.774052128,11007538.098314563,12769314.613011613,14456608.771660315
臺北市大安區安和路一段１２７巷２９弄１３號,25.03564801,121.553586,36961137.32799419,31894331.35918518,34098953.87847775,36266510.958898045,39587103.65636879,45041252.44129567
臺北市文山區和興路２６巷５之１號二樓,24.9853599886342,121.54612002035,13375312.831464637,11179031.767667197,12872453.78680975,13878805.663879963,14560109.30706222,15486431.578472055
臺北市北投區東華街一段２２巷１８弄４號,25.1094800071369,121.520439964496,23577986.804090414,18100462.572365943,20845911.699627623,24891120.363402165,28305215.97558663,31368871.21757272
臺北市內湖區文德路６６巷１４弄１４號十四樓,25.0773600093449,121.580959987632,30405672.48877175,27099444.39251,28709560.136041854,30276738.65348822,31864622.43361464,34981911.78947181
臺北市大安區敦化南路二段４６號九樓之３,25.0313700153638,121.548420014581,15219058.88821596,12243423.626102086,14136161.272139298,15631546.524520453,17012234.111700676,18287717.444771614
臺北市士林區社中街１５６巷２４弄１４號五樓,25.091251,121.510182,8406759.349261772,4879734.080026907,6153976.065268854,8396320.718346143,11823470.449687775,14287914.439848725
臺北市萬華區漢口街二段２７號七樓之３,25.0455700070809,121.507599978478,22192895.070358064,20716114.902305588,21740993.52878781,22675108.68379464,23868234.032994345,25327197.948530637
臺北市萬華區長泰街２９７巷２０號二樓,25.02060602,121.492962,11238155.476499058,7951536.286174632,9963781.367957788,11554347.988659166,13298454.156940259,15664479.287148327
臺北市信義區信義路六段２１號五樓,25.0345253,121.5756302,25206367.394989595,18878787.418730788,23217897.061959967,26659664.042897433,28181416.095306214,30448772.881278507
臺北市大安區敦化南路一段２９５巷４６號七樓,25.0353712,121.5512074,39316607.45510404,34696439.840369895,36994474.17645319,39458104.597526446,41777878.69954388,46359429.268024184
臺北市萬華區萬大路４２４巷１７０號,25.020661,121.493489,8725692.303489925,5018465.409901852,8725421.669869635,9588241.299573619,10274939.027580598,10940883.833820475
臺北市文山區景文街１０７號,24.99066402,121.541301,49890430.978475995,34068894.10875199,44044114.510386586,50857603.32248564,60166377.845562704,66325538.61885989
臺北市中山區松江路４３號十樓之２,25.0672896135721,121.533455061758,7111962.825125455,4980695.421900617,5923862.93802868,7389066.366168436,8717411.112668512,10158991.923471848
臺北市中正區羅斯福路二段８巷８號,25.02869719,121.5202648,33983837.214503855,28248173.993338734,30279229.240775157,33424122.159838594,38373409.695551574,42261710.95483396
臺北市南港區福德街４７３號八樓,25.039141,121.5928014,23299261.514354896,20810491.204707675,22072150.4712104,23460205.710342888,24862490.221806478,26526360.082099743
臺北市中山區新生北路三段６１號三樓之１５,25.06597902,121.528078,19619640.823334295,16617873.575437311,18272474.754016105,19932862.634496234,21593001.957937244,23534832.594400957
臺北市中山區民權東路二段３６號九樓,25.06238,121.529303,56237918.438077636,47330235.909421355,51764938.73936887,57488224.64636826,61787043.93613852,65648687.72840133
臺北市萬華區長沙街二段１９９號,25.04120601,121.500373,9123915.70039708,5504846.530522362,8493381.237114878,9913732.144356364,10887915.229982808,12232200.194037333
臺北市內湖區內湖路一段６２９巷１２弄１３號,25.08130902,121.574212,17796676.225265913,16211333.351093316,16876609.589819692,17732005.265720427,18971010.72702767,20083296.89102085
臺北市大安區富陽街１２２號二樓,25.01934802,121.556547,17118494.9610459,15104956.67345348,15887352.844406141,17126137.964637965,18404613.51166415,19883673.22253569
臺北市北投區中和街２３４巷３號四樓,25.13958701,121.501725,13055477.977406617,10992462.98211453,12209136.53203341,13429165.41598181,14376100.012942683,15140127.013528863
臺北市士林區文林路２７號,25.08640002,121.525168,23330705.702007756,20395968.120479602,22566852.582793053,23729241.778890014,25154750.01274673,26222236.77920951
臺北市文山區保儀路５６號十五樓之１,24.9878199933971,121.568429964394,16468009.952307902,12480981.036778102,15033542.328375755,17307526.73921939,19287149.412629444,20824851.81534204
臺北市內湖區陽光街９２巷１４弄６號四樓,25.075409,121.585503,14416839.30711509,12461613.29489104,13574948.44678494,14611159.96686079,15585003.874110863,16334806.94025042
臺北市中山區建國北路二段８７號九樓之１,25.058450016686,121.53730996956,21475522.466950502,15449540.876115091,18793159.842051696,22509160.559175864,25402674.0293383,27873054.422189668
臺北市北投區大業路２８０巷９弄９之１號四樓,25.12775201,121.498559,13538754.492752999,9036103.12785757,11912096.50440552,14731093.775892433,17033835.059421778,19037875.828695923
臺北市內湖區金湖路３２８之７號十一樓,25.0736300205223,121.603149986641,49664151.607967086,41387013.89953285,45990904.95611857,50028824.357775226,54708049.360729866,60207108.97534059
臺北市中山區吉林路３４３巷４４號,25.0642000022643,121.532289963929,21662476.45676052,17664313.68614845,19737509.634076208,21808317.66369601,23691372.550445028,26615331.10141838
臺北市士林區光華路２６巷２弄２號四樓,25.137494,121.542075,11656348.038350428,5800523.696067825,10769276.007011926,12655367.350861803,14942309.657896463,17377360.80426541
臺北市中山區朱崙街５８號二樓,25.04982102,121.543281,165998006.9570955,106871992.61063623,163813432.81999972,190065720.230085,217365332.8300513,250014930.0830622
臺北市萬華區環河南路二段２３號二十三樓,25.0335099990636,121.492490005443,19642483.033617556,16469928.081756178,18932558.307882465,20518581.58509377,21846186.695859082,22733098.23621366
臺北市士林區中正路３４９巷２號,25.09409699,121.52238,12645691.265713478,8901138.386794422,11522184.12244708,12882040.914270699,14338035.494749479,17110965.924782712
臺北市南港區興南街８４號三樓,25.05576999,121.600915,15019802.847224254,10694806.180980023,14341424.190903135,15707354.913527867,17458961.326529216,21154351.162764326
臺北市北投區行義路１４２之１３號,25.129857,121.528211,6538248.832683613,5158798.822208137,5577385.70385234,6259809.925233265,7711313.807801744,8864753.585561514
臺北市北投區公館路１４５巷４弄２號,25.12964,121.506187,11460768.007869722,9047172.00262648,10339432.182295535,11539450.318709332,13126805.926743984,14637284.36578927
臺北市士林區忠誠路二段１０８號九樓,25.1133799809559,121.531180032311,56239842.95381072,46125862.05263988,50901806.73284915,58734262.85275383,63553119.82569373,66507800.507045306
臺北市內湖區陽光街１６１巷１弄５號,25.07482201,121.585476,14778589.395569386,13198433.067714348,14019344.870022275,14859380.438738124,15727193.131058497,16495374.115868494
臺北市萬華區康定路１０３號二十一樓之１１,25.0394800096003,121.502019977897,11508709.384776205,10563683.218330426,11093726.331347689,11589476.160059018,12064634.815825202,12537139.320070252
臺北市松山區民權東路三段１０３巷１０號四樓,25.0629800162571,121.544919983272,21464183.842651002,18184612.986880165,20055860.56071592,21789303.534092598,23234193.47435625,25315490.456230044
臺北市大安區龍泉街５５號二樓,25.023469987802,121.529420000282,27176565.99630496,19529275.386615116,24578889.924128056,28184447.928043403,31568033.56066333,34068440.863526955
臺北市南港區福德街３７７號四樓,25.0397064503849,121.589272506797,20468305.277191117,15592199.856047342,20002066.66678584,21904650.144321114,23051251.20128181,23938425.87258676
臺北市大安區復興南路二段２９１號十一樓之５,25.0250299857115,121.543669990051,13703125.784555152,10556076.543711951,12128048.39714646,14155120.47259136,15716808.26886891,16847652.098443694
臺北市士林區中山北路六段４４１巷１７之１號五樓,25.1162999845651,121.526920013841,20482712.820062272,17871462.443146817,19399271.34085743,20481150.114082307,21672048.71697813,23001158.89458967
臺北市文山區羅斯福路五段２３６巷３０號,25.00170007,121.5375367,15963613.103389494,14024254.25040659,15094140.983883843,16021647.342939787,17185398.482036088,18159552.118572034
臺北市文山區興隆路四段１２４號,24.98253499,121.562233,14644854.794044502,12533035.62628945,13464044.955329515,14355288.851281146,15428685.951940259,18437447.24518159
臺北市大安區新生南路一段１５１巷１０之１號四樓,25.0352899800219,121.53381002207,25334979.432137433,22609206.444638483,23783806.770316146,25149646.816189907,27201162.294119693,28967684.95076736
臺北市中山區遼寧街７６巷８號,25.0509200082398,121.541239992502,25226345.378334157,20545096.318665456,23751264.357517693,26158351.245055377,27909026.76687134,29849074.37712664
臺北市大安區仁愛路四段３４５巷２弄１號二樓,25.03856198,121.553939,48866336.95576107,38849380.244395494,45315618.63807948,48472605.52290885,54458374.88676418,59393536.21742555
臺北市內湖區文德路２２巷５３弄３號,25.0758500094879,121.580149960509,17476018.325081278,15588758.529696282,16396355.619112844,17279824.442626774,18372966.753829878,20951969.00940215
臺北市信義區永吉路２１８號,25.04537701,121.573164,66049712.940748855,50163677.21204662,60076963.58888458,65935500.16306753,73845210.72117046,86759207.29269753
臺北市萬華區康定路９７號八樓,25.03964601,121.502094,8654003.0310362,7222616.386445292,7893934.0967068,8592586.301628755,9622527.396597136,10392930.87332649
臺北市南港區東新街１８０巷９號十樓之１,25.0456899940249,121.593899969754,33076652.41159212,26387120.115536675,28175327.981197372,32716793.869492427,37739499.3983385,41492437.148376
臺北市北投區中央北路二段４２巷１７弄９號二樓之１,25.1378200180539,121.495400034588,9997312.69395578,4538269.361577413,8907027.313467935,11188574.971409038,13430804.080805436,15048434.02178011
臺北市萬華區漢口街二段５１號十一樓之３,25.04586798,121.506388,12805358.886590967,11477728.063491233,12003028.35995628,12860855.319697399,13677794.146665582,14278945.995398726
臺北市內湖區新明路４２８巷１之２號,25.05455302,121.57951,22495659.38409918,19386499.40155929,20691911.539308082,22606242.272965867,24452022.651693586,25817230.069282316
臺北市北投區行義路１８６巷２６弄２３號三樓,25.13162298,121.529281,12486772.752498923,9729990.01851666,10947640.345844785,12341094.127479734,14683674.589180699,16665455.879763642
臺北市文山區指南路三段５７號五樓之６,24.9836800037807,121.579839997729,7228208.120470477,5806979.613000095,6938072.387260418,7585562.970150809,8032837.302759008,8546210.677830024
臺北市士林區環河北路三段１９３號,25.08749398,121.504569,5308989.7946790755,3698154.296515155,4113286.788460864,5062071.018873401,6349050.2387119485,8543036.305055818
臺北市文山區萬壽路７５之７號四樓,24.98562301,121.587745,17957540.71656851,13090337.155516723,15937655.095907645,19204805.549925394,20803303.813052002,22115278.40323975
臺北市士林區忠誠路二段２１巷４５弄７號,25.11030298,121.532819,18774445.655476052,16785041.987008754,17835094.865067054,18912724.45125955,20194031.14655086,21362532.09884963
臺北市信義區福德街２６８巷２６弄２號,25.03968398,121.586073,21453500.451578513,17440394.830779135,18976936.152883857,21416915.57104812,25117975.03343129,28065454.036171984
臺北市萬華區青年路１６８巷４９弄１３號五樓之１,25.01931801,121.501721,8571080.954450145,6947730.1225410085,8086985.443076629,8758278.718890302,9407424.853706548,10103752.235052586
臺北市士林區劍潭路５５巷１７弄１３號四樓,25.08418833,121.5206328,18389117.307174362,15877221.126962755,17385274.159429554,18663453.536897454,19836285.154085312,21524265.45406952
臺北市信義區虎林街７６巷２５號,25.04357901,121.576154,3319923.3315106304,2415043.88409153,2666711.351208611,3070426.4677781938,4102853.4546189597,4980993.780604149
臺北市士林區承德路四段１２巷５７號,25.0809700112236,121.519570006765,4545942.385672582,1966324.587026986,2995684.7931139553,5375397.362941504,6928203.24063848,7890731.5434611365
臺北市中正區汀州路一段１７３號四樓,25.0271900021598,121.510819970402,5728205.311336083,4635928.201156852,5478614.442128627,5988238.201189358,6379044.833866161,6791684.6728015635
臺北市中正區羅斯福路一段８３巷２號,25.031403,121.519855,14551403.351201165,11547220.854712784,13779251.70380895,15180952.870149385,16183269.851313407,16861063.43192986
臺北市北投區尊賢街２４５巷１４號四樓,25.1171900169538,121.506340010793,14165821.596007561,11335653.041952806,13215772.946251951,14685190.359193355,15819192.144347185,16717090.097401714
臺北市中山區吉林路４４７巷１２號三樓,25.06730202,121.531064,17330313.556552477,15767460.426396038,16455402.47034214,17425958.765028074,18315322.864428543,19971095.721994217
臺北市大安區建國南路一段３１８巷１號四樓,25.03532728,121.5374305,43395764.37921012,35993681.03952219,40720336.666214794,45353095.34981334,47856177.555203736,49651799.918030605
臺北市北投區中和街４９３巷３弄１２號,25.14446402,121.495528,13607554.445439596,10976197.387408033,12431824.453902517,14001940.956626216,15514684.126630416,16838636.066856977
臺北市信義區福德街２６８巷５弄７號三樓,25.0390599924322,121.585629964986,13991375.392756158,12320441.507428423,13305054.557262119,14264617.123650268,15172902.65757242,16280920.529286694
臺北市文山區育英街１１號,24.99057399,121.539259,36463581.12479919,31131156.071803354,33624510.58860535,36668956.74907037,39277172.889538564,41982336.25395256
臺北市內湖區民權東路六段１４６號四樓之１６,25.0688100071013,121.589750005673,10786613.680693198,9382080.933466401,10234981.746739972,10936743.419674195,11549119.89947597,12099852.354837567
臺北市中山區雙城街２３巷２０號,25.065738,121.525218,10363344.159407832,8021464.071695817,8944862.7584568,10329053.729413655,11592726.818276355,13308262.624336362
臺北市信義區信義路五段１４巷１弄６號二樓,25.03229701,121.562932,41543750.98114391,31886330.409725774,36059451.224006146,42885455.627466395,48312056.03874931,51992906.72689671
臺北市內湖區環山路二段１１號五樓,25.08622898,121.571078,16261510.078872403,14592536.737378951,15427060.200680565,16284968.329812212,17138887.904755853,18809918.895775974
臺北市北投區義理街２３號,25.11662998,121.515188,55390539.03010248,43417167.22441602,47472336.89690459,55768172.31113024,63073908.18111313,67111625.82484356
臺北市大同區民生西路１１７號四樓,25.05753999,121.518718,5544227.616992474,4301556.716852823,4943473.856372877,5837943.730760089,6361663.8077690415,7146690.573642918
臺北市大安區建國南路二段６９巷１８號,25.03109911,121.5386989,35881193.27835865,25338443.307613928,29869176.776528504,36699339.15633857,43438838.254330546,49085938.37079288
臺北市北投區永興路一段３２巷４號二樓,25.1387100085331,121.500070011942,13357071.918265464,8976054.621270087,11668779.111836297,14201236.38432775,15660261.425464677,18340482.336471736
臺北市北投區溫泉路３７巷２８號五樓之５、２８號五樓之６,25.1354311586974,121.50638518217,10540533.927228844,8567422.327799737,9340193.146779254,10673283.274265494,12115968.213187505,13524589.899130773
臺北市萬華區漢中街３５號七樓之２,25.04500699,121.50775,7910479.048655041,6169384.698784411,7001288.7620399,8000847.761019692,9055064.393461494,10163799.218671696
臺北市信義區和平東路三段５０９巷７弄１３之２號二樓,25.0181600102308,121.560690031182,17564865.03700969,14357103.860654082,16264191.605864711,17847189.559201404,19658790.78129308,21615152.498413015
臺北市中山區長春路２５８巷２６號九樓之４,25.05354698,121.538957,11650211.73662847,9671465.026351677,10513763.565911146,11661221.961872399,13069907.15328821,14640449.56756293
臺北市中正區水源路３７之３號,25.0186032,121.5239452,50769927.761425436,42757360.11491597,45461027.45880269,49763578.88317207,55251499.53224367,63092689.413263395
臺北市中山區民權東路一段５８巷７號,25.06219099,121.524734,25150975.47808195,20947528.40761432,23430607.984938636,25453477.903014217,28225575.134369534,30648701.11235375
臺北市大同區承德路二段１３９巷９號二樓,25.05776999,121.518679,13592980.558626471,10365230.680315243,12213899.93380609,13848118.143915877,15547789.768267186,17552742.396809332
臺北市萬華區寶興街７８號二樓,25.0260700122575,121.494220030259,15317459.550101852,9038753.692414664,14315323.318928616,16850395.60353859,19233703.25872502,21320608.978894785
臺北市大安區建國南路一段３４１巷３號六樓,25.034531,121.538373,28557100.1624785,25721730.05575563,27028597.852841623,28676632.278554074,30269031.989602126,31951902.989736803
臺北市文山區景興路１３７巷５號五樓,24.9942199955668,121.545149982695,14357496.278932046,12615946.049511608,13585225.287972877,14552519.463921364,15571606.579960732,16563555.826473664
臺北市松山區八德路二段３８３號,25.04799598,121.545155,21712989.57686769,19676728.90336954,21295343.13438118,22565140.748016663,24182548.702385258,26523930.56921579
臺北市萬華區西藏路１９９巷２３號,25.02856199,121.499952,6660562.939521074,5020320.445045356,5745394.249165656,6902756.230322564,7742611.614492776,8558941.42324936
臺北市內湖區新明路４９１號,25.05422202,121.579708,16718415.584215283,8068985.786275145,13829585.850299738,19192904.040767938,23754718.702635035,28860938.78465735
臺北市北投區公館路１４５巷２弄１２號,25.129534,121.506051,12155816.301468607,9311963.082716439,10783337.113627506,12294969.856990844,13922729.08946858,15486101.76748066
臺北市北投區榮華一路６巷２之２號五樓,25.1120100007914,121.523979977483,19187491.627875004,16181467.877780624,17347686.47365197,18655262.48552547,21251032.83384996,23727898.68251866
臺北市北投區幽雅路７號七樓之１７,25.13729598,121.513111,14689460.058261259,11230624.090117028,13436629.007470392,14846673.16779159,17250241.3882448,20686876.87358678
臺北市內湖區東湖路１１３巷９５弄１３號,25.0717899832277,121.615099982179,14018535.388182487,11730017.472084451,13438963.422812682,14568787.145850211,15768352.877540959,17753465.53172122
臺北市大安區光復南路１８０巷１４號四樓,25.04252599,121.556938,60463638.112971656,51015612.73815968,55012431.96100407,62805110.54075385,67252912.99364391,71433221.58471848
臺北市內湖區新豐街１５６號五樓之１,25.06132459,121.5853931,48134025.86032356,39204381.09484656,46131455.41859434,50225135.239419386,53930776.05928601,58739000.92358152
臺北市中山區民族東路４１０巷２５號三樓,25.0667499867579,121.538440017746,15907733.627024036,14646091.343425866,15441945.124944452,16004313.79926471,16663417.4277959,17298735.69211707
臺北市信義區松勤街８號五樓,25.03201199,121.559826,27990782.387400534,22272958.65569176,25350997.912102725,28258417.790976614,32074508.348910104,35336268.57851963
臺北市信義區松山路４２１號五樓之８,25.0404899870234,121.578009976809,7750866.618398256,6227062.163648787,7421045.302654546,8040810.546443632,8555918.749502694,9328759.495086048
臺北市內湖區東湖路１１３巷９５弄１３之１號四樓,25.07180101,121.615107,13999977.088953871,11674880.69877318,13150560.639053196,14118665.424575653,15130935.379069678,16455821.159182195
臺北市北投區天母北路１０５巷９號八樓之２,25.1243099826967,121.527140038799,55737204.9923169,47789084.5844785,51727278.78973788,55871792.99993482,61760323.23102514,65513786.8326805
臺北市士林區士東路２８６巷１之１０號二樓,25.1131599979071,121.537499987305,26981402.785638966,24012651.96712033,25708292.188471243,27016962.770789083,28146515.43104663,30351146.133796956
臺北市信義區忠孝東路五段７９０巷２２弄１０號,25.04257302,121.581974,22343842.57077698,20054298.22484304,21094003.417297527,22334030.279293038,23464648.276799105,24886595.70228424
臺北市內湖區文湖街１１巷２９號二樓,25.0856500049521,121.559029995258,23708479.33617312,20773515.311545793,22617198.7762968,23841542.769091487,25229298.770036448,26783569.45598477
臺北市中山區中山北路一段８４號,25.04919799,121.521068,13758488.815528074,11628046.101472922,12362640.300445234,13683702.871072605,15126434.041132998,16981316.1311183
臺北市中山區農安街１９號,25.06503098,121.524022,13967959.761982271,10958541.12377098,12115419.7621065,13908073.32913879,16643804.389466923,19045668.662294563
臺北市文山區興順街１９５號三樓,25.0015899934813,121.545850039248,15377887.799526604,12796267.06328361,14480360.053397061,15809158.18157332,17064994.377211936,18239724.470314763
臺北市信義區信義路五段１５０巷３４２弄３９號,25.02266379,121.5791546,14940964.483217265,10765307.257762222,13997228.009797646,15593083.600126773,17257907.03628694,19300297.78364871
臺北市北投區中央北路二段３５０巷７６號十二樓,25.1394899865331,121.488910010778,22508480.268701486,16974540.597419128,22609750.764871586,25034412.85359052,26727804.798204396,28249347.326698683
臺北市萬華區西昌街１７１之２號二樓,25.0389599963273,121.500699995784,10109602.956572898,5807625.498457886,8951501.01032538,10964017.890950896,12508546.550476711,14994632.116453955
臺北市信義區中坡南路２０１巷１８之２號,25.04141602,121.585647,30436644.472751148,24345562.219728883,28077781.847156998,31498495.57151291,33742919.108192295,35977682.01975527
臺北市萬華區和平西路三段１８７之６號,25.03548398,121.4977,5183692.773064246,3936681.1880553165,4359589.360933101,5259739.66458437,6170664.279666675,6684976.923616803
臺北市士林區中山北路七段８１巷１６弄９號八樓,25.1222099806751,121.530230027405,46281067.35976556,37209843.801679194,41308918.45222815,45420284.65659738,51888320.048515975,61319522.03657305
臺北市萬華區萬大路２７７巷３５號六樓,25.0255399826102,121.502130032285,18638560.20959247,15265017.599613972,17822671.027538422,18931192.907190166,20190227.220760968,22046743.09458321
臺北市內湖區大湖山莊街１８８號,25.0880199880749,121.599100018665,11613741.068077166,9000603.217736676,10428055.319612643,11958792.117251895,13176648.294110524,14161867.770328894
臺北市文山區萬盛街８９之６號,25.00558749,121.5426312,16780543.925987117,12747399.225298353,15559724.23319571,17405211.02409134,18828580.842066165,20877583.636984423
臺北市萬華區武昌街二段１２４之２號五樓之２０,25.04536628,121.5037647,3970121.1612186846,2833547.4188353177,3489706.4348321916,4043145.97579818,4428605.060268872,5280556.161425387
臺北市信義區吳興街１５６巷４０弄４號四樓,25.0285000098071,121.559949992951,17290740.470867913,15598728.004069157,16302899.650799915,17253846.42844774,18271196.89714581,19278729.77067726
臺北市文山區景華街１５０巷１之１號二樓,24.996309981214,121.547999997413,18680337.863388475,15808982.135274054,17325205.620898247,18451681.083413795,20293181.901054878,22219776.58104193
臺北市大安區敦化南路二段１５２號三樓,25.0252099870822,121.548369974619,35636246.42316072,32143442.69385673,34210307.08404192,36044133.79144042,37915435.40057331,39288310.70922311
臺北市北投區裕民六路１１４巷３６弄５號三樓,25.11407601,121.518754,20865854.89649579,18526310.632405266,20006657.37834353,21216027.068066016,22607699.013883755,24624460.795082137
臺北市北投區知行路２３７號,25.12040498,121.466995,5953106.176446979,3490753.6999836704,4276730.117739121,5413852.7875897465,8078012.184691172,11537103.674363311
臺北市北投區幽雅路７號,25.13729598,121.513111,11053924.603074435,7710014.124682202,8667149.319476876,10672289.552654436,13923833.270796722,15981620.072376067
臺北市信義區吳興街１５６巷１６弄５號六樓之１,25.028829,121.560858,14312737.759126525,10901334.993662683,12374699.466239555,14188778.451151948,16752357.78047791,19510579.801650416
臺北市中山區民生東路一段７８號,25.05791001,121.526699,6697519.5328496825,5942260.756037725,6248956.677015514,6620668.958752563,7316975.063608389,7771661.589025846
臺北市大安區樂業街１４８號,25.01994699,121.552952,29869524.48635006,24728456.416697383,28055787.8372355,30526591.666261833,33206162.52775492,36209986.09734401
臺北市文山區萬壽路５２號五樓,24.9874200089776,121.587650003651,22876016.987145122,15660310.448347673,21223344.834115937,24718287.764760442,26715664.81230048,28730260.298105475
臺北市士林區中山北路七段１９０巷２４之１號四樓之１,25.12579199,121.534979,10789965.308909051,8135559.151325948,9828788.069187384,10929015.60453968,12420308.937245393,14733782.645343428
臺北市文山區興隆路三段２０７巷１６弄１２號,24.99432301,121.562019,10891845.773272548,7331517.597685393,8944589.68905622,11299918.124762397,13872692.725030322,15128766.322324112
臺北市文山區興隆路一段７０巷１１弄１３號,25.00248099,121.540501,15035799.862551078,12190159.932388864,14188232.399428623,15542648.73645575,16578161.612614289,17781878.630095474
臺北市大安區和平東路二段９０巷２號,25.02510098,121.539637,34413940.69205512,30973501.456884865,32997272.86516618,34756201.8437423,36410191.56436222,38734010.959267445
臺北市中山區新生北路二段１３７巷１７號三樓,25.061381,121.528417,14040703.930201532,11993703.167146385,12835052.808395002,14145933.979700927,15576847.498825355,16849868.519900564
臺北市大同區長安西路１１７號七樓,25.0512600201421,121.51580996882,10638524.87832908,7099605.321245957,9761268.84911434,11436915.454298165,12664247.428334188,13863372.763212737
臺北市松山區南京東路五段３８９巷１５弄１１號,25.05274299,121.569604,11076710.008327207,7198216.872953449,9239538.873442836,10676406.018047884,12716637.28717321,20182418.46546111
臺北市大安區延吉街１６２號,25.03921502,121.554947,32264667.562829364,27878889.93639434,29922270.041239683,31855804.340129368,34737506.980857775,39131187.94402935
臺北市萬華區西園路二段２７９之９號三樓,25.0253399904004,121.492209966058,15804175.991126375,10421058.348033525,13570086.673304293,16326178.444546835,19168395.5552629,22061047.604000546
臺北市內湖區成功路四段７０號十四樓之３,25.0828499882868,121.593049960953,12768535.780897466,10703675.087734684,11825901.943273071,13002285.740758548,14044347.942168863,15221092.114731973
臺北市松山區南京東路五段２５０巷２弄３３號,25.0507789,121.5679145,21329570.887272596,18465528.030983523,19724245.092324518,21490470.244886614,23277715.345062412,24967426.888826497
臺北市中正區博愛路２２３號四樓,25.0339488501658,121.510681361198,411887461.3726494,327205334.6450742,385023796.175025,438770855.014987,476769125.41458416,520151014.8275096
臺北市內湖區安泰街８７號,25.07668799,121.6169261,44777183.39967207,35391419.12024065,40966207.17031843,46540359.60701608,51626881.31240398,56939809.858099766
臺北市士林區社子街２５巷１弄７號,25.0879399828091,121.508219987856,9314933.349115372,7521121.37881321,8464612.342476778,9176136.795945864,10360678.246076528,11757907.108207298
臺北市南港區中坡北路５０巷２號,25.0463799922943,121.580899973205,8880324.138339981,6498585.560269695,7866757.032335559,9187557.929754678,10342043.382682119,11662466.501433495
臺北市大同區大龍街９１巷１２號六樓之９,25.0672200019784,121.517030038646,13780155.757430682,12384368.713933505,12947185.077003865,13675107.403619979,14437513.757294768,15396726.950165994
臺北市大安區復興南路二段１５７號八樓之２,25.0281200162266,121.5436900228,23588391.104393806,20594164.622624803,21617308.6868576,23120460.356813412,25888697.9559583,27783289.458707206
臺北市內湖區內湖路一段２８５巷５９弄１１號,25.08374601,121.567516,21781320.199337,19007395.053821538,20354728.57515417,22030211.457358193,24136028.52499354,26067385.820011605
臺北市大安區復興南路一段７６號十五樓之３,25.04388902,121.543593,31565231.756621655,27107372.61484632,30434871.976288926,32502471.513785683,34736114.28791581,37718296.42385666
臺北市內湖區文德路２１０巷３０弄６號,25.07723001,121.5843,17615341.89526619,14431726.174846826,15834741.196742592,18154828.681407455,19878853.123652786,21226202.99811042
臺北市中山區林森北路５７５號六樓之１５,25.0653300085409,121.5259799834,13659647.642307987,11728089.491421971,12742777.447476296,13818165.270853298,15034792.74686559,16232733.69674451
臺北市內湖區行善路３號,25.05573101,121.574986,22442926.681398675,18285963.493330743,21611582.644135058,23155337.14637502,24678201.5789596,26529436.736112397
臺北市中正區汀州路三段１５３號三樓,25.01583931,121.531316,24789790.243760377,19949196.627347644,22566267.914717983,25217931.052799176,27923225.95805922,29387542.29597146
臺北市大安區樂利路５巷１３號五樓之２,25.02884501,121.551638,10992470.416600728,9187457.524347372,9969666.03885189,10836019.497999936,12043063.440595025,13787542.978020221
臺北市大安區安和路一段６３號六樓,25.0373300095263,121.551719969861,65588546.572609305,55300060.06014754,61627829.92061921,66613547.466482185,71227069.87697041,74617807.31030384
臺北市內湖區康寧路三段１２號十二樓之３,25.07284698,121.606532,61847725.5588958,52075311.84655826,58592422.61569494,63041424.71791672,67967368.19604474,73504712.24948505
臺北市內湖區大湖山莊街２１９巷３１弄３３號五樓,25.0887399935577,121.600680007413,21417688.157092553,18279321.178779744,19997712.11317498,21647124.742011808,23822308.173303977,25603988.46932035
臺北市信義區吳興街６００巷７６弄２２號二樓,25.01837371,121.570478,16665119.59783202,13266784.398894008,15561449.26474976,17222789.91056994,18901957.428689323,20657889.23369812
臺北市內湖區星雲街１６８巷４３號八樓之７,25.07997998273,121.597330012171,10971068.140092224,8428406.057956867,9980914.626372617,11379567.937102223,12830648.280376019,14407019.691656152
臺北市信義區吳興街２８４巷２２弄７３號三樓,25.023540018603,121.561650010553,8277384.571673843,5770864.909819501,7399382.203022911,8769665.289486377,9914436.599490862,10735902.233726129
臺北市文山區福興路８１之１號,25.00420402,121.549691,9979244.26662388,7893204.316071398,9238428.28631859,10274122.752493612,11169721.807458397,12000434.319675371
臺北市南港區忠孝東路六段２７８巷２２弄２號三樓,25.0482999929452,121.589529980714,9987085.981826529,7915331.328543326,9200880.192301279,10329824.773141699,11377228.69790623,12809575.526192958
臺北市文山區木柵路四段１５３號,24.99944079,121.5752959,17998260.815060016,12827635.149513477,15865467.420697788,18437733.217293594,21098542.067770407,24574910.884134926
臺北市內湖區康寧路一段１９５巷３弄６號四樓之３,25.0792699936215,121.597249964996,22656616.33263419,20532435.553685453,21841648.0428847,22888388.78315291,24006840.908024408,25078018.49036205
臺北市中山區林森北路１３３巷４１號,25.05080899,121.526661,24543729.878654487,18361758.78760558,21657245.522336535,24219141.874518402,28879471.829314135,33251072.53929116
臺北市北投區珠海路１１６之１號二樓,25.1420199801875,121.506170025797,15435501.116435938,12466616.815557623,14229380.650314722,15525452.075618822,17035508.954314087,19391015.627226315
臺北市松山區三民路８０巷５號,25.056592,121.564315,16520937.041209342,10431036.69254958,12558227.86856431,15348833.89130162,23549921.96255696,27329679.409184355
臺北市北投區西安街一段１６５巷７弄５號,25.10911171,121.5184701,17173168.1586865,14754307.337979065,16220913.407705186,17252285.007081226,18429531.59589016,20530740.538603503
臺北市北投區中央北路四段５４１巷１５號十三樓,25.1274899929424,121.468120041056,27542017.23491789,23107796.233153947,25629207.47346928,27782375.247069955,29920223.266795836,32499351.41384879
臺北市大安區和平東路一段１２１號七樓之３,25.02691281,121.5273116,11363599.55069464,6488351.28926946,7959318.685990538,10396072.863385987,17903317.28256626,21277838.971613776
臺北市北投區明德路３３３巷３３號,25.116404,121.518391,18618830.488072217,16249221.926610913,17923839.554013427,19066837.999468584,20501507.5653557,22282487.796493806
臺北市萬華區長泰街２８２巷１１弄２號,25.021703,121.493543,9330958.3265978,7392476.206994892,9050582.136238672,9832884.510973725,10527249.869585462,11112261.07324763
臺北市北投區新興路１５８巷３１號,25.1393200015367,121.485750033281,15704329.432116464,11026390.714775074,13825376.272857483,15342675.187687602,18685769.595413655,22982530.90275325
臺北市大安區仁愛路四段４０８巷２２號四樓,25.0365799968301,121.556799989919,71693823.6686457,61226111.349770404,65894806.5305457,69783719.71800676,79415738.9572924,87079236.44070609
臺北市大安區敦化南路一段１７７巷２６號,25.04294702,121.550392,36801413.16834721,28332033.98886045,33525004.986050654,37802754.17280479,42795654.70981732,46447608.652581766
臺北市中正區寧波西街６８號,25.03025698,121.516953,26866311.453340705,22605365.580336623,25088275.34422399,27907447.55855774,29543577.46523265,31345380.11568026
臺北市南港區園區街３６號,25.05922949,121.6123821,36946586.2220614,32719088.130839907,35631770.023860395,37629202.175121196,39405276.19283521,41171225.13807748
臺北市內湖區行善路５９巷１７號三樓,25.056840020724,121.577930013453,23804636.50062143,22054465.29688587,22847019.26580493,23868573.30328012,25015541.15285963,26435917.19340806
臺北市文山區景華街１３巷６號二樓,24.99539602,121.542419,33114411.204056077,28906854.303370435,30978823.437631115,33602249.65655797,35845344.99663046,38318028.81099677
臺北市中山區建國北路二段３３巷１號,25.05533501,121.537473,30207528.02757083,25214349.761627063,28426040.56413357,30904123.643475726,33195259.28453748,36518409.24306635
臺北市大同區民權西路２７９號八樓之１,25.063408,121.509624,8045434.131509869,5814097.105043123,7147448.433739428,8372583.309944515,9327001.815783925,11282051.34890598
臺北市松山區民生東路四段９７巷８弄３號,25.05953099,121.552201,34910945.05717287,27974918.778106157,32134338.200892914,35574178.8850029,38999616.27210556,41985828.52961034
臺北市大安區新生南路一段１４５號十二樓之１,25.035900014935,121.532999994947,16907400.36834116,12356117.865022015,15994680.935806725,17679285.769690506,19535234.536008887,21201241.234981038
臺北市內湖區成功路五段４５０巷７號十樓,25.0743900076833,121.607270027328,37279048.61499862,32686873.3741687,35420317.75104602,37553557.111897625,39261446.085962564,41273147.49680987
臺北市北投區稻香路１６１巷９號,25.14196202,121.488575,15230062.438816097,13408449.696923599,14367021.269489735,15216712.94785311,16480314.988239069,17988094.51602619
臺北市中山區明水路５９１號二樓之１,25.0807600026395,121.551589966543,48431491.37655462,43219884.63787384,46013260.458473474,48814822.874596715,51555123.83744184,53663320.07763548
臺北市松山區延壽街４０２巷２弄９號,25.05580301,121.556846,25918277.05986073,21641847.877561767,24511440.629379332,26628096.034108296,28433116.071717102,29647399.387283757
臺北市信義區基隆路一段３５巷５弄３８號二樓,25.0484900106902,121.570180021958,12244602.060044136,9186058.22414736,11146839.38882348,13323841.471656792,14683434.84502563,15855012.670879897
臺北市大安區仁愛路四段３３號五樓之２,25.0379599933689,121.553949975201,39819144.75500427,36397329.15365443,37979499.86336675,39586827.536904864,40983258.17802297,43669493.66331906
臺北市北投區稻香路１６１巷１６弄１０之１號五樓,25.1422710288488,121.488741170288,20424633.239699207,16903566.22931459,18911358.16154578,20867007.286142804,22478659.24695855,23825740.16693726
臺北市北投區吉利街３１３號,25.11801098,121.511307,27876539.814470537,23793808.05207455,25379345.091250688,27580830.240915373,30446121.603101403,33105311.120912127
臺北市大安區師大路６８巷２５號二樓之１,25.0240734355333,121.528040546502,12328362.044970717,9538535.71208676,11277034.396785371,12617887.494118826,13793627.226722222,15059289.066682715
臺北市中正區金門街１２巷１號二樓,25.0224699848436,121.522650020906,29437181.42768662,23199014.589683313,26137866.533091277,28712386.24177552,34043184.386161804,38818364.09984131
臺北市文山區木柵路一段３２０號三樓,24.9885299825056,121.557320003192,9502510.04888784,7377620.614143072,8625726.955145594,9478426.525425483,10909956.982767139,12130591.345213568
臺北市信義區松山路４６５巷２７弄８號二樓,25.04040499,121.579192,17220992.359348558,14991568.984131811,15831334.653862035,16957362.072276615,18391527.467952944,21353334.180185243
臺北市大同區民權西路１７９號四樓,25.0631500012535,121.515820027104,22399977.993410327,19304299.676620375,20872518.389659885,22567534.297989562,24383546.80531892,26460294.259937152
臺北市大同區延平北路二段２５５號十二樓之６,25.06239408,121.5113458,19353780.108679134,14734658.7184868,17919258.037619174,20361514.9925697,22672119.714485493,24722761.732220005
臺北市中正區林森南路９９巷６號,25.03780799,121.521935,16071126.872868948,13774264.953175202,15219276.36069827,16285584.009873623,17500215.609691575,19314835.263080157
臺北市松山區八德路三段１５５巷１２弄７號三樓之１,25.048869,121.555361,17659952.280310392,12767023.537206048,16740645.316177934,18561605.043932907,20749885.604778934,22164135.4611778
臺北市北投區復興三路６３號,25.14547802,121.503482,16481070.9910753,12709342.974279152,14303072.171388835,15752785.907564415,18684021.475170556,25057707.472931784
臺北市南港區玉成街５２巷２弄１號三樓,25.0474900077318,121.581349997586,14373167.4559886,10952146.99155809,12998743.076426134,14828772.108946532,16195328.5205258,17091937.56481615
臺北市內湖區內湖路一段５９１巷１１弄１３號五樓,25.0812000106467,121.573739983874,18866817.434509624,16695049.438065398,17688642.337568928,19067355.90211843,20346195.004080564,21818774.555550046
臺北市中山區長安東路一段５２巷６號三樓,25.04801501,121.527936,17719726.02160016,14399925.281319061,16410292.928406222,18318256.658526562,19942986.530585483,22359618.67973204
臺北市大安區信義路四段５３巷１６號四樓之１,25.0341399829062,121.544979997699,16887263.184914794,14495497.176480576,15972767.135945564,17138869.616204433,18565028.23444284,19776074.60947346
臺北市大安區新生南路一段１５７巷４２號,25.034884,121.536703,29385887.71469618,23527772.024685185,26058414.80508352,29149887.089890618,33831994.099486366,38049083.0731862
臺北市中正區臨沂街５７巷３２弄９號四樓,25.0371300173165,121.531350017307,20095969.51328148,16397986.242777677,18425542.44942528,20783279.875106364,22379664.0648937,24041921.34650841
臺北市士林區格致路１７９號三樓之１,25.1413399982924,121.549749971158,73299697.31875579,54493361.41723718,64075563.36573927,70605458.86511526,80792791.46980043,98133483.92139395
臺北市大安區樂業街１６９巷５２號四樓,25.020388,121.555521,20804516.466427334,17709643.84807355,19384082.942383487,21051548.601697505,22671921.216324393,24376584.99025058
臺北市北投區吉利街２８０巷４０號,25.11718499,121.509942,10167749.774969842,7589739.826998114,9294856.678849284,10627016.944981355,11705629.168623831,12605046.337129612
臺北市文山區辛亥路七段６９巷１４號四樓,24.98237301,121.554471,13871816.368197212,12435388.945106935,13307975.625124592,14144616.49778693,14844018.181035005,15513452.338392286
臺北市中山區吉林路２２巷２３號三樓,25.05113199,121.528689,50209017.32218023,41418267.58284166,46472678.8236801,50945309.7705835,54545308.41874111,62483989.544903755
臺北市南港區重陽路１６６巷１０弄２０號二樓,25.0563299819158,121.60035998635,8995618.440557363,5900039.807906331,7536789.00553451,8995655.627425296,11527198.165818466,13313233.167313095
臺北市中正區青島東路２３號五樓之７,25.04353501,121.524286,29593356.177652366,22870876.4595886,26019579.80513062,30462208.27626039,34767326.020931736,37989687.06447822
臺北市中山區松江路１號十樓之１,25.04583508,121.533301,24743384.723784715,19897335.05886382,22520289.01060027,25319553.630219877,27551448.174837373,29641382.47367455
臺北市松山區光復北路２３０巷３３號三樓,25.0559499883353,121.554190032908,32349527.838318333,26967176.068194088,31705541.580490056,34161248.213106476,36131149.11445787,37940485.70244791
臺北市內湖區大湖山莊街９６巷８號,25.08815699,121.603915,45198297.07552174,25852652.455029484,31389396.20022324,51226801.2330776,64486552.10158408,72321821.33379136
臺北市大同區重慶北路二段６７號,25.05573801,121.514184,6271010.562936561,5647385.755789551,6026929.322113756,6321997.158210189,6634580.478611862,7296539.230389779
臺北市北投區中山北路七段２１９巷３弄１０３號,25.12779069,121.5304019,18390643.47634549,14798128.88995542,16359879.119087541,17975985.30655948,20852285.022009667,23770121.58289893
臺北市內湖區康樂街１３６巷２９弄５４號五樓,25.0733799883506,121.61798000411,13584585.476175778,10049495.271976335,12023837.688023519,13799996.408171538,15597034.680492599,16746566.855098838
臺北市內湖區陽光街６號二樓,25.0731490772687,121.577652237223,25037119.41781082,20370095.851508945,23516116.075574864,26458792.1071842,28672132.787462197,30231890.87166814
臺北市松山區八德路二段３６６巷４０弄１號三樓,25.0464599975601,121.545809973751,26507250.574304726,23497279.417274863,25324126.907772817,26924706.347623654,28235754.278573606,29832430.933986135
臺北市南港區經貿二路２３５巷６０弄２８號二樓,25.06227291,121.615562,45653294.907850966,39998304.73645891,43011181.89154878,46030541.90601528,48882930.71551709,51572145.972049125
臺北市信義區光復南路５６７號六樓之１４,25.03075399,121.557622,15594764.91069061,14025598.565946573,14931376.986460391,15724153.24477073,16547421.675039701,17367601.114153594
臺北市內湖區康寧路三段１８９巷６８號四樓,25.0718999957069,121.612860002375,17570401.26062693,15172878.597068924,16711673.30070403,17786937.022743326,19047591.83451371,20428954.238090303
臺北市文山區木柵路一段３３５巷１１弄９之１號四樓,24.9889254,121.5567703,14769323.742856072,11068602.67562363,12906276.159722392,14960550.051817564,17324838.767397385,19501150.797332905
臺北市信義區光復南路５６７號七樓之１０,25.0307300151469,121.557580009828,25667026.553024262,21178063.692733824,24224837.299359784,26410176.316331245,28637899.80884185,31532697.738234278
臺北市士林區承德路四段４０巷２１號四樓之１２,25.0810899981675,121.521960022637,4965850.745619084,3699093.9808043763,4553384.650699491,5186581.428262675,5618911.328664689,5982038.143429188
臺北市文山區福興路５４號,25.00343598,121.550511,13750930.702684509,8664976.949461346,12651454.700817805,14895445.238790432,16573847.71571781,19171216.255629417
臺北市內湖區康寧路一段２１４巷６號,25.077776,121.595744,19048248.284744754,16214710.810353134,18246458.06583694,19488711.557686277,20837996.825349733,22421906.027061228
臺北市北投區復興一路６２巷２號五樓,25.1419699821351,121.503489996075,9035619.744606985,6022631.857315745,7394633.482803548,8958541.480670944,11596758.551073758,13676791.723698346
臺北市北投區光明路２０１號,25.13620001,121.503448,29890350.0111038,25253494.750067174,27864608.867926955,30571412.456921007,32689751.717614558,34803891.74692736
臺北市信義區信義路五段１５０巷４６３號,25.02219685,121.5781223,7443799.827597208,5050055.167455568,6529840.542662118,8096927.493357926,8934804.350235272,10136631.465249246
臺北市大同區迪化街二段４２０號,25.07401601,121.51195,13841203.093016492,11731205.459310902,12808622.944502823,13853252.23198792,15194241.464889335,16006452.915628055
臺北市士林區天玉街１３之１號七樓,25.120574,121.527304,65923569.07193137,60763703.05723417,63164631.8254096,65428993.028919294,68045072.61634195,70676257.02583468
臺北市大同區長安西路２９１號,25.05210102,121.508937,6336441.909514528,5085711.275401719,5900149.589422329,6491269.564420905,7326520.955711254,8014705.3511891775
臺北市中山區新生北路二段６８巷８號十二樓之７,25.0566800101924,121.526850024949,15005394.379308507,12832745.474416832,13783060.024986764,14851536.317036096,16017397.381411944,17277810.849843603
臺北市文山區興隆路一段１２１號二樓,24.9999986464029,121.556568579963,14556819.467890754,12027565.207792573,13233874.726157278,14731188.535312895,16371870.881523238,17877130.433076072
臺北市文山區福興路３６號,25.00316701,121.550933,13585039.481830165,9935641.460570903,12501216.463572983,13899330.733139887,15672666.166279355,19094899.155900657
臺北市內湖區成功路四段２１８號,25.08461199,121.596076,15598944.663567724,13413713.263882635,14645737.18838843,15835377.235509101,17014987.862269867,18318773.05366123
臺北市萬華區國興路３０號十樓,25.02481801,121.50812,9294892.566320801,8217635.20210415,8695723.224935364,9340931.049508465,10055794.838709425,10812321.719248738
臺北市文山區木柵路二段１０９巷２７弄３號三樓,24.99022698,121.563059,13806124.878227003,11879646.144499514,13482421.323063327,14569775.588879472,15550912.345871776,16804834.556356553
臺北市松山區南京東路三段３３５巷５號六樓之３,25.0522699975652,121.547500016888,9175755.507653246,8162597.192160894,8617838.306574153,9417319.860901928,10084053.996926848,10524408.790518796
臺北市內湖區環山路二段２６巷２號四樓,25.08613402,121.57253,7370194.25418391,5470770.38456684,6281221.0326866,7353390.5667749215,8902505.521036936,10309097.203240536
臺北市信義區信義路六段５６號六樓,25.0347099942317,121.576380031917,24864120.969289877,21371519.695623837,23109214.120745324,24963770.106109947,27033092.66196992,29876251.77906261
臺北市南港區經貿二路２３５巷３８號二樓,25.06142819,121.6151027,26355087.761932794,21219987.524827994,25456153.087497212,27210492.50647589,28812997.693097502,30988772.285597146
臺北市中山區龍江路２９６號二樓,25.0615200144525,121.540659964802,23229261.638188582,20018110.544308417,21495697.624005444,22731035.858391657,24689117.97243259,27193771.311384954
臺北市內湖區星雲街１３８巷１２號,25.0777299865511,121.59047998562,28415426.8732364,24848171.801026613,26446642.5362702,28751927.81390281,31009609.992162798,32668360.53222576
臺北市大安區忠孝東路四段１７７號十四樓之１,25.04168399,121.550593,19944910.741184436,16044323.249143422,18020881.503743198,20235383.45466921,23078668.330738287,24876135.531108778
臺北市士林區延平北路五段２４４巷２２弄１５號,25.08439599,121.510972,6948227.5537466835,4509453.504821323,5290932.351548047,6613511.770222746,9430283.789087126,11322887.83802641
臺北市內湖區環山路三段１６巷１弄６號,25.0851200172143,121.579449987774,17796682.944514994,15583297.411914686,16907335.083303183,18059925.475998275,19199759.92089585,21229992.248074166
臺北市中山區長安東路一段５６巷１弄２８號六樓,25.047,121.52984,18406655.974030353,16340138.96657487,17069849.695324987,18131729.287118394,19444449.870416284,21506890.851083722
臺北市大同區承德路三段７號,25.06353301,121.51851,87233677.6213866,70272182.69893226,76476640.38022175,83287279.9150645,97552596.2281859,124296781.49833333
臺北市中山區林森北路５３６號六樓之５,25.0638200086839,121.525540017302,11072430.734697245,8796990.752414327,10139002.460096603,11462171.984637424,12438203.65903956,13734083.575600445
臺北市信義區吳興街３６３之４號二樓,25.0257471,121.566575,15356753.96312003,12949517.663082741,13859093.651496518,15223021.964128945,16553584.550648825,19293630.52915796
臺北市北投區中和街３８２巷２弄７號三樓,25.142800000097,121.499020010931,10413262.00752541,8395580.21844678,9589975.904562084,10724479.371770695,11574428.913652478,13057592.472988961
臺北市北投區光明路２０７號十四樓,25.13634971,121.5036053,41386156.89434768,33059771.12310974,38516777.42143803,42572919.05817398,45521855.14368151,48793120.08705215
臺北市士林區天母西路５巷４弄８號,25.11934488,121.5293042,37554870.7240545,30343815.046342973,33089676.431336362,36986895.501854,44262169.123631984,49926706.48925816
臺北市大安區和平東路二段３１１巷２８號三樓,25.025500000932,121.545059961055,19057766.70269812,15077706.55553838,18211512.245532602,20647788.75806463,22141795.952971924,23678992.820827484
臺北市北投區石牌路一段１６６巷２６之１號三樓,25.1139300014423,121.513699992333,17502075.44548272,14309735.82016135,16434472.889648372,17534715.632408526,19149936.580062464,21634683.08452677
臺北市內湖區內湖路三段１３６巷２號五樓,25.086930005386,121.590100033949,15099136.466507131,13533462.02034967,14394200.119003765,15395083.932955923,16134267.550638553,16661300.544939311
臺北市中正區臨沂街２７巷９號,25.0409481,121.5312906,36125056.48487029,29191799.01299303,34110048.92704104,37549752.70523961,40014179.42578671,42006972.7790595
臺北市中正區齊東街７０巷１７號四樓之２,25.04287099,121.527785,19984020.6007284,16666267.71468879,18697595.34014749,20594706.74713697,21776060.659465693,23043344.565888755
臺北市南港區研究院路二段１３４巷１０號三樓,25.0388600002224,121.616560025893,12763631.56066111,10142246.966509486,11432845.27599784,13132375.895088308,14707228.040802322,15580399.303272977
臺北市文山區萬利街２０號,25.00035999,121.565885,26139100.514611688,20298796.071577474,24045543.076994747,26633187.428006724,29342769.240286376,32762003.778877363
臺北市大安區通化街１０２號三樓,25.0296000088703,121.553949975201,7689044.774695017,6168158.94350519,6584581.133477476,7724617.059565555,8810784.367946861,10010929.033695355
臺北市北投區中央南路一段１０２巷３８號三樓,25.1312400145136,121.499940008624,10459986.079079919,8895558.01525037,9710444.558834821,10466065.361732708,11420213.3325842,12392051.871648528
臺北市中正區中華路二段２９９號六樓之４０,25.0295500108178,121.504609985978,7025940.662916148,5215281.053628055,6230823.097380251,7376279.853213342,8121580.840308907,8747504.503294084
臺北市松山區撫遠街３９９巷４號二樓,25.06540301,121.565909,14405847.76914918,10998041.43505499,12901894.648196742,15307266.832419142,16482114.551506199,17862193.075066105
臺北市文山區萬盛街５９號三樓,25.00581099,121.542212,17352302.726891313,15248289.076250961,16609078.872614682,17807102.13597168,18833199.843335964,20233299.41617042
臺北市大安區信義路三段１５６號,25.03321299,121.540834,14392753.000448616,13017532.442145294,13573476.003849726,14494810.474494137,15317091.367089448,15903008.819398958
臺北市大同區寧夏路１６５號五樓之９,25.06155501,121.514243,18911883.99098306,16559589.651668413,17789790.74703161,18899076.637563158,20407186.447836027,21778993.857528947
臺北市萬華區中華路二段３３６號五樓之９,25.0295099872302,121.504360037625,5949564.988900598,4659382.661403102,5660208.925268441,6231636.048611419,6584753.074894401,7085943.916957228
臺北市大安區大安路二段８０號七樓之２,25.0316800200528,121.545899995391,57736522.83874585,43258754.22214883,51957035.52060989,60802447.8653909,67025719.51798775,71436339.33393197
臺北市大安區和平東路一段１８８巷８號四樓,25.02586,121.53044,41008304.994215496,24523430.985667847,30841103.65842925,39556805.591290824,56311719.1142787,67106025.51823734
臺北市北投區溫泉路７３巷６號八樓之６,25.1355799963398,121.506140018583,9563955.665199365,7815934.400021461,8650703.427440796,9352883.23753163,10623877.310951622,11964474.322257902
臺北市萬華區長順街１０７巷２號三樓,25.0324100000003,121.489360035159,11092527.683649197,8087167.982381518,10556472.531927627,11480774.281530302,12376657.994235152,13466392.037309926
臺北市內湖區康樂街１３６巷３０弄５號,25.07163001,121.617708,35352206.73977165,31213587.801991656,33091806.020813096,35526606.08937146,37930209.32119399,40331854.22323368
臺北市松山區光復北路１１巷９５號六樓,25.0504300021801,121.562300027144,35517387.79975933,31719697.86728647,33826562.21042019,35715866.026398204,37878385.4828467,40581807.625075
臺北市士林區延平北路五段２４４巷７號,25.0846399856194,121.510259975451,10137622.605793415,6448648.948412252,9278209.827209067,10609829.33788611,11755536.68286037,12797308.773848755
臺北市大同區敦煌路１３６號,25.07625771,121.5153456,11296269.671158526,7687822.441582072,9094193.622786978,11305006.695033923,14770467.802121878,16124161.730202885
臺北市南港區重陽路１６６巷１０弄１８號,25.05635198,121.600482,9883161.774042178,6877971.661721544,8340946.2760519935,10123468.686620647,12451004.14407839,13933046.322493114
臺北市北投區稻香路１４８號四樓,25.14279401,121.489148,10514332.04120082,7232850.165679477,10076051.447905714,11330474.725545611,12109029.674462978,12891474.381493945
臺北市內湖區康樂街１８６巷３３號二樓之１,25.076930017712,121.620470016087,7449910.028665487,4464557.8658081675,6547117.325166256,8040614.72726635,9201141.775468659,10145385.127649661
臺北市士林區社中街４７４號,25.09086699,121.501459,11526230.43013198,9029042.415366074,10600301.773352971,11584483.487895014,12873190.661084015,14334164.998864308
臺北市松山區敦化北路１５５巷６６弄５８號四樓,25.0551900011744,121.551879980393,23141291.598010555,19799560.156387832,21803542.200831324,23512979.72088763,25129845.988545306,27495442.59162936
臺北市信義區永吉路３０巷１４８弄６號,25.04262201,121.568467,24920000.761769734,17308165.517225113,19561845.31780066,24953189.513832312,30430041.08322819,36047859.662017845
臺北市文山區育英街５７巷３號,24.99190399,121.538297,20507951.076794095,16439186.000799842,18673497.60029487,20460314.815722436,23203816.798015147,26235166.502588082
臺北市信義區信義路六段５８號七樓,25.03473799,121.576463,24986940.862834163,20519960.477197353,23163140.63134911,25517410.135832835,27955527.351310126,29992891.3068812
臺北市中山區南京東路三段１９４巷３號三樓之５,25.0517542685367,121.542715071957,41502647.94192609,36064914.148964725,37832596.8074639,40560760.858284935,44719435.194356,51567758.29985076
臺北市內湖區文德路５４號六樓,25.07830972,121.5811094,26718672.10370052,23113893.021302767,24962614.717585687,26985762.404680993,29394029.3633839,31495675.545970485
臺北市內湖區康樂街１３６巷１８弄１９號二樓,25.0710700196545,121.61807002575,34795698.906902224,30635207.456096083,33027264.101693157,35246961.11911385,37593604.36551082,39431680.57028282
臺北市大安區臥龍街２８９號,25.01721998,121.558413,28633796.89884823,23151656.66287807,26251620.278347716,29156671.78854778,32413030.278617762,37412939.2167652
臺北市中正區廈門街１３７號,25.022099,121.517497,15351480.924851667,12512167.3820597,13834993.602066211,15349415.735231109,16903677.998991515,19868610.57085631
臺北市松山區南京東路五段２５０巷２弄３１之１號,25.050761,121.56785,20168183.45583339,17883557.634012997,19318898.758334916,20401460.105849884,21527815.94900993,22548837.977018222
臺北市大安區基隆路三段６號,25.02067001,121.548073,30358595.178545084,23866606.58242833,26569018.328137554,31131651.912213773,34766095.11616457,37160172.534591496
臺北市松山區復興北路４２７巷２５號,25.063394,121.546364,4768609.8920756215,2464186.943321667,2915514.653702448,4354999.314778637,8200077.630117655,9768686.516584823
臺北市內湖區麗山街４２號三樓,25.08074102,121.580408,8206916.432157663,5188446.525899738,6768033.858197377,8122551.467490402,10284277.046711434,13020426.21407755
臺北市士林區延平北路五段５９巷８弄５號二樓,25.0805400195907,121.510150004882,7942208.553632206,5844800.42946672,7141086.076505629,8215329.132887399,9025051.621176563,9934346.815221056
臺北市大安區四維路１９２巷４號,25.02719612,121.5477207,20055981.341895897,16615442.504507303,18161672.354687884,20355834.575726807,22421067.74163728,25047253.036862426
臺北市萬華區青年路１６８巷２弄６６號,25.019856,121.501267,6397480.07238243,4923995.280890004,5445690.39211054,6426805.75842892,7452344.627767975,8445414.94079699
臺北市中正區愛國東路１０６號,25.03275521,121.5210728,38517988.23972725,30261893.69367496,36900801.80039503,39744666.54621414,42924258.284495234,47247624.48654645
臺北市松山區民權東路三段１０６巷２１弄５號六樓,25.0595700065883,121.545460029294,33826649.0838044,30332673.650755282,31753376.023127027,33895755.642158166,36579477.405379236,38981974.51257393
臺北市大同區民族西路１６９巷７號,25.069132,121.515466,20185186.88377572,15625764.452571668,18782441.397455435,20985899.72022261,22491163.1161878,24349255.142204
臺北市士林區承德路四段５８巷５６弄１號,25.08271998,121.520836,17996207.06485997,13075556.987855371,17601370.832801722,19474861.545318596,21728948.062734626,24341466.890660994
臺北市松山區民權東路三段１６０巷２５號,25.05971501,121.54687,21222338.383276995,18068978.509001598,19869724.92358943,21618092.47560175,23653448.020841707,25744911.53525171
臺北市大安區臥龍街１９５巷１７號,25.01840501,121.55294,16163357.780084625,14541028.585782949,15479300.498243555,16350057.74969709,17445268.124610372,18545319.48523137
臺北市文山區興隆路三段３０４巷９９號六樓,24.9955600104274,121.556119966114,15764819.452792872,6156359.495208125,8703224.205449527,13767672.045888234,36021923.800972424,44886014.69324975
臺北市文山區景華街６７號四樓,24.9952300148994,121.544970023234,15409832.870771619,12838074.477755114,14356039.52907645,16027184.14991997,17630903.609117944,18391237.47839034
臺北市大安區延吉街１３１巷９號四樓,25.04273902,121.554754,36266789.671702765,27914601.798539516,33909984.29443266,38524294.57988693,40660301.61023084,42555279.951606005
臺北市萬華區貴陽街二段９６巷３之３號,25.039341,121.503299,10235697.302901337,8581824.173823588,9429225.67376873,10321580.668537026,11211427.515942935,12414323.929321943
臺北市松山區光復北路１６１巷１０號三樓,25.05574601,121.556079,26400758.764783252,22637199.999923225,25085899.430016574,26987787.790455967,28763144.105849512,30559177.812081777
臺北市松山區新東街５１巷９號,25.061503,121.564651,20044540.832141604,14310757.890135245,17413388.80528688,20912675.647712655,24552859.190887805,27028736.24894668
臺北市大安區忠孝東路三段２１７巷４弄６之２號,25.0427399832023,121.540069962638,46325289.09683379,41671705.933835275,44917379.29640846,46897329.068590134,48623650.194251984,51090374.79406578
臺北市北投區奇岩路３７巷８號,25.13273899,121.507428,6954090.51333354,5591956.124639406,6190992.902378624,6748823.81813368,7622163.147326763,9407752.040506117
臺北市萬華區和平西路三段１１之１號四樓,25.034473,121.504322,13106014.442008987,10084647.043079538,11871122.850397782,13631148.16398228,14876468.55396999,16686550.444956586
臺北市中正區臨沂街７１巷１９弄２５號三樓,25.03701099,121.531542,57593238.11500171,48766759.17780934,52559139.811832964,58094391.74079142,63467451.92167119,68200913.81685132
臺北市中山區新生北路三段１號七樓之６,25.06288702,121.527991,7623618.386863325,6594627.931313285,7119522.135346581,7661366.569249783,8165224.806794176,8628979.569661584
臺北市萬華區德昌街４４號五樓,25.0250599929248,121.49875002983,8307957.236928205,5346303.4344278015,7836613.6912028035,8862295.944682827,9878062.543328825,10773619.193282958
臺北市大安區大安路一段２０４號九樓之２,25.03477332,121.5458995,18034939.043516673,15887557.69103765,17129405.47128247,18305108.12847182,19724362.563973255,21067857.870639864
臺北市南港區三重路４１巷３７號六樓,25.06040111,121.6128097,19237476.030822128,10050949.837056572,12900195.945634786,16816767.00007565,33926127.248107225,38926693.803091645
臺北市中山區中山北路二段５９巷７號,25.05597601,121.523465,26847723.356871996,23043682.990519725,25133561.479579743,27280820.84274393,29282517.675485965,31220646.100086827
臺北市內湖區港華街８５巷３３號五樓,25.0840799906683,121.574929962668,18112745.403145097,15269991.977791682,17040336.37793542,18297234.104957547,19530642.124196313,21481126.836017348
臺北市內湖區民權東路六段１５０之１號,25.06876839,121.5901577,12863547.770688413,10815906.457990613,11640880.066132752,12699010.113422604,14224416.290670676,15498451.943242371
臺北市北投區中和街５０２巷１４弄６號二樓,25.1473400160425,121.494659996356,9531385.938151384,7417719.733409077,8290814.23370433,9464801.985638969,10832098.530093167,12472741.208580267
臺北市內湖區康寧路一段１９５巷２弄２號三樓,25.07865899,121.596701,18374396.18582578,15075469.488106882,17478181.902592096,19012950.95979305,20426235.581060674,22225208.83034746
臺北市中山區新生北路二段３１巷１２號,25.05395199,121.528341,19590672.217796754,16483875.440376341,18080474.859337207,19762763.173367895,21294037.441691186,22761910.336583495
臺北市信義區永吉路２７８巷１弄２２號三樓,25.0449199904897,121.574880006525,10285351.353888385,8157018.368924317,9424845.479808716,10755313.93019048,11643209.668528393,13304371.120005682
臺北市信義區光復南路５６７號十樓之１１,25.0308199948775,121.557780002038,14807438.40313286,12090628.389001343,14023369.747608257,15294292.309903713,16195364.262986919,17073087.288950257
臺北市中山區明水路３９７巷１０號,25.078401,121.547611,22494266.760210533,17078436.458333496,20170927.359644882,23312275.367704913,25935843.138993178,27791960.26312327
臺北市內湖區環山路二段５３巷５弄１８號,25.08446899,121.572639,18126009.777936734,15772693.032607345,16517128.157065159,17891808.554930665,19358438.621521287,21326177.052578893
臺北市大同區天水路５９號十樓,25.0526100094675,121.512540020753,29002082.623037197,20894971.85976063,25508148.495055273,29329611.788052864,34074915.17403583,38687316.80993748
臺北市萬華區環河南路二段６１號七樓,25.0378599972641,121.4967200167,19793425.579083107,16464388.928071216,18792810.62111644,20534290.82063562,21949110.705090534,23071417.426035907
臺北市松山區民生東路五段２０２號十八樓之７,25.0581999845142,121.564449985309,6656422.786347158,3886839.9415749866,6337354.634003729,7443482.148076637,8336371.447643647,9254138.51623633
臺北市松山區八德路四段２０４巷５弄６號三樓,25.04845799,121.564364,16543211.606029237,13952281.246773368,15270300.206900232,16575841.207138563,18158039.43195709,20162398.801264286
臺北市內湖區新明路３８０巷６弄７號,25.05549301,121.579738,16127200.535373414,12859622.978447502,15354954.968187759,16492729.882303491,17991037.632107247,21237774.505994923
臺北市北投區同德街７巷９號,25.125326,121.527999,17206519.57462348,13766979.393067181,15856402.249172924,17631683.34541455,19168270.931903005,21013364.42816841
臺北市士林區重慶北路四段２２２號十二樓之１,25.0858689,121.511468,18354780.452266973,14753593.661183767,17193667.339933854,19002303.372681327,20454947.210433282,22021096.68697608
臺北市內湖區星雲街１６３號十一樓之７,25.08125998,121.596442,9911853.585492635,8589644.283100674,9363858.682950336,10171536.365921289,10615366.57693838,11318440.630398918
臺北市中正區羅斯福路三段１３６號十九樓之１,25.02037799,121.528236,129225628.85135879,114607073.77734438,121994243.69460918,128567313.32489249,140496356.71334624,159792405.00634292
臺北市內湖區文德路１０６號三樓,25.078185,121.583072,20124165.85245729,17211179.319919053,18814039.768165257,20493934.24319911,21944813.5882632,23005249.569408674
臺北市北投區文林北路３００號三樓之１,25.1105000009344,121.511850022484,17810338.387635197,14244967.177696817,16625732.945166178,18336360.58368594,20124813.03005709,22179931.26376632
臺北市大同區重慶北路三段２９５巷１１號,25.07371401,121.514552,15575136.787199814,12483430.0453738,14226834.306319848,16448442.33436874,17913604.781995364,19212288.391253393
臺北市士林區社子街６３巷５號三樓,25.0877899886518,121.507020034598,9375583.268822439,7419652.422918598,8732275.927245567,9535631.579855016,10560278.448154524,11579868.650271598
臺北市士林區承德路四段８０巷４０號三樓,25.0832799799197,121.52219002206,16185609.870008022,14797168.341654206,15562206.92951273,16302296.874075321,16946713.43524099,18024236.64627148
臺北市大安區忠孝東路三段２４８巷１３弄１２號三樓,25.0405699922892,121.542099975768,26010390.150672406,21340172.394791964,24897038.124201015,26973431.88839984,28379028.517257616,29835293.08043652
臺北市中山區吉林路３６９號六樓之１３,25.065069,121.53051,7813748.564356087,6587544.15149112,7273197.154064742,7865507.221836072,8467999.781481491,9065832.930768719
臺北市中山區市民大道三段１６９號二樓之１,25.0447699963324,121.54078996812,16037661.97093103,12600103.053234212,14611952.859318014,16296313.743390108,17501209.49726293,20251977.559413157
臺北市內湖區內湖路二段３５５巷１５號四樓,25.0834500068256,121.592059974369,14660810.868353905,10983134.729049236,12810897.9943189,15153976.852643145,17061607.867794592,18376454.99458348
臺北市大安區建國南路二段６７號,25.03124299,121.538123,332849826.68293536,208647282.15101174,293858639.2663458,356909720.95125926,429169008.86232334,457419356.78709507
臺北市萬華區環河南路二段２５號十一樓,25.0391299813237,121.497649988857,21050137.68628867,18825530.720392283,20282629.62806942,21233501.33079614,22105111.030155458,22902210.035455994
臺北市北投區尊賢街２４２巷９號,25.11700101,121.507931,16452799.44611664,13345132.053062104,15508100.828545308,17411857.22350379,18412425.47479091,19297300.113762524
臺北市北投區泉源路４９之２號二樓,25.1413426,121.5109215,3336772.7201917516,2661288.831459787,2928458.1867737677,3188085.8178115664,3520576.263795607,4593560.813745623
臺北市內湖區星雲街２１巷３號二樓,25.07848729,121.5908028,17346265.287209764,15724890.366057409,16658345.099274794,17429401.64365839,18357781.165062726,19732029.991680846
臺北市南港區福德街３８１號十六樓,25.04075322,121.5910609,13240148.117151927,10866381.847205244,12228430.515754674,13400969.099370498,14862242.428809933,16430784.578761622
臺北市文山區興隆路三段２５５巷２９號,24.992703,121.56052,15398378.424248382,12390606.673887985,14486851.576955855,15893875.873694098,17413644.429399956,18344211.926755883
臺北市中正區寧波西街８６號五樓之１,25.02984602,121.515925,23075029.50454671,19981460.215762064,21779055.126308184,23420438.601754446,25125694.123603582,26532584.189247508
臺北市信義區虎林街１２１巷１０號三樓,25.0402200059221,121.577430032928,22474592.496104762,18427156.91104833,20153015.412420526,22408445.475880027,25310386.1667406,28183674.720644787
臺北市文山區萬壽路７５巷１３號九樓,24.9860900104912,121.588149984175,14153146.005509004,10332717.481214374,12369848.91306227,14481299.908106938,16039341.718649168,18286149.20613826
臺北市士林區大南路４０８巷１３號三樓,25.08949202,121.516879,15735148.843695438,13226292.975824092,14832622.78780009,16085863.948545592,17376730.271378525,18607672.09542732
臺北市大同區大龍街９１巷１０號八樓,25.0672200019784,121.516929958722,12963074.467884382,11594336.845984336,12162481.871955123,12981357.232085157,13831028.589404669,14482424.621982707
臺北市中正區杭州南路一段１０１巷１８號四樓,25.0375199853617,121.526349960606,24675947.60884156,22099188.73480799,23507262.464723803,24782533.503931258,26246029.98505551,27977737.379119094
臺北市大安區建國南路一段２７０巷１４號二樓,25.0363999954594,121.536679985717,32476318.163632255,25138491.027569287,30567181.062362853,33983563.94699939,36767148.550643936,38653527.61416161
臺北市松山區民生東路五段２６２號二樓,25.0590100116371,121.567279967278,20807409.883508466,17703736.386401467,18964052.94983664,20540692.152509797,22704693.29836508,24692287.95728066
臺北市大安區復興南路二段１５１巷３０弄５號十八樓,25.0279773562346,121.545532700394,26060820.153858,22734102.8946272,24950747.065730423,26508696.034951035,28074828.187395483,29252384.984716184
臺北市內湖區文湖街２１巷８２弄２５號四樓,25.0891300035124,121.560800001752,19376444.534408245,17114009.757443305,18188349.304825697,19528909.501417767,20811518.072851483,21948503.001754634
臺北市內湖區內湖路三段１４１巷１弄４號,25.08668002,121.5893,15765922.74965432,14115545.759125216,15127514.528810065,15791449.326760922,16661613.413958088,17481600.601831384
臺北市松山區八德路三段１０６巷１號八樓之４,25.04763401,121.553755,12671864.849269265,9863358.073954508,11185824.935889628,12909683.894892223,14905355.0938709,16273611.85693715
臺北市士林區華岡路４７巷５號,25.13761399,121.54146,14878531.332188848,12181467.71119244,13862763.338067146,15294673.696182095,16765285.557692153,17960291.35963855
臺北市信義區仁愛路四段４５２巷１８號五樓之１,25.0366499857216,121.559120016899,29834703.75572384,25754197.184042867,28228462.717026908,30694894.40406231,32838086.424202707,35431921.675391726
臺北市中山區合江街１４４巷４號二樓,25.05981899,121.53887,16421300.810425524,13480496.183421846,15260279.962643987,16589626.318925599,18152005.40881634,20952429.497591008
臺北市萬華區萬大路８５巷１８弄１０號一樓,25.03006001,121.501523,7761987.444150258,6387466.632955521,7330391.565431148,7904107.14940392,8577310.047131866,9165450.850043973
臺北市文山區汀州路四段２０３號,25.00311768,121.5358425,12725322.982210474,9627784.876544163,10903423.158227265,13103004.606692724,14785969.283906624,16243789.098267166
臺北市大同區南京西路３６０之２號,25.053716,121.511042,6056686.269440439,4890019.353901616,5847253.843716423,6221578.919112075,6526153.271894114,6970295.7287815595
臺北市內湖區安泰街９１號六樓之１,25.0768099888586,121.616409989827,20818078.09875769,16249681.636011105,18841615.279552843,21727389.598853976,23602697.274506062,25117616.45976012
臺北市南港區舊莊街一段３巷１２弄４６號,25.04203058,121.6183147,27006669.22763039,22411002.572931215,24335221.765580922,26734267.349782005,30277938.21670215,34047649.92458222
臺北市信義區松勇路５３巷２８號,25.0340772,121.5715797,103633957.8143558,63105351.45288576,85095509.78642066,109229674.17198335,136793413.1507334,164416841.39776367
臺北市中山區長春路２２０號,25.054564,121.537762,7787263.625589272,6282358.760049019,7569113.777234524,8191648.014491675,8726279.94403052,9412255.397618644
臺北市信義區永吉路２２５巷３之２號,25.04552399,121.567454,23055006.382031605,18772225.631311648,20712612.23854137,23292277.26807037,25887121.444973,28808441.800361983
臺北市文山區景興路２５８號十一樓之１,24.9900800059503,121.542689977932,10534526.47725891,8728733.79088046,9850834.894302476,10591517.908788372,11673840.545597127,12564530.859237185
臺北市北投區磺港路１０２號,25.13065802,121.503584,25665193.64723268,20150042.644966748,23027510.872534413,26007113.686192587,29244390.905179113,32464732.27640811
臺北市北投區光明路６６號二十二樓之３,25.132709990783,121.500170008047,41260296.65884039,32242178.28579354,37016734.96152701,41899982.549480535,47104762.17477387,52713139.407891266
臺北市萬華區德昌街１７２號,25.02384998,121.495691,9793274.928466743,7659446.7823198605,9410199.17404514,10115675.36978125,10852133.945793511,11773649.687367335
臺北市大安區基隆路二段１９０號八樓之１,25.0240899971798,121.551979976498,32798924.642518852,25514857.324841384,29234898.712775446,34416126.49361244,37890351.08489787,40193346.90380322
臺北市士林區延平北路五段１３６巷３５號,25.082371,121.511821,9512719.00495012,6587794.85026936,8650884.428500757,10007733.188572336,11365664.735900456,12316970.489457784
臺北市信義區和平東路三段３９１巷３８號,25.0206499802976,121.558869984727,17181271.49445763,15459599.410553051,15962898.227835579,16735798.623214096,18109269.33638375,22618172.12353216
臺北市信義區吳興街１５６巷２２弄１０號,25.02884199,121.56061,17599309.07812685,15699707.115158973,16612611.425958395,17580679.039926372,18846081.078873955,20299102.58927902
臺北市內湖區民權東路六段１８０巷６６號二樓之１,25.0665699853872,121.592519973215,21390224.646834232,18438543.73108472,20077876.103667025,21794605.021387763,23036648.340729695,23966087.60126595
臺北市文山區試院路１５４巷２弄２３號四樓,24.991071,121.547641,12099964.41625724,9247428.947003186,10906017.827312112,12714704.100057488,13985797.989429753,15097036.483984495
臺北市內湖區成功路四段２１４巷３弄７號四樓,25.0850999844657,121.596059986202,16121763.825533463,14066859.45687237,15321546.36921711,16417551.832597015,17228880.632297706,18323353.153446067
臺北市松山區民生東路五段６９巷４弄１４號,25.05977398,121.558831,32151288.700209185,28121652.864527144,30330525.631717898,32815886.482866023,34680035.22804769,36086795.77665755
臺北市內湖區民權東路六段２８０巷１９弄７號,25.07156698,121.604917,23076093.94272792,19455150.067984417,21022930.322548646,22875550.93309872,25199662.871640794,28828748.59907475
臺北市松山區敦化北路１２號八樓,25.050319989701,121.548569966829,159453963.1461825,122667673.80840376,151218905.50732312,168482446.31004202,178526452.48392594,186694903.9470859
臺北市大同區延平北路三段７２號三樓,25.0655799988031,121.510939999256,15420905.983500935,13122850.397823445,14649658.37315788,15943436.8188796,17151522.76518114,18601380.8998418
臺北市內湖區內湖路一段４１１巷１０８號五樓,25.0850400119485,121.572329980122,24097588.86789895,21141503.810755227,22712045.423554998,24170492.334382705,26302285.323454164,28978069.45167706
臺北市中山區中山北路二段７２巷１９號七樓,25.057099985451,121.521470016577,21401816.808839854,16804289.75065599,18945539.164392177,21810866.73114916,24322166.613417596,26620731.640545696
臺北市中山區北安路８２９號,25.08601309,121.5523454,18338377.719314888,15075829.735062994,17198122.45435914,19322027.2113724,20784475.336552475,21929277.98631667
臺北市大同區華陰街７９號,25.04975098,121.517961,49715478.951198295,38589556.50740473,46648039.63192241,51995936.72557575,55936516.59383689,60523283.90739861
臺北市士林區通河街３２５巷６６之３號,25.08204901,121.5184832,4798416.993180921,3842583.387222419,4438557.103517538,4916380.831889958,5341715.762030789,5812975.184205855
臺北市士林區通河東街一段１３０巷６號,25.08688001,121.51637,13180896.615259243,9183859.04211322,11318203.260398045,13443859.423179377,16070310.664163576,18271185.883671936
臺北市萬華區東園街１７３號六樓,25.02420102,121.497383,44251091.15443813,32717678.21074654,39972128.727004856,45209984.38843416,50298437.97215421,55185241.433020465
臺北市中山區新生北路二段６８巷１３號四樓之３,25.0565500068742,121.526349960606,13632011.962049425,11679228.393108977,12673259.080508335,13729219.93865638,14625486.923805784,15455478.369877068
臺北市中正區汀州路二段１８５號,25.02409402,121.521938,22855411.682851523,14543770.327937094,19069132.20792207,24941312.78989972,28836473.60162483,32271394.09190107
臺北市北投區育仁路１２巷１０號,25.1329399902061,121.498609968228,15387817.270810245,9406758.174688952,12355187.331709843,17732633.095302228,21200233.57135119,23584427.687276997
臺北市北投區溫泉路３７巷３０號五樓,25.1364252261389,121.511913224338,7574950.484698429,6320487.819167107,6903041.209196873,7554865.649666523,8476611.607627688,9182354.841302613
臺北市萬華區莒光路２９９巷９號,25.03056401,121.499238,22679575.768315796,17378735.982885383,21182672.89410977,23517576.823076453,25671254.539557446,27933807.156691752
臺北市萬華區東園街２８巷５０號,25.02651601,121.494773,2609198.3515871097,1938161.516933461,2255129.719850898,2623175.354812406,2876132.8244331125,3782080.880769021
臺北市內湖區東湖路１０號四樓,25.0683800154684,121.615259992711,14438147.280890966,9902084.730897836,11830523.54011831,15112952.263855573,17088968.984776776,18770462.91584937
臺北市中正區汀州路三段１６０巷３號七樓之１,25.013247,121.534276,31886443.70594994,26024455.15013163,29692028.392373953,33007627.210593224,35903360.6877523,38891449.697621904
臺北市中正區中華路二段４６７巷１４弄１７號四樓,25.0251099909773,121.512069963623,12029280.555887194,9518794.846422214,10610980.004457679,12216074.108835205,13863969.796728784,15584320.434977252
臺北市信義區松德路１１７號,25.03773092,121.5755742,51242577.209083594,44886994.22979442,49282472.56801259,52786659.17508528,55522570.14897851,57763417.4629207
臺北市內湖區成功路二段３２０巷３０弄２號四樓,25.067393,121.589312,17500740.02458287,15359709.363177326,16410842.267746711,17385101.11396778,18695508.416838866,20526430.288806934
臺北市中正區金山南路一段６７巷１０之１號三樓,25.03763,121.528853,25376063.64205472,16912061.306435622,20747119.245018825,24748906.236695565,33943655.46942377,38463772.417630345
臺北市文山區興隆路三段２５５巷６弄１３號,24.991999,121.559561,6856796.6238947,5231322.570066571,5822660.485563505,6601080.809494563,8131682.333760498,9246305.143698813
臺北市大同區民族西路３３８號,25.06858399,121.509445,52436928.21617695,45633109.09277315,49286981.7337856,52911494.88386341,56017542.58057752,59262934.21488424
臺北市大安區延吉街６２巷６弄３號,25.04363999,121.553307,41528992.40727129,32595083.785089724,35828970.45479065,41521617.56114745,48392936.716750845,56578902.544064984
臺北市文山區仙岩路１６巷２８之１號九樓,24.9976900196623,121.548880013427,13779228.591193484,12078800.278986968,12865954.309185354,13846326.622692687,14897769.448119802,16020824.123383217
臺北市內湖區民權東路六段１５０號,25.06876839,121.5901577,34749602.17775133,30598703.432632595,32672371.628005438,34987154.965058714,37550728.67481283,39659565.069275364
臺北市士林區中山北路六段４４１巷３０號六樓之３,25.11660999,121.526995,61822202.513955,56082991.41372452,58831145.444888845,62293386.54489423,65046969.79173522,68192263.7560689
臺北市北投區行義路３１巷１號三樓,25.1254199981342,121.526690014418,4291541.4557082,2977871.4315566043,3388521.208127658,4123570.008284073,5152730.122149329,7000222.389485982
臺北市大安區復興南路一段８２號,25.04369401,121.54359,37057912.78532071,32028735.1397252,34024272.50172835,36278689.5877352,39491625.44350893,47981685.345081806
臺北市信義區松仁路２８１巷８號二樓,25.023781,121.570339,14531454.350085579,12523131.65559608,13689086.112495307,14684274.557492126,15782274.546105975,16490614.726855997
臺北市文山區忠順街一段１１３號,24.98430001,121.559752,14050121.26262956,11634479.100484222,12915809.429371662,13986539.399082683,15173707.0736893,17135180.75520279
臺北市文山區興隆路四段１０５巷９號,24.987958,121.561308,12690486.098077677,10655741.429485347,11700023.146086838,12747511.3692795,14046632.176530186,15448903.609775692
臺北市信義區忠孝東路五段２３６巷３弄３３號四樓,25.0404800125586,121.573809972766,36435340.32966684,30759098.98814712,33036840.28288079,36268485.00678254,39635421.39641144,45882942.857191
臺北市萬華區西寧南路８２巷７之１號,25.04241502,121.505497,6941943.872350894,3580621.0360326422,4334573.753948071,5938548.749742484,12268665.654885381,15795376.813167207
臺北市信義區松山路５８８號二樓,25.0342124,121.5812608,14971489.369326852,12972824.28641257,14339260.852501106,15311201.114315484,16194490.266154144,17537560.1305925
臺北市信義區吳興街６００巷６０之１號,25.0198200042452,121.570280018062,15830731.1624098,14021061.407098752,14825555.304180559,15811472.93866145,16821459.389767334,17604675.046596233
臺北市中山區農安街４０號十樓,25.0647900044288,121.527189994942,34823614.445819646,29844444.651122168,31833102.673881624,35235994.62840695,38007927.80636774,40213722.256018735
臺北市北投區公路１５９巷１號五樓,25.1323027,121.5026806,12388483.759066451,10411548.216980563,11431152.788894206,12458740.369611733,13526751.159923034,14544061.21306166
臺北市信義區永吉路２０２號,25.045381,121.572767,47756449.430991046,39142253.64793864,42502283.645253025,48468411.27483788,53992756.904489025,58580817.190371715
臺北市中山區合江街１８０巷１５號,25.06114601,121.538462,23113324.31026304,20137162.531087153,22027384.745689213,23511280.05104986,25254300.075219393,26729147.45596414
臺北市北投區中和街４０號六樓之１０,25.1436599833628,121.498109987703,3799362.595133462,2944650.065369294,3317411.629840825,3872378.341594646,4301477.6143208295,4726075.120119514
臺北市萬華區萬大路２７７巷３３弄５號,25.02617701,121.501565,18596203.125729695,15027391.058143225,17186142.193586063,19004523.470176153,20687779.931026816,22241451.466368206
臺北市松山區南京東路三段３３５巷２１號二樓之１５,25.0534500018942,121.547609987458,8802514.706289105,7838651.289247279,8537269.325984221,9237137.736672245,9995749.272964982,10399289.309535112
臺北市松山區民權東路三段１４４號十二樓之４,25.0618500099805,121.547240010252,24878187.182272192,21009955.22541601,23051005.378476787,25469290.961546615,27342852.66894701,28740608.23007491
臺北市萬華區西寧南路１０８號,25.041808,121.505868,19115513.470811356,16355126.147734808,18235860.88463981,19526153.69780681,21328370.872034904,22602637.391551778
臺北市內湖區行善路３３３巷６號二樓,25.0623199832916,121.585099977248,60313471.66845897,50150162.76866453,55558251.97740424,61305558.48528137,66441469.18024258,71180870.42614082
臺北市大同區萬全街４０巷１０號,25.05803599,121.520101,13081726.278018253,10409332.297329824,12088976.490737963,13431495.983913478,14711918.136131806,16749170.004760316
臺北市信義區松隆路９巷１７號,25.044203,121.566906,20168930.00628223,12744134.91191771,14839988.607750913,19020075.811638866,28232859.619408082,33350335.633494865
臺北市中山區龍江路１０６巷３號二樓,25.05291901,121.540093,27189084.186637454,22686737.158221945,24796987.586959094,27626149.016811967,30415938.274707526,32076677.60097316
臺北市萬華區中華路二段４１６巷８０號十二樓之３,25.02731359,121.5034581,40583014.023645446,29796638.578249585,35324764.3559886,42423267.21063338,46643107.99842274,52585109.74465364
臺北市內湖區康樂街７２巷１７弄８３號三樓,25.07113498,121.616941,14277662.927731682,10771552.38327989,13533321.386301601,14850762.901357552,16339943.665882785,17507999.928728886
臺北市萬華區桂林路１０９號五樓之２,25.0385499955334,121.500820024638,32694901.111399606,26589392.509726223,29037523.334474895,31896422.667471495,35405822.25423518,41302825.47767018
臺北市內湖區東湖路１１３巷４９弄７號,25.07016901,121.615644,13130605.008918703,9481981.44505703,10546730.627038045,13197667.991692133,15730850.180778464,18282358.649393372
臺北市內湖區內湖路三段５９巷１０號,25.08563299,121.59202,16103836.26368967,13514055.255285162,15531662.702376556,16688061.000348166,17491980.310062055,18359600.50452126
臺北市中山區吉林路２５４號五樓,25.05991962,121.5301281,22926555.561196454,18522722.88952748,20847908.961525615,23032336.595728025,25075177.92071078,27714319.957272373
臺北市北投區知行路３３６號四樓之１２,25.122900020854,121.467059981761,4923851.182752907,3429582.2612349642,4332651.930037481,5079387.5864106305,5769220.378286241,6744792.14652423
臺北市大安區光復南路２７８號,25.03971399,121.557041,40887654.633665286,32189952.737452876,36340012.19840539,40455064.464526415,47198626.61588445,52471973.24471258
臺北市信義區光復南路４４７之２號十一樓之３,25.0352899800219,121.557689980398,10452896.963292042,8922225.178898193,9918169.85421099,10466648.293128036,11266774.444323894,12058773.269378189
臺北市大同區昌吉街７１號,25.065997,121.514501,22888990.785905167,18547190.171667438,21133936.365388416,22945633.711558364,25434526.015662864,28148511.772148676
臺北市南港區三重路４１巷３５號四樓,25.0604299898541,121.612809962413,55573156.69293987,43194250.6006935,49457018.878515035,57849249.862094656,63225435.91827648,67561507.22729033
臺北市信義區永吉路２７８巷４８弄１８號四樓,25.0437609,121.5734643,16841151.729585957,14783199.112688988,15682544.432851562,16813937.767567277,18235073.098354414,19934234.98775515
臺北市中山區安東街１９號三樓之５、三樓之６,25.04517099,121.542384,16445370.370666966,11984263.754208798,15190814.32344548,17300790.49420477,18889265.02738246,21526918.578779895
臺北市文山區辛亥路四段１６６巷７號三樓,25.00439399,121.555811,13529164.011331666,11375930.143428035,12607062.541599024,14042240.225149633,15210674.643212851,16086174.8971998
臺北市文山區木柵路一段３３５巷１１弄９號二樓,24.9889254,121.5567703,12833740.741643172,9726892.673648078,11739022.959252555,13425092.422099816,14442920.513675489,15672650.39584259
臺北市信義區基隆路二段１４９號五樓之５,25.02688301,121.555634,29211921.381067157,24065284.623199813,26305213.77200043,29254812.525241088,32437263.099853832,35551172.66630314
臺北市南港區南深路３３號八樓之１３,25.0367799890399,121.620640001083,7114810.621608169,3680282.726821038,5703472.975806911,8213623.517478282,9381557.642814988,10385492.835142195
臺北市松山區健康路１５巷５０號十樓,25.05546999865,121.553089991935,29763313.289211765,25616386.25187975,28400933.596961424,30566284.782348156,32588865.67640481,34461480.57515987
臺北市中山區長春路２８號十三樓之２,25.05483482,121.5247678,27371330.03297914,23301210.861720517,25403971.10653264,27878882.419489916,29861281.350709174,31615482.69932869
臺北市萬華區艋舺大道２５２號,25.03262801,121.498523,9590933.973364225,8021721.771737345,9046141.113970306,9767664.12300195,10385796.317080911,11182613.673870143
臺北市內湖區內湖路一段４１１巷９弄１２號三樓,25.0821599900174,121.571549960213,16667449.58542785,15483415.33395972,15990341.251099395,16561178.176856827,17322207.881158497,18254867.672384128
臺北市文山區辛亥路七段８４巷３號,24.98155519,121.5544061,15642838.451707434,13574773.524780374,14836792.079075215,15980200.16564887,17147848.194103997,18485513.455365643
臺北市松山區新中街６巷１１號七樓之１,25.0583799858849,121.561060008389,42668371.38270385,35578254.52358082,40064208.628995,44044921.69978349,47007530.733722195,48895888.559762515
臺北市大安區復興南路二段２１８號,25.02633819,121.5432281,34844153.83650243,28101591.61196241,32197657.035811584,35065026.56236858,40153860.06523915,45792392.64892863
臺北市北投區中和街５０７巷３弄８號六樓,25.1445211,121.4943612,10388160.077670567,8599614.648803253,9286154.298030717,10577238.31187396,11573798.830046756,12325810.794167824
臺北市士林區小西街２７之７號五樓,25.08956301,121.523233,16866091.716273863,13218921.804796062,15389637.015475066,17328785.45447828,19455819.569663677,21030835.572907913
臺北市中山區長春路２５８巷２６號,25.05354698,121.538957,15481582.747219663,10608158.122324392,13040315.210728735,16391106.812332405,18720968.254346684,20634181.85057495
臺北市士林區重慶北路四段２３８號,25.086425,121.511379,23805403.96672188,20031298.191439852,21996385.933487467,24221323.861351144,26237146.010783523,28117701.330765836
臺北市大安區安和路一段１８號八樓,25.03864702,121.550434,51249687.57321875,44437280.23302665,47175493.26763187,49905883.23174159,56850049.61765915,61624284.23991046
臺北市大安區信義路三段１４７巷１７弄１５之１０號,25.0355900102461,121.543079987887,28199086.11895073,25385957.883636385,28055039.80899272,29102265.815917607,30600872.99575619,32009743.539639108
臺北市松山區復興北路４２７巷２５號,25.063394,121.546364,12962993.184029795,11522426.48506177,12035499.683584709,12854451.580097616,13992743.369404905,15227455.110056158
臺北市北投區溫泉路９９之１２號三樓,25.13637209,121.509743,5296566.33771963,4734491.708453162,5052990.0429895455,5306758.366701117,5555959.771472481,6015957.000478321
臺北市文山區興德路６４巷２１號,25.00332852,121.558491,13092130.260945998,10573770.345471257,11990350.83861366,13363934.265431898,14903214.949074635,15560272.229965389
臺北市文山區辛亥路五段１７號三樓,25.00014399,121.554389,17143737.43968344,14232771.424924703,15618295.877265705,17310464.16728894,19067218.672764406,20611234.20013778
臺北市內湖區江南街６５巷２５之２號,25.07712699,121.578063,22852728.050697476,20373014.266682826,21309449.990671594,22548619.210154552,24048615.866270717,26518588.25430333
臺北市信義區吳興街３３６巷４６號,25.02526698,121.565104,21346434.627229508,17190373.901664607,19419805.546142876,21764083.90957722,23680940.154347822,26740443.951207362
臺北市大安區大安路二段６６號三樓之９,25.0320999953114,121.545899995391,15889576.793235168,13611618.94361431,14531876.390523348,15610309.667035531,17172989.680959754,19549383.289355304
臺北市南港區舊莊街一段３巷１２弄４２號,25.04203058,121.6183147,25261541.07368213,21757725.492453445,23424485.487276994,25357344.52711401,27603527.113055103,29550839.476269335
臺北市中山區雙城街１２巷５之２號四樓,25.06456399,121.52343,11361398.941598717,9463914.62894947,10409209.404861711,11439557.453595515,12389729.536919361,13376460.834667996
臺北市士林區芝玉路一段２２３巷１６號五樓,25.1088099997066,121.533109965517,15945281.969420241,11805133.379010992,13516927.41503489,16735947.662203446,18577652.273747776,19986164.431008488
臺北市北投區尊賢街２１８巷２３弄６號二樓,25.116069985142,121.508709993916,17402498.004559565,14678884.03326059,16564294.476122309,17824552.205301765,18953025.985881314,20105754.715614066
臺北市內湖區成功路三段１６５號七樓,25.0798200141079,121.590230037267,27216630.1540989,23568257.612254113,25531502.131086838,27492003.65971694,29605758.898320265,31250720.947316594
臺北市士林區福港街２６２巷１５號,25.0838400167803,121.516659977621,13432577.406106738,10706596.20096202,12581705.273616115,14196750.271553252,15399640.72380255,16153193.114364255
臺北市文山區羅斯福路五段１７０巷３弄１號四樓,25.0044599990381,121.538150003896,16560342.328705914,13982814.716595601,15386979.687179832,16879830.338251755,18315322.864428543,19505303.904434025
臺北市萬華區西園路二段３７２巷４３號五樓,25.0268499902575,121.490469966778,8137297.299676267,6919577.902136087,7832247.375170998,8442687.23226885,8912368.83839869,9376049.044281436
臺北市文山區興隆路四段１４５巷８３弄２號,24.985613,121.564112,16927038.7363917,14206931.68552042,15485045.2085824,16993656.681958478,18399123.174838662,20181605.140552487
臺北市內湖區星雲街１５０巷４０號七樓之２,25.0797299924678,121.597200008853,23149203.106126502,18333772.25132551,22442962.84043504,24362354.5004152,25937432.89641095,27920250.526329797
臺北市文山區木新路三段８３號,24.98199549,121.5636786,26229507.25754543,20112970.450126197,23084336.771294698,26737630.444515884,30617835.812687144,34234158.194895305
臺北市中山區農安街３３號八樓之１,25.065020003852,121.525059985707,14412791.18111323,12838888.260407593,13563688.00391355,14308212.790574623,15295780.97331824,15988451.634199936
臺北市中山區龍江路３５６巷４７號,25.06613002,121.53896,23166218.617902063,19986266.07965953,22669605.327738933,23772133.57800246,25418183.150684386,27650887.49934592
臺北市文山區政大三街１０８號,24.98591001,121.58342,27173936.713049673,24955115.496335853,25957919.317558672,26933200.566952698,28220743.536669124,29935255.008379377
臺北市信義區基隆路二段１７７號六樓,25.0250700092991,121.553779990205,39681328.62449134,33984338.06962318,36386734.966108136,38839759.78879887,43967136.13621768,48964272.75452012
臺北市北投區公路３０６巷１１號五樓,25.13289,121.50253,21267630.099111952,17023645.171174813,19421437.033836626,21348455.184634216,23580700.22616728,26050456.799809918
臺北市內湖區康寧路三段１８９巷１４１弄３５號,25.07437199,121.611182,15839069.444806507,10264996.009209601,12276340.26690757,15966999.788962647,21706758.641995672,24040894.72395067
臺北市內湖區康寧路三段５６巷１４８號,25.06758,121.60885,51812222.06690399,36830158.49865931,48599478.72207797,54299768.01815106,60922474.696638435,65008738.379846476
臺北市大同區民生西路４２３巷３號二樓,25.0571200181996,121.508890037196,35174591.901306525,28808021.79608918,31581345.8654454,35327939.37104723,39516132.66705566,45051745.806713775
臺北市大安區永康街４巷２之１號,25.0328500080075,121.529700039667,20607708.18535293,16397986.242777677,19639175.012308985,21578973.505787943,23100116.06893687,24441942.71854071
臺北市士林區社子街２５巷３弄５號四樓,25.08829318,121.5080343,10912209.240104673,8850794.083143534,10227768.688925412,11247226.262761485,12299278.578169037,13692613.27434083
臺北市中正區泉州街３４巷１１號,25.024852,121.512421,15257227.485421097,12410779.927357053,13517170.120138735,15407662.598266255,17563449.45911883,19209475.4657306
臺北市文山區福興路６３巷２弄３號四樓,25.00367499,121.549538,8885506.55073252,5269387.557892812,6419425.172676233,8875958.507847283,12861840.214985684,15379733.914502373
臺北市松山區南京東路四段２１號八樓之２,25.051900020359,121.550369980536,31930109.844828524,28021902.217434414,30745155.01490368,32366973.26235369,34656728.21809989,37913276.60729131
臺北市松山區敦化北路１２０巷６０號五樓,25.0543000106953,121.546640033623,50881236.59998774,45615157.39301122,48583568.04016642,51421010.406223916,53822572.21599095,57473181.974828735
臺北市大安區信義路二段１９８巷４２號六樓之４,25.0302100018739,121.531410031734,14286357.692959454,10861848.071547259,13091766.610025004,15196755.79262421,16577621.159666557,17743451.988174684
臺北市松山區三民路１０７巷７號六樓之５,25.057642,121.563167,19064314.269335825,16513907.170274876,17594084.63366127,18906389.115688834,20765185.9820527,22536790.79198371
臺北市北投區吉利街１２３巷１８號五樓,25.1191000012304,121.50640002522,6876251.450461064,5215947.928640163,6367459.056572815,7073061.452208405,7906673.103240488,8718244.977957515
臺北市中山區新生北路一段１０８之３號十二樓之１４,25.04957999,121.528256,6103213.50933952,4720482.64279349,5386064.596308073,6168703.018132802,6902577.075720864,8282997.213197558
臺北市中正區羅斯福路四段８０號二樓,25.01411251,121.5347079,6107990.478715858,3638867.9927812708,4922405.405269639,6469212.471464349,7994199.450742856,9539218.947866332
臺北市文山區萬安街１２巷４號四樓之４,25.0013900012716,121.569950022534,8661112.150979621,7330895.683609061,7984322.690710405,8644977.16364638,9596190.480421105,10326066.061274009
臺北市內湖區新明路３８０巷４弄４之１號四樓,25.05506901,121.580071,13716897.21604311,10145547.494198576,11894486.361383885,14678217.502342671,16128451.883717202,17401392.723366
臺北市中山區雙城街２８巷１６號三樓之４,25.0657400093347,121.523280004749,7867912.403427629,6455615.337579318,7060745.651490348,7703896.073592769,8809447.119477166,10261837.722534359
臺北市松山區三民路１６７巷４號,25.061712,121.5628,17837106.212065298,11029962.693802446,15941354.596549477,18511827.949427467,22603903.870411534,25582726.014240928
臺北市文山區萬美街二段２巷３號三樓之５,25.00352258,121.5629436,11166405.23790513,8020912.629723093,9673566.46334606,11254758.434842188,13617851.398166504,15571737.194983369
臺北市北投區光明路２０７號十一樓,25.136349999875,121.503610024929,40101184.04703331,32364982.459393106,37441122.11431783,41443176.517651096,44623543.81497195,47256744.87049606
臺北市內湖區康寧路三段２６５巷３３號,25.0663666,121.6126753,14734609.674425354,11098366.1151888,13970065.100930613,15501356.101012323,16585012.27077659,17497674.28051606
臺北市中山區新生北路二段３８號十一樓之４,25.0546600134367,121.527269958298,15621647.53210519,12833723.669135733,14780484.945550947,16034605.3660137,17088460.601051822,18721278.405556988
臺北市中山區松江路４０２巷７弄８號,25.06439199,121.532547,16059557.400654865,13471221.310281556,15140975.811587779,16459694.33662749,17613804.02941599,19263640.590424452
臺北市大安區安和路二段８０號九樓之２,25.0295599852826,121.551010022662,28817490.84175396,23762811.22529776,26723693.37493623,29560421.04032233,32542150.266452394,36294117.36242312
臺北市松山區富錦街３４４號,25.06039529,121.5572903,43416154.71574345,38405845.87040662,40543606.549906164,43881614.92826112,46629770.55880057,48544421.37275969
臺北市北投區三合街一段８２巷７１號三樓之２,25.1284799795265,121.504389961019,25164025.21303489,21819107.43573449,23165260.149414286,25285850.558428742,27913910.475594785,30438948.688086197
臺北市松山區三民路１０７巷２８號三樓,25.0576500059374,121.562059969437,21759545.74575039,17624311.851812813,19898829.847057298,22207629.232131574,24231721.326524213,26754126.901052378
臺北市士林區承德路四段２０號二樓,25.0876899925469,121.521979971566,11967982.860107925,9494478.007272668,10662382.06634941,12218175.324394032,13521969.621442588,14707746.748129498
臺北市內湖區內湖路二段２３５巷１６號五樓之２,25.08214618,121.5891462,45567530.2550728,37341525.98933361,39732197.50884967,45205869.18899107,51395138.125373885,58287840.7043026
臺北市萬華區環河南路二段２１號九樓,25.039177,121.497657,21678752.297334265,20229634.30873436,20947906.781662576,21876289.770886127,22815359.875217646,23682410.752115317
臺北市萬華區成都路１０２號八樓之５,25.04350701,121.502233,13499644.984985914,11812672.941698302,12497309.860673878,13547764.088307276,14517473.833365962,15600677.227651235
臺北市中山區新生北路三段６４號三樓,25.0658400054396,121.527389987152,5819284.343824325,4960899.960093517,5527308.026299693,5971866.984514741,6313917.299737443,6625189.9831691375
臺北市萬華區西寧南路２９３號七樓,25.0387299969041,121.506430032433,20188979.656810142,17161067.616301626,18953208.290005937,20538887.89602597,21910034.35124241,23099258.87193561
臺北市士林區士東路５４巷３０號四樓,25.1110700122598,121.527889967676,23489934.428945765,20200962.749320842,21498231.723317124,23083120.903498482,25359976.93380248,29460290.632598147
臺北市松山區寧安街５巷１０號,25.049128,121.554852,21276557.35881061,16143936.236465303,18582883.0072857,21068855.161005247,24984523.644762106,27701061.154533725
臺北市大安區樂業街１５９巷１７號,25.019726,121.554439,36539110.07184768,30803940.35990573,33790555.52283568,36578756.998525545,39916146.63453628,44155723.61317996
臺北市內湖區金龍路２４９號五樓,25.088949,121.587084,31162839.121223364,25635380.991592336,27139515.105022833,29929438.678785156,35915165.683712676,40729866.290362164
臺北市大安區師大路８０巷３號,25.02341601,121.527926,21617054.72775689,14945135.466346428,20305494.137818154,23052704.071873557,25253285.414602377,27218551.77159438
臺北市大安區仁愛路四段４８巷２號,25.03744199,121.547016,9501693.132204117,5454114.578612472,6315336.338915232,8814594.323856454,15136364.218049875,18286349.26857611
臺北市內湖區康樂街１８６巷１弄１１號,25.07636499,121.620759,16043750.505546348,8274227.999266004,15839631.342198055,18931785.16265516,21005664.850123588,22666184.10569776
臺北市北投區崇仁路一段７６號,25.12620002,121.501465,14282442.246634701,12270073.118244082,13353597.369115468,14567454.148911914,15749496.380226696,17029322.615012273
臺北市北投區磺港路１８２號三樓,25.1278199884704,121.502850037768,13784857.750846073,11776759.740984723,12912099.838199258,13989585.284902623,15036139.253710542,16369636.961136097
臺北市大安區大安路一段２４１號五樓之１,25.033889992644,121.546090013136,29339775.47281645,26543379.327668168,27784084.11957677,28957529.788394615,30424580.367907103,32453198.385090943
臺北市中正區新生南路一段１６０巷８之４號,25.03452299,121.531853,20238893.18175258,17032384.481851812,18668695.39794469,20323077.38644278,22423832.46802607,24614314.729227223
臺北市中正區羅斯福路二段７０號九樓之７,25.02723401,121.522035,16204123.893795611,12400273.722980104,15078826.670977801,16890842.40886667,18525734.93775858,20519675.134241782
臺北市松山區延壽街１５１號,25.05694999,121.563056,17338620.623917535,15142366.817508856,16126329.702287417,17496841.640308116,18815094.109383233,20594099.274481438
臺北市南港區經貿二路１５７巷３６弄８８號三樓之７,25.06174901,121.614719,15007552.047006156,12040492.527442466,13903669.57657946,15415952.706211958,16399332.44226096,17834269.98586703
臺北市萬華區康定路１０５號十七樓之６,25.0392682,121.5020232,20328001.749496866,18157745.720109172,19357847.10310235,20796011.858971376,22015683.892249234,23113716.577354074
臺北市松山區新東街１２巷２５號二樓,25.057930003413,121.567839962229,6562483.592429117,5405422.666803468,5924596.339092728,6426490.436667981,7387428.89940906,8232440.858847444
臺北市萬華區西寧南路１２８號,25.04112898,121.505921,12851548.988462858,10189093.988679726,11701925.403578563,12907711.0134054,14248983.295432754,15877181.848932
臺北市中正區汀州路一段１０４號三樓,25.0300499913423,121.507590004014,24303450.80788326,17447758.13312753,22994340.454267703,25279445.964283634,27536009.588460177,30042134.44526915
臺北市士林區福港街２２１號四樓,25.085002,121.517683,16698582.10834867,14927016.968058486,15932496.920338815,16762773.724434853,17842953.709052365,18976029.160654977
臺北市北投區溫泉路３７巷２８號,25.13384301,121.503422,8347920.775354456,6158696.401655104,7288526.675855622,8181456.122965136,9369312.077710789,11238653.625733461
臺北市中山區吉林路３６９號三樓之２４,25.0650700019044,121.530479975757,4428802.666829974,3530168.976105793,4054740.6596035636,4574370.667518373,4893001.439347703,5358733.709759735
臺北市內湖區東湖路１１３巷１０７號三樓,25.0725299795496,121.615269967176,16178974.83958717,12612126.927207287,14966730.224171616,16815724.951967433,18366490.248259697,19813903.084244773
臺北市士林區德行東路２６５巷５號,25.11044699,121.534981,18265681.920886204,16217914.495411329,17292113.585249946,18295171.402346265,19267056.30681231,20907484.242922917
臺北市萬華區西園路二段３７２巷１０１弄２２號,25.02741501,121.490062,398039.0176774247,174990.16256663733,354422.2075580508,462101.4448578693,600841.3669401461,785598.1557840386
臺北市松山區南京東路五段６６巷９號五樓,25.05072601,121.560916,8848684.381817408,5236957.722081042,6266839.418524766,8425214.601861175,12462081.353834765,16712482.491024753
臺北市內湖區成功路四段６１巷５５號十四樓,25.0798299885727,121.593980016929,61370499.56208043,50236805.16099778,55556838.85644986,62150581.98658099,67426071.61156534,73289254.19776756
臺北市北投區大業路５２９號二樓之６,25.1352999988642,121.49604996736,6258478.6784873735,5106344.954465165,5414608.67491588,5956073.149853839,7178272.397297501,8172123.508637863
臺北市信義區信安街３６號,25.02762201,121.557878,16790425.806819405,15143374.32995496,15995314.327098448,16861270.58395833,18108151.793728154,19913137.132965486
臺北市內湖區內湖路三段６０巷３１號,25.08848401,121.593077,36889974.67430821,32126730.567794114,36225112.06207373,39103320.459162965,41054488.92104995,43526752.84502463
臺北市中山區建國北路一段１５６號十二樓之１,25.0516299973482,121.536410004616,24708973.211006794,20999181.993257497,22792668.61009095,25109157.24904673,26950881.203347016,28711780.664042275
臺北市士林區中山北路七段２２３之２號二樓,25.12699898,121.532864,47171292.23901534,32892262.422681507,40452940.290541306,47816866.495125994,61556965.36045855,66595492.2246109
臺北市北投區承德路七段１６８號十八樓,25.113915,121.508111,64751899.85028231,55859081.98803255,61831244.79991867,64964719.0575718,67974880.17565116,71736121.77903199
臺北市松山區南京東路五段２３巷１８號,25.053206,121.558136,22319858.88497191,19910102.775998242,21091658.064593546,22550589.605847754,23758743.098208286,25890375.13042622
臺北市中山區北安路７８９號,25.08562302,121.553869,21550459.946762033,18174803.698491488,20364231.108660836,22245825.61588668,23891351.03147134,26326033.061966904
臺北市內湖區康寧路三段１８７號九樓,25.0699400133779,121.611940004682,20843697.046015054,17326204.075868636,19522730.528357927,21212195.972867426,22586967.861178346,24352880.456664506
臺北市文山區景福街２３０巷１２號,24.99314351,121.5387753,22680512.27545983,17368671.545398153,20810625.31853003,23434519.121245842,26010870.99161165,29117991.728179254
臺北市萬華區寶興街６５巷１６號八樓,25.02702911,121.4948676,23036785.29724775,18490911.419351365,21664682.925411813,23741134.759202134,26002658.468327418,28015073.617678016
臺北市北投區天母西路１３０巷３號,25.11887302,121.522437,55426773.10331938,47296699.2335258,52027623.71993211,56335450.85326089,62164337.96547963,64786387.938615106
臺北市信義區吳興街２８４巷５９弄１２號十五樓,25.0218200101619,121.563629983721,21285555.134237424,15158875.605516285,19931345.36517794,23009604.38694077,24661264.20916209,26670747.523800842
臺北市北投區自強街６１巷１０號四樓,25.1110499795112,121.513679959585,18909148.84640156,16227963.741645934,17653957.104986195,19067428.18510305,20497530.27591181,21789103.138481423
臺北市文山區保儀路２６巷１號十一樓之２,24.9883799883483,121.56791003494,22440048.3581976,18938046.490870014,21078786.360643886,22811543.76868511,24954755.075789843,27767678.161156133
臺北市內湖區文德路１０１巷３弄１２號三樓,25.07911099,121.583828,16831875.496408336,14857862.40069034,15814056.681859054,16709181.12613337,18189891.371057797,20457311.72170705
臺北市北投區明德路１５７號五樓,25.1111000194732,121.520529986136,18747764.58090615,15715583.410217958,17152426.411961995,18573680.753499683,20695997.940847285,22846652.891912125
臺北市大安區建國南路一段３４１巷３號,25.034531,121.538373,28308105.465718668,25692603.558692116,27012568.708546408,28451843.32928786,29817365.64982165,31392450.164297182
臺北市中正區汀州路三段１６０巷３號七樓之２,25.013247,121.534276,30382986.33666383,24845153.283333927,27676731.453420285,31349536.09046401,34790835.41648442,37596809.48732021
臺北市文山區木柵路三段１６８號三樓之２,24.98928339,121.5693065,41054630.77142897,33875550.35373825,38744323.90665263,43025175.114069045,47286113.86741198,50350200.172947824
臺北市士林區中山北路五段７４８巷５號三樓,25.0994899939278,121.527670026537,17910028.86568607,15340108.059525523,16860977.921284627,18078688.58571073,19203786.88955385,21014676.160324577
臺北市中山區南京東路三段１９４巷３號三樓之１,25.0517542685367,121.542715071957,42394813.30326939,36395521.005913384,38536774.21113171,41091121.66183651,46021476.9389554,52259422.15780574
臺北市中山區新生北路一段１１０號,25.05021572,121.5279281,7708642.835695471,6742723.908378188,7348213.198342744,7872908.574562471,8354021.841047024,8748960.831552006
臺北市信義區永吉路２２５巷７弄７號,25.04673798,121.574438,31415123.997735005,26870402.64967722,29750777.174167957,31956161.213619024,34047379.8904218,36704660.45536435
臺北市大安區大安路一段１６巷３之１號,25.04420799,121.546018,18124525.102571703,15581711.112728784,17164666.951978717,18260200.864674006,19943303.350262687,22189433.028162427
臺北市內湖區文德路６６巷１０弄１５號,25.0778599898693,121.580820009848,28130368.291574955,24437490.01260845,26320148.46426585,28355400.800085258,30766325.85902184,31973744.479694635
臺北市中正區博愛路２３０巷５號二樓,25.0335799879551,121.50979000214,15289380.42015502,11699745.087517597,14084794.62536228,15406060.684287759,17252351.260208126,20142205.85515742
臺北市文山區木柵路二段１０９巷１００弄５４號八樓,24.9924299982341,121.561260000598,11833316.985554077,10010629.902616415,11184595.562049918,12223710.296598904,13151919.549832912,14235600.397325896
臺北市松山區民生東路五段６９巷４弄５號,25.060051,121.558482,39944234.01630613,35011285.56971966,37238122.08293349,39792970.779195495,43188487.64531061,45992509.22386207
臺北市文山區萬壽路７５巷１６弄１號四樓,24.9853799794733,121.58853999413,13581947.873194871,10602897.966631398,11976275.772202473,13286570.870272731,15558050.723938223,17912210.51866476
臺北市大安區濟南路三段３４號五樓,25.0400799862296,121.53556997028,46553965.978314355,39742572.96197913,44490678.93816268,47168970.83612138,49626734.29389945,53435723.46654986
臺北市北投區承德路七段３４２巷２３號三樓,25.1178800152232,121.505180039213,15519589.615406655,13024446.849450031,14675431.086602071,16151833.512500316,17404941.796354447,18354429.305478133
臺北市信義區永吉路５３號,25.045863,121.569147,9805229.079492448,8864149.550735524,9237950.184408894,9952734.185750859,10531031.419021998,11023954.950492535
臺北市南港區研究院路二段６１巷１７號十三樓之１,25.0446500093884,121.617390001946,52626184.99446439,42139645.11116071,46926502.755617455,52005966.2496141,60142495.45074214,67010825.94454696
臺北市萬華區環河南路二段２５０巷３弄２０號五樓,25.0327299791541,121.491040020013,10340533.241229236,8303281.895212591,9520833.315637477,10618473.824220685,11507503.841563683,12320753.581876412
臺北市內湖區內湖路一段４１１巷７４弄１５號二樓之３,25.08422998,121.57128,41336370.862590045,36143900.228108674,38702191.55247398,41262667.75120659,44218722.973787524,48330745.01713611
臺北市中正區林森北路１號,25.04510498,121.52357,39128395.559462905,34077428.11769701,36648315.8825808,38869272.33131298,41162766.28201832,47519976.69077078
臺北市松山區南京東路五段４１５號二樓之６,25.05146124,121.5701055,14155657.047995508,12046284.076331817,12888982.181161128,14238526.728065062,15447385.135488931,16211068.874141263
臺北市南港區東明街１巷３號,25.05644498,121.605173,9153801.272218622,5251340.626778221,8395084.557808042,10160519.947410356,11476659.335707117,12881118.454907117
臺北市內湖區內湖路二段４２８號十五樓,25.0865100091726,121.591679980788,24637917.024346568,21851802.46535188,23169542.816696677,24691080.45626069,26926399.15220738,29846996.08749894
臺北市松山區八德路三段１６５號九樓之１,25.048187,121.555411,4622827.555198551,2459365.6415835014,4126063.2571878103,5021310.2251451695,6152787.329138856,7164018.018725718
臺北市內湖區環山路二段１０９巷３弄１０號三樓,25.08393519,121.5755705,17687103.814045154,15770579.58092998,16349016.862102743,17427991.377398394,18935724.597791843,20538716.822340548
臺北市士林區天母北路６２號三樓,25.12178699,121.526269,7550658.188515816,4866187.233679628,5444861.245231279,6778543.176436988,10349603.44115514,13250905.942570763
臺北市北投區溫泉路１３９號,25.13995799,121.512059,6627095.361104803,5364355.852953484,5837560.3586162105,6482040.760535264,7367800.287136025,8871030.498508848
臺北市南港區成福路７４巷８號二樓之３,25.0439800019581,121.586270007112,22828659.90095957,20366064.79673822,21742076.889582142,22856784.38764758,24069703.755666506,25232179.48036872
臺北市北投區大度路三段３０１巷２８弄２８號四樓,25.12214259,121.4655487,10512609.586079068,7381669.338803847,9864464.47197728,10967318.934305804,12060758.529578673,13717150.398206469
臺北市大安區金山南路二段１４８號,25.02905401,121.526132,34452731.773799405,28925803.52527238,33592813.564022966,35481246.90351667,37952108.429599,40188589.51738493
臺北市士林區重慶北路四段１９０巷５弄５號,25.08503402,121.512017,12629277.142161408,9494521.028014109,12504433.881526869,13707574.854174506,15261258.641032642,17592663.82451139
臺北市中山區吉林路４３３巷２９號三樓,25.06706401,121.532173,19848994.208720353,17015917.490464386,18381812.546021882,19532956.772361115,21517712.39430885,24219520.069177404
臺北市內湖區星雲街２１０巷３０號,25.07939377,121.5979146,26453277.718682393,22651221.873914257,24585523.375797413,26991752.184189856,29544490.981789365,31131477.250704646
臺北市信義區松德路２３３號四樓,25.03470002,121.575012,23236130.856855433,17869408.31677678,20438149.58496842,24736110.04771199,26993678.802409463,28201500.76807386
臺北市松山區新東街２６巷１１號四樓,25.0587899866788,121.566579994544,17949093.077245243,15375402.629665684,16621268.736313142,18010763.103167385,19440287.221884523,21007327.07786759
臺北市大安區安居街８巷６弄１１號五樓,25.0209700013609,121.554430006796,11291759.917519549,8305225.111000162,10062880.84751839,11687761.669593424,13091865.503890216,14871035.192952897
臺北市中山區民權東路二段１３５巷３６號八樓,25.064380003635,121.534869997546,23553865.024768226,19697939.67256784,21820866.041341927,23869456.570042416,26184369.65758596,28845603.21309022
臺北市文山區興隆路三段２２９巷９弄３號,24.99271498,121.559378,13057909.116078978,8083112.786515912,11162054.591251373,13835152.757203415,15952515.636074781,18580466.827545654
臺北市松山區民生東路五段６９巷２弄２６號,25.05916001,121.559693,32249320.751964085,29014960.73950692,30789081.856820147,32954792.280398566,34592733.09671992,36037581.58298002
臺北市內湖區民權東路六段１７５號二樓之３,25.0681799813491,121.596689970045,19418088.26540765,16699019.393902307,18126046.96241522,19608519.118875526,21138916.990582436,21967949.331175663
臺北市士林區德行西路１０６號四樓,25.103900006555,121.520880014413,18827310.88102379,16628694.377799219,17757034.387862734,18982668.36307646,20701106.431802638,22140364.578088656
臺北市文山區木柵路四段１４１號二樓,24.99835001,121.57402,24138758.356299505,18991799.359294694,22599932.50533007,25275501.502839275,28081254.463872872,31038676.047319185
臺北市信義區吳興街６００巷７６弄１２２號,25.01792201,121.569432,14896464.791573111,13199644.745088074,14362232.51508914,15319973.27766604,16162301.186340796,16659310.427605862
臺北市北投區珠海路１１６號,25.14202099,121.506187,15672471.459930426,12787996.516926823,14298499.866765179,15631441.773732988,17482334.394113157,19873246.374858793
臺北市南港區向陽路２５８巷２７號三樓,25.0579999923045,121.593669970331,35466058.04775505,30340419.4330949,33636521.39911322,36616883.91401926,38489266.7377761,39766165.62795424
臺北市士林區中山北路五段７０４巷７號四樓,25.0979799940707,121.52791997489,16824276.59527105,14861341.740652658,15816169.170285538,17040123.020088885,18032562.250618037,19195038.40271061
臺北市北投區泉源路５２號十二樓,25.14089299,121.509467,18939971.570685644,13760517.752171177,16050339.463584274,19990237.359353207,23022210.67413369,25174150.606075898
臺北市松山區南京東路五段２３９號六樓之２３,25.0515799992958,121.564819962515,21934527.669585373,17888052.563318532,19613682.601807,21892897.87950391,23876931.68416658,26184780.041792333
臺北市北投區行義路１７巷３號,25.12506699,121.526151,21066763.72588142,17320475.709968004,19630622.739692464,21451430.782973927,23918893.502692755,25785044.388211653
臺北市信義區虎林街８２巷３３號,25.04339302,121.575907,23904177.74911597,17059906.692097314,21553001.71135557,24329193.15663495,27805660.753287464,31254831.961114258
臺北市萬華區長泰街３１６巷１２號二樓,25.02128298,121.492674,7495454.431092822,5553357.018071035,6455597.742494581,8142444.960265842,8918045.041843254,9629126.744685821
臺北市南港區東明街６２號四樓,25.054988,121.602984,3875664.8875521733,2877318.9187638364,3291829.254098911,3799736.295090314,4547246.018027697,5400259.697045592
臺北市士林區社子街１３６號,25.0883599999772,121.505009970397,8833573.177050833,7438153.852370467,8196051.540300642,8912301.20540931,9470600.826961102,10171618.774129247
臺北市北投區永興路二段３８號五樓,25.13289,121.50253,19636891.482224062,15962729.319037976,18259067.766376924,20051316.80047007,21397934.09071754,22593405.270831868
臺北市松山區八德路二段４１０巷１２號,25.04729601,121.546653,31221991.808167215,26023188.88891067,29124373.979356118,31834003.352514077,34225277.906257436,36371510.84105086
臺北市北投區大同街１９８號,25.13730101,121.499224,14654912.686637944,10386028.191470563,13105535.38691475,15153542.896078225,17307819.356029075,19133206.908165105
臺北市士林區東山路１００巷１２號五樓,25.1134200045436,121.538809994952,15658396.318471376,13185813.257649783,14594971.13951422,15879699.747759853,17220777.752729714,18510133.496572483
臺北市南港區八德路四段８９５號十一樓之３,25.0510700023971,121.580539970463,7992668.651060464,5186903.665676879,7324880.775657589,8606996.307313723,9378882.53581824,10362404.016303007
臺北市中山區建國北路二段９９號五樓,25.0589300063713,121.537320027844,30807097.498663284,27704866.353865013,29433765.747896228,31209475.491674617,32724050.675329573,34195807.64889313
臺北市文山區景興路１８８號,24.99229899,121.543817,8895439.626984604,6585428.088930475,7466432.531373734,8753048.251658926,10401691.216071403,12321953.058392525
臺北市松山區民生東路五段２２８之１號三樓,25.058919989997,121.565769967421,30428964.787955344,24632241.16713821,29668666.230945814,31790328.095972326,33663561.48698556,35228032.89085827
臺北市文山區景興路２０６號九樓,24.99164,121.543562,16927372.200681992,13391965.6124922,15421376.41450732,17055890.031510707,18920158.472518206,20748089.915543556
臺北市文山區政大一街２１０巷４５號,24.98488398,121.585114,14646758.616011692,12766890.96125477,13910912.954760067,14933195.98342094,16075290.204066824,17657973.92420101
臺北市士林區永公路３巷５號四樓,25.114110002813,121.55134001819,23216184.511606183,16698845.231054144,19290867.824279454,23831920.664929684,27690437.960893597,32039385.961330578
臺北市文山區福興路６３巷４弄１１之６號八樓,25.0040800054577,121.54912996178,7681288.470262019,5387660.296681281,6809514.542187739,8044941.157476399,9251346.025736703,10398588.831769718
臺北市松山區松河街３８號三樓,25.0506900088166,121.57324000335,36492858.50064126,32790552.979689434,34632347.37524847,36940346.771377645,38606277.0962258,39827233.19819541
臺北市中正區廈門街１２３巷８３號,25.022955,121.520715,18048286.857698265,14498275.89196102,16488775.346541604,18220834.283292353,20192868.622900143,22526402.255553834
臺北市信義區基隆路一段１７號,25.04848381,121.569203,20666975.743651044,17503450.568825047,19507929.60465832,21245305.68572788,22727351.317740455,24555352.605344445
臺北市文山區興隆路二段８６巷１６號,24.999455,121.548682,47703771.61728932,39046940.06768417,44820737.862461776,48617271.949171565,52711401.91806671,57121944.83910837
臺北市北投區復興四路１２巷１１號,25.14116,121.500671,12753188.334813617,10855838.503838893,11721606.262970597,12812126.051947527,14066938.089103058,15443603.348087247
臺北市北投區榮華一路３巷６號五樓,25.112334,121.524742,37482821.00418677,31532242.152499832,34395510.66001064,38012972.59705831,40198135.58150338,43637331.22790648
臺北市大同區寧夏路２０號,25.05483201,121.514826,18529348.061190885,15933791.758238351,17428772.885062024,18595100.252339434,20306039.29215036,22712433.49280074
臺北市中正區廈門街９８號五樓,25.02403401,121.517352,11275547.06958677,6291039.327144353,7606099.308295629,11261067.141559877,17523014.946594507,19639102.805345617
臺北市信義區永吉路５３號十三樓之５,25.0458399881822,121.569209984303,17499752.739533354,15153085.288317386,16334905.76179808,17220928.22962907,18848159.317935854,20442373.56687612
臺北市大安區和平東路三段１巷７２弄７號九樓,25.02793201,121.546255,27248427.037738092,24449276.479609374,25883604.17678727,27853001.550375853,29071085.949353617,30453742.528090782
臺北市大安區和平東路三段１巷４６號十三樓,25.0265800091562,121.546580019196,22098328.023925584,20120623.60215532,21136218.69975375,22178604.256732147,23392763.016174193,24904076.148912545
臺北市北投區石牌路二段３１５巷３４弄１７號二樓,25.12349899,121.523382,24528075.768159725,19251842.693440236,22018397.015883945,25229658.64413901,27490547.63507949,31442178.845027372
臺北市中山區民生東路一段７０巷１２號,25.05725899,121.526349,9835426.506144838,8502627.277256211,9037949.524884239,9671446.28841906,10641808.860252596,11502052.25111426
臺北市中山區錦州街１９３號,25.06041201,121.531463,22724405.25019335,20259563.869758178,21289604.657701753,22527439.75540868,23952998.053607687,26045618.704537943
臺北市內湖區康寧路三段１２號,25.07284698,121.606532,22821411.73616968,18426938.297164656,20446560.831554838,22688694.070645653,25791469.371044643,29532859.27634342
臺北市中山區長安東路二段１８４號十二樓之３,25.0481999968403,121.541360021355,7791109.902797008,6081576.918333637,6973372.338705022,8090023.030901982,8788300.704317315,9883072.699449664
臺北市北投區永興路一段３２巷９號四樓,25.1383000077392,121.50020001526,12253818.241733614,8997553.067310039,11066091.081406545,12822999.421499483,14077718.208649322,15201936.77624011
臺北市信義區忠孝東路四段５５３巷１６號,25.04279799,121.562888,7780972.664657504,6182726.92540608,7482550.611854249,8178293.579318773,8881371.116159484,9464809.64532465
臺北市北投區天母西路１１７巷５０號,25.12124501,121.52451,64119571.970737614,54380432.09324613,59515289.735040225,63737672.92380063,67621502.14383288,79480414.80110103
臺北市中山區新生北路一段４２號十四樓,25.0463100034028,121.531459987877,23758971.898289017,20574080.257154807,22405965.717568647,24241796.92437974,25905600.182725966,27122810.292143308
臺北市大安區安和路二段９０號二樓之２,25.02885121,121.5503384,89492208.89889891,77783348.93416381,85827384.07793334,92360047.80565289,102370124.41680409,115835624.05235775
臺北市文山區羅斯福路六段４０７號九樓之９,24.99167999,121.54064,12756040.737625076,10338188.548762897,12017619.099008318,13026773.22184924,14185493.381448343,15019567.211817058
臺北市中山區天祥路１６號,25.06093722,121.5209433,15270678.33503212,13289478.344577696,14282446.886601528,15489752.238323413,16192961.501144309,17386148.492763527
臺北市松山區撫遠街４０１巷９號,25.0658258,121.5661627,16901654.729661368,15166416.240306936,15811599.12308528,16592698.191416886,17560986.193349306,19071668.362657916
臺北市萬華區國興路１巷１１之２號,25.02352099,121.509121,11095233.642569715,9714447.463355886,10477633.292249788,11224032.20833275,11844965.173915718,12407100.296719795
臺北市士林區基河路１３０號十二樓之８,25.0890499982466,121.522920002007,32262036.307298146,27953206.442933798,29642517.344710894,32228899.756610375,34787855.19877178,37685667.28701041
臺北市北投區明德路１５０巷１３號,25.11040998,121.52138,36562894.342424475,31495855.252403595,33804851.363241866,37282290.35477544,39813348.89899311,41954432.01886217
臺北市內湖區康樂街６１巷７９弄７號四樓,25.07115602,121.620262,13107707.758015022,10268412.639591275,11613618.581591032,13751787.750827242,14857580.210336205,15468392.0631914
臺北市萬華區東園街６７巷２號四樓,25.0266199908343,121.497229971689,12973171.128819525,11166866.733697247,12211958.453251107,13013909.372563869,14137935.543393135,15571260.66682601
臺北市信義區莊敬路３３３號五樓,25.0280100037474,121.564089982567,21749980.915150374,17682785.970778283,19444425.386157025,22213478.705345035,24814778.27381815,26619733.798629455
臺北市內湖區環山路二段１０９巷６弄１１號五樓,25.0836699898744,121.576369973634,16665997.378479235,15387002.543431552,15974222.386812486,16562411.043456506,17465751.627865758,18552063.79292948
臺北市文山區仙岩路１６巷３９弄１２號四樓,24.99788808,121.5499429,14466150.943512889,12607073.668735206,13622886.29918972,14671554.790103741,15512430.070793848,16529851.20203202
臺北市士林區芝玉路一段１９７巷２５弄１０號二樓,25.10677001,121.533712,13008454.610411443,10147261.911510965,11988718.395816416,13087611.426635932,15067821.96463205,17430883.49760101
臺北市內湖區內湖路一段３２３巷４弄１２號五樓,25.0826900196647,121.567469985023,16319905.683249334,15029003.440890932,15602992.517851898,16350057.74969709,17026346.053765852,17937950.10632743
臺北市信義區松山路６２７號三樓,25.0364699843509,121.578650018935,17597971.513369445,15297604.160194682,16162027.593319565,17271040.36591258,18899478.31539151,21217807.53265426
臺北市大安區安東街４０巷１９號,25.044189,121.541387,9147153.782857321,6671855.80481022,7994952.777259405,9122734.582050197,10744224.600215131,12385020.979769444
臺北市北投區中山路４７號七樓之７,25.1388499863161,121.511780033592,6819023.435730579,5916911.918284222,6288210.95979823,6754267.964263934,7350133.694229747,7831296.971185449
臺北市北投區泉源路４９之６號,25.14129000024,121.511119958717,9719090.2291862,7438354.879907721,8599473.928954113,9730192.415476426,11344901.879896503,13457693.611431256
臺北市松山區八德路四段６３６號十樓之１,25.049832,121.574493,16476538.22582164,14028504.185229015,15146619.098042998,16168139.05206962,17967291.21250285,20326073.03702318
臺北市大同區南京西路２２７號十四樓之８,25.05392299,121.510616,36022624.52948635,29062987.966172833,32184590.324513976,35060026.70659258,40357603.96717985,45694182.257115245
臺北市士林區德行東路１０９巷１１２號二樓,25.11141199,121.528954,30881755.93778932,23580033.08603711,28578894.789172124,31727842.90913057,34973640.76911335,37879845.78235982
臺北市信義區忠孝東路四段５５９巷１８號三樓之３,25.042405,121.563736,12882915.970275931,8639904.951731252,11893272.679514818,13859491.621707065,15596785.306546308,16924927.32739163
臺北市松山區八德路四段７８３號八樓之３,25.0512399873935,121.578350030621,22932256.820406996,20562242.591890436,21900409.20272344,22910045.919845443,24376596.228094503,26468797.189131856
臺北市北投區崇仰九路１１號,25.1306399959748,121.514180023928,41474709.98563172,28706412.566115744,35123482.99551205,43642621.52187103,51759488.957797706,59395158.8035636
臺北市文山區興隆路四段６２巷２１號四樓,24.98492199,121.560416,4109829.831721009,2932898.9223014414,3531175.8532737317,4135210.802684939,4853365.023266136,5403477.005935899
臺北市文山區木新路二段７０號七樓,24.98562599,121.570465,50543596.10525214,39915751.4106057,47021450.60469985,52518590.65524084,57234487.36789137,66214760.71390723
臺北市信義區永吉路３０巷１４５號三樓之１,25.042607,121.568973,21205934.572700314,17262269.509195454,18744222.192998692,21158253.53336293,23846735.517204754,26510608.57608812
臺北市北投區自強街４６巷１３之１號,25.10993502,121.513858,15814521.870691212,12938248.752403349,14808902.787913755,16200004.393720103,17407324.37077608,18319295.04157547
臺北市士林區中山北路七段１４巷１５號七樓之４,25.118855,121.531928,22982110.475023843,17954513.422569036,20882313.696828518,23845311.422918364,26519061.975413933,28798717.72061094
臺北市松山區新東街１２巷１１號四樓,25.05784698,121.566868,22735781.52941313,18912795.027551252,20928559.721408896,22875746.636963688,24841908.617914185,27671894.775376678
臺北市文山區萬壽路５２號,24.98742202,121.587645,29626060.909582846,25338985.014497828,26553791.20012872,28416450.386940166,33302569.347123016,37844034.91829102
臺北市大安區新生南路三段２號十二樓之４,25.0248499843408,121.534939986437,29256200.287448715,25644571.56044598,27596900.423834708,29319229.30533748,31579095.62848215,34467604.37533492
臺北市信義區忠孝東路五段３４５巷６號四樓之１,25.04154598,121.573856,65977649.546801746,57081343.88529529,61408249.37770305,65631065.057711214,69706385.71368314,77822578.87894735
臺北市大同區歸綏街１７６號,25.05806998,121.512376,9951599.788487706,5365342.762363495,6762224.987566595,9097756.071886292,16484464.303134823,19728006.773212124
臺北市內湖區康樂街７２巷１７弄１４４號,25.07185201,121.616453,4463268.406273354,2787303.332774474,3258725.662248847,4060713.2647281494,5622812.9011154985,8025870.964424058
臺北市內湖區大湖山莊街２３巷３５號,25.0861700182251,121.602940019967,13386338.254264515,8164530.238172135,12373693.701618036,14606358.040805832,17312738.78901331,20017114.60802263
臺北市中山區建國北路三段８１巷３號六樓,25.06551013,121.5374485,21319557.029049743,17118471.795580994,19723787.174130224,21995935.811729282,23925947.593602046,25656969.803646818
臺北市大同區酒泉街５０巷５號,25.07124,121.516716,17054757.83086712,14633820.470618604,16304668.368766613,17514362.91569868,18528002.479256645,19931040.514088303
臺北市文山區光輝路３０巷４號,24.98627399,121.554436,13364744.372314459,12479234.973319784,13316761.265399456,14206785.908068204,14902986.132419705,15669918.387846943
臺北市大同區甘州街２２號七樓,25.05871199,121.512797,26332336.290164597,21356840.858623583,24662893.81794761,27195232.568755314,29484803.871647228,32441553.47494244
臺北市萬華區康定路１０５號六樓,25.0392682,121.5020232,15396958.444137668,13346235.311370023,14112645.719675664,15499375.578104908,16748750.391040359,18074108.565647192
臺北市大同區延平北路四段２８２巷４８號,25.07705902,121.510317,11484411.51834906,9372379.411845494,10561824.798546955,11708922.969178481,12998679.604064025,14197752.931086862
臺北市文山區景興路１５３巷１９號,24.99400001,121.546,7036948.16994374,5273341.874346274,6571611.41223951,7577290.5990023725,8278872.685453985,8965469.039305791
臺北市信義區虎林街２３２巷１５之１號,25.036487,121.577032,3483057.7786157643,2337275.5344274524,2705850.152952951,3337314.94713441,4233719.3732231455,6025095.877155777
臺北市信義區莊敬路２４０號,25.02940601,121.562191,19077278.328019656,16584516.789969224,17613000.900647048,18940715.646082535,20569448.627740376,22353476.338217866
臺北市文山區興隆路四段６２巷１０之１號,24.9851900036378,121.560939979535,15077424.748993192,12385960.259729985,13789051.994531075,15321708.03294533,16889799.726930376,18148085.171656262
臺北市文山區萬芳路２２號七樓之３,24.99586,121.570455,21955123.61240155,18601011.012404475,20844476.62326442,22280574.46850877,24599814.308757894,26164526.25552935
臺北市中山區德惠街３巷１號五樓之１,25.067076,121.523203,9057704.430896811,7926552.031999438,8621337.643716777,9148982.171684511,9820507.135176219,10524892.852724068
臺北市文山區萬壽路５６號五樓,24.9873599945509,121.587650003651,27349741.090359263,25098750.474275045,26095328.618788097,27090997.758334983,28445899.459558006,30958379.111185215
臺北市文山區羅斯福路五段７９巷６號三樓,25.00603102,121.53944,23024491.665304054,19103777.95668551,20995219.03599093,23467108.512725003,25887517.184408296,28254713.672543544
臺北市士林區承德路四段９１號,25.08342398,121.523771,48675520.162705444,41437918.25539525,47415997.17687972,53199156.741336636,58661827.56401239,62562741.09452637
臺北市內湖區安泰街１２９巷１之１號,25.077661,121.616778,9679138.85965376,7269167.40412827,8319125.373048683,9679639.848883793,11567683.946099455,12556437.189892735
臺北市信義區吳興街５２４巷２１號二樓之８,25.021976,121.568155,15820371.820726166,14013963.754353143,14865111.440231089,15831908.386192637,16936931.534629453,17732306.444738552
臺北市大同區南京西路３６０之２號九樓之１２,25.0537299993698,121.511070002574,5481375.573737813,3513870.2470269892,4857668.381341264,6018738.811762613,6387346.526917885,6724143.3318718225
臺北市信義區莊敬路２８５號七樓,25.0288699870132,121.563020032627,31131652.433793515,26431735.79530784,29494568.844404537,31827664.391567037,33921980.43276347,35890387.34374213
臺北市信義區富陽街８７巷２０號,25.02162999,121.557533,22309414.190128554,19151560.950036064,20725949.320643894,22457693.605681513,23927536.93455302,26082192.726338852
臺北市大同區迪化街二段２７０號二樓之２,25.07068902,121.511583,10860615.010090612,8937319.882953255,10027048.048736656,11226431.586099394,12208419.71588241,13175711.038124051
臺北市文山區福興路９５巷１７之２號,25.00465601,121.548696,15520681.023824103,11427271.12774109,14481824.709987892,16447700.149586122,18172967.724962506,19565316.65682307
臺北市中山區雙城街１８巷７號二樓,25.06551198,121.523695,9161705.195094671,6937208.859024171,7786389.66296373,9272721.250481224,10696577.288213685,12351673.790715214
臺北市大安區杭州南路二段８９號四樓,25.02871002,121.521952,11363488.689649532,8304773.831812059,9512418.97838468,11094247.200820826,13819693.924781071,15905741.932565449
臺北市內湖區內湖路二段３５２號六樓,25.08200999586,121.590449978407,11765248.10983905,10206486.350685854,11090736.351587355,11938045.04098868,12697174.581123937,13895317.618019368
臺北市文山區羅斯福路五段１７０巷１１號,25.00455702,121.537676,17905047.886658095,15388949.414847735,16561626.707878914,17912283.15697051,19578974.00099143,23793903.85748177
臺北市內湖區內湖路一段３２３巷４弄８號二樓,25.0826900196647,121.567639970019,16306777.618441636,15029003.440890932,15597442.72840566,16331620.08169701,17011350.19462475,17927200.87372397
臺北市中山區民生東路三段２８號七樓,25.05760202,121.539382,220871.8975614886,58208.45301122306,190578.13962404613,304404.3486017003,385469.3259157684,454527.79320613627
臺北市萬華區艋舺大道４１６號,25.029081,121.4922,7735058.442877223,4985876.441576269,7129556.271505656,8285100.098862056,9071951.319743479,10141006.513032176
臺北市士林區福壽街２７號,25.09616301,121.525524,14661022.690488962,9889684.193504754,11028466.915695425,15114024.660010196,19951636.084211662,23226265.480861694
臺北市士林區大南路３８７號,25.0892299996173,121.515639983823,24429955.0048106,17620907.50547852,20891460.078703806,24652889.016701765,27442378.034036748,31417069.1128464
臺北市信義區仁愛路四段４４０號四樓,25.0373300095263,121.558479974772,18308352.202318683,13061772.049213568,16931328.41513893,18821119.74278393,21820885.20284697,24567554.777322695
臺北市松山區八德路三段１０６巷１號三樓之７,25.0475900038367,121.553819971883,30548809.891238302,21056582.672298074,24299673.108298603,29275501.22996351,38089391.36814582,46309058.739872724
臺北市中山區龍江路３９７巷５１號,25.06566801,121.543622,17931002.376852363,16365879.427295396,17092193.29713382,17946854.42725166,18841830.02539456,19919783.70597401
臺北市北投區三合街一段３８號五樓之５,25.127157018545,121.506351052211,14289900.372606102,10205964.197309941,13195647.890190765,14903025.31042292,16763773.724154526,18383377.65447877
臺北市萬華區西寧南路１５號八樓之１,25.04809099,121.507601,12827120.119926132,9254636.4545033,12403065.99232673,13827556.574204305,15013175.174783133,16946705.027803503
臺北市萬華區成都路１３９號十一樓之２,25.0434599886851,121.503420007184,46186501.95284759,37658547.491143346,41901027.411673576,45316095.84156653,50468438.48726267,58712886.17772359
臺北市大安區麗水街１３巷１６號,25.03009999,121.52935,26645737.66794458,19885650.887534127,23905729.53505356,27174839.23561338,30462627.89966996,34219233.62079435
臺北市信義區永吉路４４３巷６４號,25.04736801,121.578243,33809508.904627085,19568283.036180474,23445034.586109526,38041661.785944745,45340088.88789874,53018221.783057824
臺北市中正區延平南路１５０號九樓之１,25.038616,121.508462,61597986.164365105,46285313.97740257,57893342.278999284,63486883.78612107,68190890.80054486,76571966.48566322
臺北市內湖區麗山街３４８巷１２號四樓,25.0820700102868,121.573690027731,21727367.114943277,17331058.11241995,19210761.390672702,21336573.914781556,24138538.051757887,27954482.335225217
臺北市中山區建國北路二段３５號十二樓之７,25.05529301,121.537265,11673256.556454936,10173601.603542218,10799465.104083566,11713865.140164915,12642629.858810421,13851792.655934263
臺北市中山區松江路８號,25.04645698,121.532689,7758239.178238043,6348042.675025338,7006014.620612554,7823998.3625516435,8606047.786554428,9312977.311448267
臺北市中山區龍江路４１２巷１９號四樓,25.067690017199,121.54021002424,15890338.582345601,14511372.624468606,15386979.687179832,15991299.737402089,16647498.563577987,17320859.378847495
臺北市士林區中山北路七段１４巷３１弄３號五樓,25.1196200145034,121.532560028849,20201038.005816437,16875896.07750542,18563977.700490747,19990511.0272945,21948097.502385095,24217556.440670364
臺北市大安區信義路四段３０巷８弄１３號,25.032777,121.54403,14183759.465710277,9362016.424919512,12593845.028783737,15246255.770939764,17499151.88544696,19077941.470646247
臺北市文山區興隆路二段２１７巷８之２號二樓,25.0021799956458,121.549379993952,13251884.045511927,11495641.606058005,12471582.437084496,13409515.359336298,14462267.503952282,15356267.207459783
臺北市內湖區成功路二段４２６巷６６之１號四樓,25.07001201,121.58796,6625112.180569152,4343815.375510252,5259738.687246661,6451287.692959483,8367205.135902617,10474987.988184514
臺北市文山區萬芳路１０７巷８號十一樓,24.9969599978053,121.561949998868,33647378.97106977,12732187.506660683,22579481.29450588,44824701.95404662,49063633.65903483,52589390.06469144
臺北市南港區研究院路一段９９號,25.05230491,121.6163716,22635205.66292983,19306681.703870025,21585562.173694275,23290446.01806675,24804137.026533227,26731462.108983405
臺北市北投區溫泉路８１號,25.13551801,121.505853,13650065.678579258,11094792.26687723,12743362.989380877,13910262.360373069,15051402.063244142,16324024.358072737
臺北市大同區民族西路７６巷１２弄１２號三樓之１,25.06757099,121.516824,28447205.43157806,22332519.360476457,26095715.444231216,28644692.715491384,31115923.2976701,34052307.33893852
臺北市內湖區內湖路一段４１１巷７４弄１５號,25.08422998,121.57128,81585078.40920082,66750286.37118922,73679871.01746732,80910889.826143,88483544.09111816,105843367.22790687
臺北市士林區德行東路２０３巷８號四樓,25.10968398,121.531944,19378329.115761936,15382882.561480556,17849529.94007368,20246483.76876396,21929047.603429295,23609083.698060706
臺北市中正區和平西路一段１５５號,25.02767142,121.5151352,23048017.447367724,17391979.27978504,19924053.485632718,23520149.069260594,27431395.64284563,32289462.164287377
臺北市大安區仁愛路三段１２３巷２６弄７號七樓,25.039176,121.541484,37633380.55961087,32426293.93631292,35442674.26012568,38389391.79013645,40412681.157554284,42762808.757004514
臺北市信義區莊敬路３９１巷５之１號二樓,25.0281299906914,121.565829981848,29822247.089603126,25025162.83273594,27862903.294414546,30439967.67455833,32428381.826300465,34950972.52051022
臺北市中山區德惠街７３號十樓,25.0666999887054,121.528349966522,25268598.015398346,20184950.75557882,23571340.446580015,26091943.01350145,29584209.030979596,32310304.5059336
臺北市士林區士東路３８號四樓,25.111816,121.527473,20717511.488814298,17790562.518294454,19796972.50377016,21104143.00326133,22303352.868773963,23790656.217725314
臺北市中山區德惠街５２號,25.06656982,121.5272006,25029228.326113112,17873900.236743994,20422454.45877581,25218571.36075095,30499836.481511153,34834056.62598106
臺北市信義區忠孝東路五段３４５巷８號二樓之１,25.0415500044085,121.573590031626,56078945.2170189,50196108.6519784,52557750.18258152,55540529.74100934,60001224.428371966,65449714.57296329
臺北市中山區林森北路６２８號,25.06743701,121.525567,22832727.05188047,17191094.50040091,22370213.66679566,24021754.74948494,25227016.820633125,27003818.263332367
臺北市大同區敦煌路１７９號二樓,25.0766599947012,121.510679992619,11277809.48156232,8342549.040692141,10435270.613135174,11520304.515028652,12878483.2314676,14242525.61815132
臺北市中山區新生北路二段４３號七樓之２,25.0525517756385,121.527867448762,7006593.543512695,5652133.765136337,6116648.018630978,6771918.234952221,8098277.08007504,9248956.65980982
臺北市士林區通河西街二段１２１號五樓,25.09291502,121.50686,13859081.026051523,10414239.664281264,12916812.830051644,14532641.810132366,16156242.672772394,17509036.513663627
臺北市中山區雙城街１９巷８號,25.065328,121.524851,16970195.905659754,14441525.310865488,15980930.03582378,17080511.444233023,18064865.417903252,19314471.99287463
臺北市士林區德行東路８１巷９號,25.107926,121.527256,22487460.2815829,19362576.116929483,21110983.943096615,22474119.677683774,24367172.428529598,26796907.414660383
臺北市北投區榮華三路５７號,25.11412299,121.519998,21142085.042898092,16964798.281315457,19319118.359755907,21431968.876719914,23374706.586565144,25471862.66096896
臺北市信義區吳興街６００巷３７弄９號二樓,25.02101602,121.570162,17350928.96535423,15280478.438438702,16295902.969990022,17444585.921711236,18515334.882789038,20309510.8176936
臺北市萬華區康定路１０５號四樓之１５,25.039469993226,121.502059959575,11531420.25511659,10584269.36540044,11104360.411171848,11593242.546585679,12105030.371496614,12560232.539897889
臺北市信義區松山路２０４巷３號九樓,25.04494099,121.577513,7969227.221044735,4007053.695693239,5334462.414619543,7403210.469681451,12556097.6523974,16769087.216728255
臺北市大安區信義路二段６６號二樓之１,25.0342900189731,121.526119961183,58813514.76187605,43168622.683133796,56286432.57786472,62603717.03649006,65870926.47030275,67797925.98785862
臺北市萬華區東園街６７巷２號,25.0262399972539,121.496799980056,12836801.32271234,10780660.070816154,12002448.84381728,12903041.910484854,13932078.89095882,15649624.822878897
臺北市信義區林口街２１號,25.03723198,121.579108,4413471.150192198,2109224.86353557,2758642.7133096945,5094549.441651942,6654818.065446433,7434696.380026066
臺北市中山區新生北路三段１號八樓之２３,25.06288702,121.527991,6740324.645804342,5884076.390398884,6163414.065940238,6579578.464754881,7400938.708689026,8107781.858877063
臺北市北投區中山路４７號,25.13876298,121.511686,3254911.8802332412,2925615.9160692133,3050178.085469018,3223695.2070015697,3455287.328629517,3637755.8017431786
臺北市文山區羅斯福路五段２４８號,25.00114898,121.539027,17454059.83897451,15336707.34924353,16292452.778689928,17623338.73520161,18666088.91605121,19903593.355478965
臺北市文山區忠順街一段１０巷９號十樓,24.98339598,121.558528,28765294.212036848,24427180.345637664,26092192.84335367,28491701.37368053,31264324.25403659,34075051.55847468
臺北市文山區木柵路一段５９巷４號,24.987181,121.546076,11566992.346382085,9609734.568932656,10921955.024765449,11939723.318930836,12666240.676320128,13291876.48432925
臺北市內湖區成功路四段３０巷１６號七樓,25.08231899,121.591468,15158881.977036847,13172438.420508042,14392834.122293457,15485728.744636407,16585430.93906859,17813132.111464873
臺北市文山區政大一街２７９號,24.9870841,121.585298,26879156.88203658,24929403.752682015,25930886.549247753,26931950.638711475,28072274.718944818,29657260.584136754
臺北市信義區光復南路５６７號十一樓之２,25.03075399,121.557622,15568128.683767494,14021898.17767194,14921923.477627441,15715965.557194363,16547421.675039701,17367601.114153594
臺北市北投區新民路５３之１號三樓之５,25.14032298,121.510258,9374330.090959303,7359506.586855028,8155211.369162282,9144729.494616056,10834676.01693288,12102083.19979171
臺北市士林區菁山路７２巷２９號三樓,25.1395100192816,121.551579992078,19053728.809587166,13345731.168327766,16254375.887989726,20501440.171568822,22901474.693119615,25294481.036541745
臺北市士林區中正路２２３巷２５號,25.09459098,121.526458,9951351.84661009,7028006.924298077,7973322.759371067,9359158.66899556,11639659.35624028,18459829.429832734
臺北市松山區三民路１０８號四樓之２,25.0575200026191,121.563820001466,24539500.226173833,21158431.28185301,23172470.503077682,25023287.354793523,26360043.993368886,27959568.62764989
臺北市北投區溫泉路７３巷６號九樓之３,25.1355900127141,121.50611001137,12401816.719035935,8825007.305370644,10601297.257463144,12753581.733379751,14495115.029422617,16159283.430508317
臺北市萬華區漢口街二段２７號五樓之２,25.0455700070809,121.507599978478,21445986.201350976,18056102.336112004,20730570.238502566,22265473.351579346,23384727.762548372,24704488.981954552
臺北市內湖區康寧路三段２５號七樓,25.07281702,121.607299,31304597.649688102,27021454.577946573,29102196.71211852,31571496.51012588,35215212.991343506,38316240.836358495
臺北市中正區辛亥路一段３號三樓,25.018799,121.527603,223325.228531213,37871.83569894813,167758.4149396887,330871.37998242176,417972.02110556234,492323.43677805824
臺北市中山區市民大道三段１６７號九樓,25.0447699963324,121.540759960907,63590752.91272325,53181576.01729876,58182213.96694859,62775622.28739436,66928404.11205986,74291837.43264848
臺北市文山區和平東路四段８８巷９號六樓,25.0049699959368,121.567179971173,14508455.958067618,11387268.608169833,13414251.56392672,15033962.049827177,16189456.710094059,17639484.05434442
臺北市信義區吳興街３４５巷３號,25.026715,121.565914,17965589.726694297,15941634.612481806,17040713.00941639,17896014.52016844,18973485.326349363,20069885.144580774
臺北市內湖區文德路２０８巷１２號,25.0777685,121.5834971,16836359.866229642,14014264.3167169,15054893.786854165,16900473.88777869,19045990.42565828,21031975.214566052
臺北市文山區新光路一段９５巷２２號二樓,24.99115201,121.574704,14325392.515740605,11973547.835633958,13717605.918571325,14521019.084505126,15582675.777775286,16879756.243507788
臺北市北投區承德路七段１６８號十一樓,25.113915,121.508111,62335785.36976694,52392748.97164343,59585922.05046398,63559956.4191303,66435200.64465322,68779796.67237483
臺北市萬華區中華路一段１７０號九樓之１,25.0409900094573,121.507520015122,33116274.75898259,28147042.407836743,31106912.268785145,33359960.146720637,36647719.42957747,39001786.82687927
臺北市大安區仁愛路四段３４５巷４弄４１號,25.03906498,121.551449,23390421.487734325,16394965.155745586,21676132.07990826,24951896.771502413,29248813.808778226,31973486.47630042
臺北市松山區富錦街３５９巷２弄４０號,25.06127401,121.559892,38513712.5819925,32964856.677514452,35800539.324617825,38828897.64581416,41853638.611389734,45344110.2181108
臺北市大同區大龍街１２６號二樓之１,25.0670200097687,121.51589999046,7185725.571854189,5052382.314162361,6005473.13272211,7356185.168781011,8695400.740339939,10082710.413124677
臺北市南港區園區街８號十三樓之２,25.05977398,121.613515,27678438.45482298,24701160.878144033,26539953.706168395,27880912.59818668,29958056.516055014,31353052.341145393
臺北市信義區松山路２７２號十五樓,25.0438199914265,121.577319978539,17007049.187332395,13746894.182646077,15721995.485533472,17573132.53550512,19451221.541067127,20948812.26990107
臺北市南港區富康街２號四樓,25.0540799857369,121.617229991414,13637165.170185048,9890845.44292073,12893612.657038398,14366180.349672457,15506920.175095275,16475094.856818976
臺北市信義區吳興街２８４巷２０弄４８號四樓,25.02442301,121.561947,15397722.684186444,12815289.845558608,14848305.798160575,15814779.713593803,16637963.704928515,17772281.77126547
臺北市內湖區金湖路３４７巷１２１弄１３號二樓,25.0734500191517,121.596800024433,52055155.82840681,44008991.33284186,47770136.526227996,51866520.66997598,56629055.86961025,62398748.76381409
臺北市北投區知行路２６１號,25.121084,121.4670799,14236811.601398079,12330347.746975042,13545564.524755362,14460743.488770284,15277319.071473915,16197291.06853412
臺北市大同區重慶北路三段２０３之３號十樓之１,25.0699299970036,121.513990006183,13272079.7647609,11555736.378568642,12163125.086600345,13333467.017588984,14231120.294478275,15351667.073126985
臺北市大安區羅斯福路三段３２５號七樓之１,25.017151,121.53221,12822162.00288777,9887299.27743673,11396216.508442312,13090101.062062487,15095419.135101184,16273104.116967967
臺北市中山區吉林路１２之３號二樓之１,25.0501599791693,121.52993003909,23900750.82767026,20483513.30835728,22425660.232417855,24120261.080521613,25937113.735488225,27519705.34140487
臺北市北投區中山北路七段２１９巷３弄３９號六樓,25.1270900085229,121.530639986289,16912835.115185127,13970146.452676903,15534290.82929678,17176813.519354157,18672187.2589199,20149226.910656974
臺北市信義區忠孝東路五段４６９號十三樓之６,25.04103401,121.577216,15634067.36980743,11550947.540253231,14428842.30240663,15790785.284312561,17502893.611601114,19328406.993773803
臺北市中山區敬業三路１６１巷５９號,25.07937322,121.5546027,58690484.36952681,49773609.74009581,54413239.117084794,60588012.27404772,65844097.269952625,69558404.76578166
臺北市大安區光復南路４５８號五樓,25.035260014718,121.55735998487,21508525.36025752,13351206.365060585,16711873.02094604,21943917.114217836,28811890.039539065,33808470.394608565
臺北市萬華區國興路２號,25.02502701,121.508883,11046629.322990423,7395192.515560847,11014874.514256766,11733248.689050242,12464306.651905011,13638290.199633433
臺北市信義區基隆路二段１７７號九樓之３,25.0250700092991,121.553779990205,20551900.803654928,16559283.000980085,18448667.779588785,21049428.122349277,23416784.935517162,24672972.290334035
臺北市南港區園區街８號,25.05977398,121.613515,29695792.721163463,25767490.118634723,28621559.938337978,30657424.756421283,33508352.547077194,36048648.76684871
臺北市大同區昌吉街１３２巷１５號四樓,25.06538101,121.514253,15182684.484704161,12344765.263925824,13919779.15297884,15602909.541807784,17196466.728148483,18532714.097661573
臺北市中山區北安路８２１巷１弄１７號,25.0849937,121.5570648,18262048.455539595,15597298.138080185,16521150.7603413,17992468.622240167,19772098.251984585,23143424.298108682
臺北市中山區林森北路８５巷７７號,25.04928998,121.527483,8800643.948959235,7541204.312957974,8466542.744182955,8912042.086929554,9463689.787509149,10149580.033033617
臺北市中山區民權東路一段７２號十一樓,25.06251578,121.5251827,9506072.47993434,7709591.460525274,8581549.147989532,9525145.506574115,10568365.627150308,11617199.048500825
臺北市士林區中山北路七段１４１巷４號六樓,25.12315701,121.531816,23907454.414788887,19644347.82236922,22792136.859935883,24704653.13626822,26422552.808208574,28163288.927411806
臺北市萬華區成都路１０６號十樓之２,25.04355998,121.5021,13247273.658403534,11559749.36712046,12285764.567259623,13426308.735467037,14458071.56471504,15600677.227651235
臺北市信義區松山路２０４巷２６號十三樓,25.0445000152311,121.577330036823,31147919.9877351,28815057.874992065,30117613.739828173,31448561.063235927,32873020.98661513,34717556.60878742
臺北市北投區大興街９巷２號,25.13004098,121.497819,14997897.099974863,11352063.778129831,13589321.641777297,15608202.793186158,17834743.73852473,18937042.169330724
臺北市內湖區康寧路三段７５巷１８號,25.0723400037141,121.609229967747,38534107.52662971,12853111.94221038,37936982.8886449,47637066.643796414,54142165.864830494,62227328.35526023
臺北市中山區新生北路一段５４號十三樓、十三樓之１,25.0463200197771,121.531050028992,16118752.724393336,13271453.453926533,14800827.389736375,16371539.485814659,17834537.462486096,21042082.93462284
臺北市內湖區大湖山莊街２２６號,25.08854201,121.598498,8714917.0669583,7256212.58949958,7989713.887833847,8907768.481598571,9788495.120663105,10713170.1267628
臺北市中山區新生北路二段４１巷１２號二樓,25.055279980905,121.528409980949,27899280.449612223,22509473.168333523,26331838.795971695,28779174.16971775,30958424.470625848,32505792.425481282
臺北市中正區惠安街３７號二樓,25.0291799917022,121.507139979632,21080976.266838446,16054326.196642246,19540212.78333839,21707075.618087552,23964633.4393534,26139963.99218834
臺北市大安區安和路一段９０巷１號,25.03474101,121.552157,61116785.59254826,52530195.288570315,55492902.153460264,61957880.43126476,66644485.29303253,70260628.45220311
臺北市中正區詔安街２０４號七樓,25.0259900069917,121.509950012672,14175077.248725647,8539625.85241498,10149863.810792394,13422920.317038832,20837696.257606342,23998502.535429552
臺北市松山區南京東路四段１５８巷６號,25.05085299,121.556483,10393878.396959642,8530834.790507115,9553797.156623952,10344667.153504256,11453843.750007998,12833556.778870149
臺北市信義區信義路五段１１５號五樓之５,25.03334999,121.5739149,22229680.487742368,18206498.9876137,20507563.315412,22361338.182992615,25341139.314389244,27419869.182106387
臺北市內湖區成功路五段４２０巷１１號十樓,25.0753100053758,121.607809989531,22724314.464194026,18812758.08466906,21164545.659371044,23079380.570173606,25359355.579431154,27011759.337885875
臺北市中山區南京東路三段８９巷２７弄１０號九樓,25.05372061,121.5382156,30646655.2009123,26896269.316991393,29001005.018677786,30918502.948999323,32951310.304129303,35070691.36903639
臺北市文山區公館街２５號,25.00530401,121.537642,15249106.739642186,12792064.80396061,14300485.504161788,15570225.44591514,16446593.14343203,18068965.769215524
臺北市大同區歸綏街９７巷１８號,25.0593999796824,121.515820027104,33659977.91243032,25013655.33497683,30326521.59975895,34359587.77448024,41913812.900623545,51994160.177546866
臺北市南港區重陽路５７巷７１號八樓,25.0581600028361,121.595929982884,36555252.33807372,32335592.47625104,34984987.532408506,37463934.024992414,39194670.53744685,40831429.425305925
臺北市北投區大同街１５１號四樓,25.1356200199274,121.498920014826,16396486.763988275,12680070.96796585,14359848.006077938,16140890.507685892,19502472.14040423,22079288.30609554
臺北市大安區安和路二段１６９號十二樓,25.02822601,121.55017,37282306.53601025,34075222.78896698,35492699.03563901,37571127.04423804,39244111.602806754,40705399.500456035
臺北市松山區八德路四段２４５巷２７號五樓,25.05036399,121.56454,36423533.77941291,30411862.663068324,34146179.578171924,36543114.72631841,39536727.19580233,45023908.248643935
臺北市北投區建民路１６１之３號七樓,25.11116402,121.519732,12904212.431260906,9738738.983572563,11351096.052401468,13378612.76397865,15149690.175766844,17501194.92748353
臺北市大同區民權西路１４４巷５弄７號,25.062373,121.516425,21943188.417894732,17008302.50582892,19635555.99496557,22610055.628804635,25094197.440976195,27994741.660736427
臺北市中山區五常街１１巷５號十樓之１,25.0646299938972,121.537850015582,34821232.52398302,31248768.64510377,33315067.014838647,35080474.34770711,37614145.49300369,39793162.01374895
臺北市松山區南京東路五段２３９號八樓之２,25.0515799992958,121.564819962515,15156635.809465721,13676012.467138877,14453616.950112179,15239797.743518364,15904276.57152384,16636899.004779736
臺北市內湖區民權東路六段１８０巷４２弄１１號十二樓,25.0675800047198,121.592229959365,16515521.236649888,14123964.818813257,15702980.953431671,16792931.8853318,17659426.238652542,18830032.78384795
臺北市內湖區內湖路一段４１１巷６６號九樓,25.0853400002631,121.559109958615,159652536.00549302,114687011.5952974,132839484.35709816,163375627.57121462,189472639.3259145,240759296.71418393
臺北市中山區南京東路一段１３２巷１８號,25.05097998,121.526923,20472544.82191989,17567463.52879718,18820784.66523714,20469573.431840558,22500735.120168116,23780116.26850323
臺北市信義區松平路７０號,25.03029902,121.565752,46982149.191707306,37103489.83678038,42865242.362739936,48161104.37786562,52504934.173930034,55594955.37423824
臺北市萬華區康定路２３２號七樓之１２,25.03794,121.501592,4623553.730284176,3350967.825329356,4133426.724853876,4739007.376075548,5410241.157079227,6083717.423232171
臺北市中正區晉江街１６９號三樓,25.02139299,121.526653,21066487.224659562,17724364.289536353,19854224.56906547,21565382.50690607,22724741.091831967,24659736.94352448
臺北市內湖區內湖路三段２４２號九樓,25.0886399974528,121.587919984752,50962886.311508,44425980.52679298,48036065.47517791,51733276.0852799,55025118.711336285,58476580.20240103
臺北市士林區士東路９１巷１８號,25.11293,121.52957,23929237.695688207,19466373.81111103,21109898.866626635,23775726.401222877,27108055.160551503,29877885.669484742
臺北市中山區新生北路三段６１號七樓之１０,25.0659200107054,121.528060036492,9008848.030409219,7755323.676986161,8365331.783456439,8986290.470600545,9843205.831484536,10364427.5322904
臺北市大安區通安街１６２號,25.02713099,121.552303,39851093.80229299,33611342.786822185,36071177.34933184,39416624.79081847,45227452.54865266,48589084.542514324
臺北市信義區基隆路二段７９巷３３弄４之３號,25.0296599813875,121.559959967416,14865608.310261589,11912631.318748154,13431837.262355095,15008682.596988443,17195080.67514016,19707824.498764753
臺北市信義區永吉路４９８之１號,25.04516701,121.579566,8465428.375277963,4768340.143433116,7349804.856718741,9414416.393751739,10688193.005978022,12156245.014548179
臺北市士林區天母東路７７之８號,25.11826202,121.535166,31741868.785255298,27151087.12300676,29138107.861121453,31578205.342509203,34207428.02945449,37443079.118859574
臺北市大同區歸綏街１７０號,25.058073,121.512546,6199313.646224223,5199134.0505564455,5732617.348837798,6173749.784243874,6594612.821151173,7912447.992569392
臺北市內湖區成功路四段２９４巷７０弄１４號,25.0872400100749,121.598410020395,41349959.05856629,32078403.162155163,38601665.02731763,43153091.848971754,48379655.65869959,56604998.553446904
臺北市萬華區寶興街２２２巷３６號五樓,25.0221674122992,121.494657471606,30394573.990388017,22773112.81884678,28527135.159028422,31988861.150572926,36814199.544880584,43487631.784791686
臺北市內湖區內湖路二段１０３巷１１９弄５２號七樓,25.084304,121.58181,23376773.730145365,19486730.20577261,22033457.972932056,23753250.082411125,25632898.746443313,28224102.193604693
臺北市大安區建國南路一段２８６巷１２號五樓,25.0360300182533,121.536830021784,23506129.18210161,19297179.876131594,21939161.948022492,23777238.664245307,26054677.161382303,28007827.374817412
臺北市北投區立農街二段２０２巷２弄４號五樓,25.1185799879574,121.514010038932,14558966.757108752,12500190.195530787,13531303.028610315,14694105.894535646,15998048.290878395,17277591.437596444
臺北市松山區三民路２９巷７號九樓,25.0545699917965,121.562630022672,51815486.78364279,47724006.85211153,49988682.146286026,52391130.89626087,54506793.29180324,56643403.93019461
臺北市內湖區民權東路六段４７巷１６弄８號三樓,25.06988201,121.587398,13926609.682674527,10606236.977766007,12156230.511851862,14105422.996042639,15731223.770427512,17888620.70413164
臺北市內湖區康樂街１３６巷２號五樓,25.07183952,121.6190883,1677064.757172745,1155462.9460810616,1339171.9212706392,1610250.74188076,2017683.9025748852,2453055.592202786
臺北市中山區錦州街５０號十一樓之６,25.06016298,121.526107,6934381.921084991,6058785.009791782,6368573.427184132,6876634.922336286,7445374.284313422,8215209.797984773
臺北市大安區和平東路三段２２號十樓之１,25.02449899,121.54729,16537319.025660515,12685306.159038674,15636937.163435481,17068185.039421227,18784046.652804837,20790469.472536586
臺北市中正區西藏路７７號四樓之３,25.0299900188251,121.504779970974,5805709.172150677,4926098.789564893,5501247.727406163,5989405.261427239,6305544.36525532,6524415.957321724
臺北市文山區辛亥路四段２０９巷２２號二十二樓,25.00234801,121.555666,19318622.67841869,14873980.067447104,18244751.154615324,20133166.80235641,22074301.73690273,23906680.099745475
臺北市北投區行義路１５８巷１１號,25.13088102,121.528857,11744880.861003913,9389730.525661642,10305465.245142592,11421105.263874276,13585287.046224236,14950939.96528285
臺北市信義區莊敬路４２３巷２弄２７號,25.027412,121.567679,16902344.227838226,14794483.045301802,15753987.762418438,16957819.006603777,18224958.80852328,19739416.44742105
臺北市中正區汀州路三段２７巷２弄３號三樓,25.0195499812344,121.52693996277,22085050.10050287,17024680.4920666,19042223.881172553,22163029.099978738,25245547.350344285,29495535.115932792
臺北市萬華區中華路二段４９８巷１１號,25.02592002,121.507111,10880355.040438559,9832419.86419326,10833474.512599828,11476087.368483443,12045804.365619812,12493653.340098932
臺北市內湖區陽光街１６１巷１２之３２號,25.07457001,121.585052,12322781.381061152,10890104.259765105,11444369.437996212,12082379.783903679,13192876.543540692,14392212.387944985
臺北市文山區萬芳路６０之１２號四樓,24.998643,121.568348,17592867.85107833,13866420.36488302,16019426.301335229,18217254.415659986,20292820.556461982,22062964.906383656
臺北市中正區羅斯福路一段２８號,25.03141402,121.51896,34578447.50606865,26273382.096816264,32750238.74354732,36148250.72199501,38774795.46620489,41806307.47011494
臺北市大安區泰順街２６巷４之１號,25.025082,121.531107,31565404.93208054,25321560.063358955,30535253.691705544,33361647.007271897,35147497.71287929,37302725.50980755
臺北市內湖區文德路２１０巷３０弄１０２號五樓之１,25.0767995659167,121.583894273534,22385152.087725636,9533557.755464766,16045271.698142096,22258627.888966117,39098574.87638525,48062755.12893363
臺北市北投區光明路２２０號十樓之３,25.136230012931,121.504549971551,7649827.455737318,5972814.876438182,6989387.069013886,7826287.842572301,8519001.923442673,9137949.493076937
臺北市南港區八德路四段８７１號十三樓之３,25.050840002974,121.580139986044,8567967.21428685,5524460.855011204,7887228.3261268,9024029.929258915,10053621.723214073,11091225.303584639
臺北市中山區民族東路４１０巷２３弄１２號五樓,25.06673498,121.539013,16715193.973976372,14412328.264679767,16225808.402883248,17340194.572611537,18186294.043500908,19188245.367462184
臺北市信義區基隆路一段３８０巷４號,25.03482399,121.559898,25410159.2487693,22154737.91391064,23639769.134290047,25327625.934932508,27197013.254085973,29476228.721777756
臺北市文山區秀明路一段１２９巷５６號,24.9925400107133,121.567290025562,46594412.91201216,41093231.593953475,44617758.59313342,47520392.76648408,50394346.937836275,53438962.163381726
臺北市大安區潮州街２６巷５弄８號三樓,25.02885,121.52263,14340804.0506022,11828001.947353823,13354880.459937466,14712376.253653245,15781265.529694661,16627783.101521207
臺北市士林區基河路３０號,25.08368001,121.5245112,11230585.700687392,9020562.134862518,10495805.775203507,11685987.455062749,12819064.839916274,14474289.403276099
臺北市中正區仁愛路一段２３巷８號二樓,25.03980598,121.523275,22761108.768489443,17636462.709995717,20322369.19668278,23365418.147613302,26794203.553168297,29103746.16903512
臺北市北投區承德路七段１６６號,25.11484501,121.5063896,60682233.50796831,47873706.5294932,55006240.87796888,62140132.71910145,65590760.388246745,72180567.50346734
臺北市內湖區麗山街１０５巷２９號七樓,25.0831381992112,121.579778482727,21397991.654084496,18326156.34837825,20066461.85237118,21971464.524854064,23590552.0951068,25150161.765594482
臺北市士林區福壽街４５號六樓之１,25.0965800066928,121.525440021197,15850742.3823939,13674548.480563568,14692538.415163057,15908495.80498941,16985306.36231289,18273000.303956192
臺北市北投區大度路三段３０１巷１７４號,25.118662,121.465043,7712300.674342794,5341354.31016739,6386287.197673019,7629385.804510401,8539617.123968134,10288228.907147013
臺北市南港區大坑街４５０號十二樓之５,25.0464404,121.6172631,22804142.33113675,19468789.888983656,21030643.49381692,22924899.247162454,24970998.185681924,26616771.327101238
臺北市松山區南京東路五段２５０巷３號三樓,25.05065489,121.5658419,27779592.068938766,18003328.723651193,20694590.975566003,25865544.352654487,37108520.724661596,44151053.88563338
臺北市中山區市民大道二段６７巷１０號四樓,25.04677302,121.529016,18324310.961872987,16034531.595430676,17176336.481612775,18178313.27035836,19655214.35476739,21004681.260148305
臺北市南港區玉成街２２１號,25.043721,121.585106,16251197.48856046,14116736.023643658,15229551.270652335,16390067.921884025,17644287.714933153,19422450.787765272
臺北市信義區光復南路５６７號,25.03075399,121.557622,26195569.517523378,19806094.643794622,25104812.031607993,28073882.580650646,30999128.466946837,33511522.497828517
臺北市信義區永吉路５６號四樓,25.0455000181894,121.569620027006,17997426.592190456,14762831.694704749,16213782.661269307,17965166.830452923,20302095.594953433,22503876.726550132
臺北市中山區林森北路２８６號七樓之４,25.0557124,121.5253579,10658785.444023903,8373501.1479146145,9701539.649749715,10946951.040870052,11894933.809892789,13010626.360132376
臺北市文山區富山路１巷１８號四樓,24.9889699905128,121.553310016893,12463426.121586736,9263659.53318329,11406222.454106973,13358625.312651709,14515897.421304807,15217350.43399278
臺北市內湖區內湖路三段３２９巷４弄１０號三樓,25.088368,121.58563,13111084.05012839,9932377.221466282,11440281.01785553,13800999.82543959,15454997.67604817,16758344.098621238
臺北市萬華區水源路２０５之１號十三樓,25.019570013983,121.503239963904,24066363.677657437,16563964.297022264,21778175.660806447,25042452.524973143,28641098.99801921,32412399.923130188
臺北市萬華區萬大路９０巷５弄３號,25.03002698,121.499705,13126815.049484698,7713203.395407423,10231639.05106646,14152507.258836042,16888192.51125843,19261479.009486925
臺北市中山區松江路２９７巷１９號,25.06110092,121.5347143,22697220.967754282,19969366.24256193,21072054.413677983,22463419.103550255,24014237.676905576,26660698.48261483
臺北市北投區公路４１８號七樓之１,25.1323027,121.5026806,17833380.688046187,13115450.704342442,16014324.492069237,19223831.00314121,21020083.259103496,22113166.80859566
臺北市士林區中山北路六段８號,25.10290432,121.5265823,54616767.55648587,43478027.97555828,51944472.46955534,59033982.67198071,63650300.42586934,67210696.16264763
臺北市中山區長安東路一段２０號五樓之６,25.0491800089596,121.523939995805,11733103.291730668,10564863.308383424,11160157.31898243,11644410.534213856,12365671.457728174,13327711.877629986
臺北市大同區蘭州街１０１號五樓,25.0645499886314,121.515400009935,9668150.849235808,7573369.370572358,8643453.482088368,9600042.623907095,11033953.07222714,12883747.455224639
臺北市中山區錦西街３１號三樓之６,25.0604299898541,121.520689996668,10450302.842566945,7741873.429934943,8875663.702681715,10550780.210454348,12245565.950038854,13964414.519123707
臺北市大安區仁愛路四段３０號,25.03762602,121.546578,50289422.7379182,44615677.56740575,46645709.54744821,48598246.28948659,54831200.6716485,60507096.863964275
臺北市松山區延壽街４０２巷２弄７號四樓,25.0558300013914,121.556939967702,26108891.244004935,20921009.594960712,24811568.034913417,27740495.717044156,29063601.540430795,31053906.65771497
臺北市萬華區漢中街１６０號七樓之１３,25.04116301,121.506566,13141100.868315242,9841331.646767221,11330078.370961122,12941773.885748204,15615194.039508455,17810155.006603
臺北市文山區景中街１號九樓之３,24.9930300167729,121.542120008516,9249489.461396897,6463534.385431891,7661119.539782481,9490177.49053182,11216823.290451882,13677129.473172624
臺北市中正區同安街６６號,25.02312599,121.520884,20441734.42896717,15824314.319099694,18840108.698794596,21206097.08999178,23018497.25431652,25906647.906954575
臺北市松山區南京東路五段１２３巷８弄４５號三樓,25.0535999960516,121.562990025414,11393745.841143755,7673504.486686786,10043873.71578795,11668021.280774163,13625090.8296135,16579204.828975104
臺北市松山區健康路１８５巷６號九樓,25.05438199,121.56157,35219229.20928544,29389866.12415923,33546436.17297123,36159557.44582363,38564305.71705139,40937575.47971059
臺北市大安區復興南路二段３２０號,25.023343,121.543201,27724012.60183389,23948048.48578486,26006626.699995063,28440575.352635957,30146738.770547267,32087381.718919165
臺北市信義區中坡南路１２巷５號,25.04335002,121.582203,23982310.418092467,20968322.6740024,22145102.714544483,23755255.50487428,25471900.87871047,28965261.035634235
臺北市萬華區武昌街二段１２４之２號五樓之２,25.04536628,121.5037647,7431750.936443374,5348523.470197625,6493541.792485636,7559313.194533483,8600606.774324888,9986472.18637639
臺北市松山區南京東路五段３２８號八樓之２,25.051056,121.568634,17730441.080763295,12825684.0587385,15628084.824696511,18757567.70764081,20946996.009594195,22786836.571276028
臺北市文山區指南路三段３２巷５號三樓之７,24.9827299988748,121.580239982149,10627841.220479902,8437855.155192701,9558872.92670013,10409827.193306366,11898198.338185249,14023602.26076966
臺北市內湖區康寧路三段９９巷１０弄５號,25.07223699,121.610574,16366747.060919736,13913126.707226852,15638856.772899285,16717858.455325006,17857003.54609464,19766823.21670856
臺北市中正區汀州路二段２８７號六樓,25.022077,121.524381,22004438.677807134,18428090.413728606,20736586.233226188,22405165.13051658,24047902.383237623,26198311.73138669
臺北市中山區農安街１０之１號四樓之１,25.06484,121.52361,14171659.00080601,12217243.340955433,12950433.30636337,14029476.900986742,15309797.367433604,16967889.88461609
臺北市信義區忠孝東路五段４６９號十七樓之９,25.0409700186183,121.5771000374,46522089.56481827,37164278.6239983,39943753.01321734,47078479.863315836,53237871.79370433,61268650.36686172
臺北市信義區永吉路４４３巷９弄３６號三樓,25.046559993665,121.57904002889,23560091.61226818,18863925.227468427,20416365.177294336,22614515.470625654,25147388.445599236,34798516.723170444
臺北市內湖區內湖路二段２６５號五樓之７,25.0821599900174,121.590379989515,23156725.18366051,16900764.851525836,21359879.83176329,24333259.648810484,26696388.68807756,31255105.76413551
臺北市北投區民族街３５號五樓,25.1330199954719,121.505569965348,11291466.373907384,7147612.641964992,9867144.931605663,12336896.17702629,13931773.152917106,15228766.155838957
臺北市松山區八德路四段２７９號四樓,25.0491100200681,121.565790000169,18421499.73975327,15727302.326456796,17195646.842686106,18445002.947275493,20076041.799313672,21844589.620036
臺北市中正區牯嶺街１２０號七樓,25.0241500116066,121.518949997387,20132292.130199373,14692606.676559828,18483382.757381875,21094304.816947002,24106450.495298076,26331105.4414568
臺北市信義區吳興街３４巷３號三樓,25.031188,121.559677,17840366.260523167,14953994.140561318,16236758.378839063,17728356.156271677,19658753.621760417,22738075.743637264
臺北市松山區南京東路五段２３巷９弄２號,25.05271399,121.557956,21449904.334787447,18818689.019549165,20015410.11984268,21690812.76347677,23333255.34588792,25169404.280226372
臺北市士林區承德路四段４９號,25.08089801,121.523201,31338460.481342986,27155064.999294136,29167959.598932594,30777449.698718656,33448043.39362224,38134491.01654522
臺北市中山區基湖路１５１巷３５號,25.07748498,121.564793,8899068.829439603,5947846.901725991,8528575.612788351,9594246.47869342,10442519.67815397,11391786.259433258
臺北市士林區德行東路３５８巷１４弄１０號四樓,25.10982299,121.53893,4623613.648587248,2907245.027638007,3453554.8456806964,4552485.25831196,6363955.172594124,7433264.706856656
臺北市文山區福興路７８巷２０弄２６之４號三樓,25.00458401,121.551724,12927053.396706305,8864314.561704597,11264326.993773596,13478551.39008638,15688097.566695891,17772665.40427169
臺北市萬華區水源路２０５之２號,25.01955698,121.50323,5413980.116722945,2927499.4508790965,4010277.730861578,5765628.917066683,7508110.409108782,8695712.567703962
臺北市文山區福興路６３巷４弄１１之１１號六樓,25.00407301,121.549146,11997523.281491835,9086842.926380727,10733175.498964835,12322831.931029204,13768782.086651737,15593028.818589276
臺北市松山區八德路四段６３６號八樓之２,25.049832,121.574493,14106228.012223477,11717514.148359848,12885029.760821948,14300471.055588095,15537058.74063007,16181303.212515082
臺北市信義區永吉路１２０巷２０號五樓之６,25.0447899871714,121.570189996422,14049233.197707362,11478722.1724471,13088446.72453264,14284965.457766682,15413291.880361717,16645709.50087086
臺北市大同區民權西路１２２號十四樓之２,25.0627299840854,121.516770032009,11403593.172453038,9311059.450060425,10559221.33109927,11630796.86086817,12501260.849195478,13662965.246673457
臺北市內湖區內湖路三段３９號二樓,25.08550198,121.592387,16778124.997316193,14427227.396124573,15861710.17667382,16911640.86521917,17900294.22086922,19411283.929117694
臺北市信義區林口街２４巷４號四樓,25.0378799881031,121.580829984313,8230220.936441864,4500369.474082681,6421915.996209802,8397144.883559655,11036383.851855451,13653015.211613009
臺北市北投區立農街一段１８７巷１０弄５號二樓,25.1206299919266,121.504849959866,12433368.974774465,9774263.202033805,11277133.053737741,12187833.261650475,13924989.909252364,16436506.988603277
臺北市士林區忠誠路一段１７１巷６號,25.10715001,121.530686,25694153.534958158,19535088.226077497,22700834.63049257,26283573.85120504,30947491.65696042,34144200.29180514
臺北市信義區莊敬路３５２號五樓,25.02771999,121.564302,28599531.861594208,21918250.654509712,25644950.55507853,29437563.399296887,32456960.309603393,35312318.66263637
臺北市北投區中山北路七段２１９巷３弄３９號七樓,25.1270900085229,121.530639986289,18104989.537055798,13128325.236971209,15653324.420432568,18469687.22483018,22051944.602155,23749857.173639417
臺北市信義區信義路五段１５０巷４６３號三樓之４,25.0227900059069,121.572470041724,5421526.261604947,3399782.589493679,4335372.314406004,5791571.579001783,6814565.372072191,8310561.315214002
臺北市大安區安和路一段６７號七樓,25.0371699989946,121.551879980393,38389299.38454034,34697459.80076543,37216474.829977565,38975335.65628554,40489839.12688103,41799538.65364514
臺北市中山區四平街１３８號十四樓之１,25.053407,121.536294,22850579.66794291,18242128.43585305,21011667.202043988,23702513.715598296,25905600.182725966,27811872.730503622
臺北市南港區昆陽街１７１巷４弄３號,25.0471699866686,121.593969958645,1390172.003639252,801660.4273850697,983061.6366237084,1213794.2407631052,2049641.1249948735,2630101.2667902093
臺北市萬華區青年路５０號,25.02545801,121.503979,19780071.30281871,17203858.71211934,18653236.79990627,19747703.582244277,21021728.454783496,23426137.11988505
臺北市信義區松德路１０１號十二樓,25.0379200116908,121.575839985896,49712292.95826087,35290451.54255513,47380730.00481425,52408821.50544682,57651450.56160952,66736821.0622504
臺北市北投區溫泉路３７巷２６號五樓之１０,25.1370681935645,121.51122164784,6071206.182231538,3928948.2589138774,5032900.406801835,5673399.052908732,8094200.380482077,9205420.649076039
臺北市萬華區西昌街８１之１號六樓,25.04141501,121.500983,7771169.202757194,4987916.109054795,6905376.084230785,8246643.251959051,9519505.112717958,10798626.39536007
臺北市士林區忠義街１３１號三樓,25.10800898,121.532857,14546774.07519345,10881971.033789117,13411980.658598896,15609889.850387383,16789073.88899165,18133092.231519606
臺北市萬華區大理街１６０巷２２弄１８號五樓,25.0327200046893,121.494810032423,7976661.002699183,5362505.603079188,7218161.224553991,8533598.577435365,9518954.771113776,10548387.515201127
臺北市內湖區內湖路三段３２９巷８之１號,25.08830732,121.584868,15055143.144807654,12479857.659232263,14413177.58893357,15494812.079174735,16535716.605677286,17714608.88748756
臺北市萬華區東園街６７巷２號,25.02622701,121.49678,12274598.730767692,7486985.410953691,10828803.534036743,13059936.483253993,14827347.100469584,18248905.597216018
臺北市大安區安和路二段１８１巷４號十六樓之２,25.0272000185341,121.550290017179,94843382.1993708,68209705.58172321,84779947.69905533,95624303.93496858,120176998.3815314,163922751.21251082
臺北市北投區溫泉路３７巷２８號七樓之６,25.1364186949227,121.511857688462,5579454.944302596,3250150.6614524745,4516289.23114226,5986774.780283816,7237577.736702903,7874239.5004606955
臺北市內湖區內湖路二段１０３巷８０號,25.08311901,121.580567,31752424.38123685,25280008.624083415,29341477.07640447,31833783.98988629,35565422.850541495,38926536.43534386
臺北市中山區林森北路５３８號四樓之７,25.0638700067363,121.52528998513,13330951.937547306,10511930.193918886,12124909.418007478,13710620.211941902,14973287.841457866,16250406.044349743
臺北市松山區光復北路８５巷９號三樓,25.0505900127118,121.558590029161,19549840.309644848,16856440.127972487,18053167.441570096,19656041.54818289,21403530.96125879,23491681.96495783
臺北市萬華區康定路１０３號十三樓之１５,25.039507,121.502048,12756425.606576689,10585880.443265174,11256590.217306873,12256856.588549282,14630479.319024699,16498984.545389695
臺北市內湖區星雲街１６８巷４３號十八樓之７,25.07997998273,121.597330012171,10530718.456242444,6868881.312175806,9683200.734806633,11101527.842797017,12795143.405398218,14280111.08612379
臺北市士林區福港街１１５號,25.08836302,121.51818,14501801.132894663,11632784.536662672,13738077.12286393,15171308.884875277,16190128.960028538,17290159.878340945
臺北市松山區南京東路五段２９１巷５弄１４號,25.05188301,121.566738,16204831.120366791,13495145.893810332,14795434.516629865,16414673.834981449,18002593.47345157,20083553.177476954
臺北市信義區莊敬路４１０號,25.0271900021598,121.566070039555,17274467.729499757,14766565.030589579,15871721.277507126,17300367.194040734,18663002.223743573,20740781.892139483
臺北市文山區興隆路四段１６５巷１５號五樓,24.9842200078928,121.562590040994,26355338.622364104,19398224.140300207,22265408.817489125,27070619.85021404,32225196.53069066,36052916.43547053
臺北市萬華區雙園街５９號,25.02999899,121.494202,1503832.9472980844,658201.8211141796,970276.6297584377,1991379.3974491735,2562827.403655093,2870015.419924051
臺北市內湖區成功路四段６１巷８弄８號,25.08211599,121.592953,22105295.102197498,16238417.833583597,19780763.554435316,22650471.66569785,25415700.254757892,29658775.547076754
臺北市文山區和平東路四段６５巷９弄９號,25.00659902,121.56701,4733054.819057042,2662283.943048041,3246132.0432199477,4375263.996174416,6389898.925834337,8253083.716425833
臺北市文山區興隆路三段１８５巷７弄２號,24.99556998,121.561683,12557342.746323753,7884905.583153404,11129733.457408868,13928974.964953333,15214327.60557263,16763987.903509071
臺北市北投區溫泉路６８巷２７號五樓,25.1347099966997,121.506330036328,14118374.900969783,11038773.272177977,12534853.105112307,14071084.174623497,15838717.869481083,19056236.57707055
臺北市內湖區文湖街２１巷８２弄２３號四樓之１,25.0890600146209,121.560800001752,19540880.278612077,17222969.90728597,18298430.473455958,19647387.67246985,21077098.282269195,22545560.14557223
臺北市內湖區康寧路三段７５巷２１７號二樓,25.0764700188658,121.614370002232,13806725.641254436,9690931.145538528,12819556.654278547,14462842.370211191,15606100.573897358,17323425.733244486
臺北市內湖區民權東路六段２９６巷６８號三樓之１,25.070254,121.608861,10102566.05162884,7429530.103641702,9639821.530593112,10766334.117745802,11814496.033306323,13547404.292655308
臺北市士林區延平北路六段２５８巷２４號,25.09029299,121.503868,12380646.16882499,9250645.4286668,11357400.003504664,12601573.464308525,14359384.689540986,16097094.5837505
臺北市南港區經貿二路１５７巷３６弄５６號九樓,25.0610000011795,121.615650002666,27010744.26690894,19973475.144488245,24456209.110629346,28724000.651623927,32006113.516189262,35033506.569381
臺北市北投區稻香路１６１巷１號三樓之２,25.142211,121.488969,18211046.5153779,13765485.27517432,15151946.480975684,18959605.41380581,21553942.31587058,23863178.225641415
臺北市士林區美崙街４９巷１號,25.0967300008502,121.522439970413,5503557.308138462,4031777.792370954,4779400.620011466,5373917.602047045,6320412.674498462,7931062.5618980415
臺北市士林區天玉街３８巷２５號三樓,25.1195100020242,121.529429974747,18607229.99060231,16297414.87557267,17399150.711723007,18458767.22190338,20250800.930975582,21567719.64785143
臺北市文山區木柵路二段１０９巷２７弄１１號二樓,24.99042798,121.562848,14369925.584776763,12869063.850570325,13749804.30131469,14622227.806824693,15620791.655738486,16612227.17319569
臺北市內湖區安泰街８０巷３號,25.07613399,121.616576,11696660.210729433,8852780.21141901,10650476.99521448,11950052.87217537,13591416.689129986,14626015.707091436
臺北市大安區信義路四段１９９巷２７號六樓,25.03512,121.551814,36858607.43532583,32377475.30219388,34606204.87131398,37111587.89640829,39558889.09689952,42472776.21194748
臺北市大同區民權西路１２２號十一樓之２,25.06271699,121.516736,14452236.692717357,12115680.041225057,12925152.272561753,14527375.885536775,15819576.599569414,17022536.341490436
臺北市士林區德行東路３１號三樓,25.1077642,121.5286842,19248512.14501624,14847964.609009486,16891556.448288385,18908235.55912149,24360830.33057528,28028131.405219488
臺北市信義區吳興街１１８巷１５弄１０號二樓,25.0294000166605,121.560820034501,13648494.519410184,10266952.506810278,12095331.118621899,14079113.698700938,15909973.147873653,18292529.57539244
臺北市大安區羅斯福路三段５９號二十四樓,25.02314569,121.5257006,72989019.58658196,50131400.2307167,65036582.05973368,77738633.23341954,88917189.73393786,94744143.13968927
臺北市內湖區文德路２０８巷６０號六樓,25.0762699847465,121.583370036252,30559690.89266812,16404806.73544992,27361703.286498584,33865835.37518035,41693628.9443228,49228691.49494429
臺北市中山區民生西路３巷２之２號四樓之３,25.0580600067312,121.521690041535,8136161.91621434,6558622.536606837,7314600.555482222,7971151.380232605,8783637.973650038,10545673.264769454
臺北市大安區仁愛路三段２３號十二樓之１,25.03856898,121.534263,21946297.967370547,17393361.913896855,20846615.086971346,23260352.722287633,24803891.490660682,27151956.237713635
臺北市信義區嘉興街１５１之４號三樓,25.0282299867963,121.557320003192,17088828.79941282,15481844.87963577,16227652.137822144,17154215.490803275,18224926.737285584,20063047.736462817
臺北市信義區虎林街１２０巷１２０號二樓,25.042074,121.574932,16670204.555553772,11951021.121557994,14747871.45210824,16569728.784332514,20754152.840489373,23931025.106394432
臺北市中正區杭州南路一段１４巷１９號三樓,25.0398600031807,121.524049966374,38190273.66875092,27528187.037695337,33033246.30637703,39773595.882875256,45807741.520420104,49276358.8310837
臺北市北投區中山路４７號,25.13876298,121.511686,7327790.137562145,5785377.111908623,6237937.975499138,6888927.474509567,8178018.744271821,10796542.266773071
臺北市萬華區雙園街１５２巷１０號二樓,25.03146699,121.491543,13352912.071031017,6836381.967290852,9027113.664389437,15575740.092674496,19006094.602467544,22400764.23115298
臺北市信義區吳興街２８４巷４２號二樓,25.022623,121.563479,16558394.433841065,10626247.707579115,15120073.95658528,17772566.057459123,19662757.341635928,22918135.137016423
臺北市士林區雨聲街４巷１１號,25.10106051,121.5301397,16138393.26295517,12784093.895817924,14940448.566611024,16808854.802368034,18251896.898501314,20562238.061592728
臺北市大同區民權西路２６８號七樓之６,25.0627400004597,121.512010033015,20953494.09533158,18021238.669259794,19704222.636815548,21303585.678477593,22854546.471469603,24679835.311827935
臺北市內湖區南京東路六段１５９號,25.05666601,121.579563,23791939.64375934,19527060.039109733,22959116.73415617,24724903.569586635,27025256.68682667,29761944.712141674
臺北市南港區忠孝東路六段１５５號四樓,25.04902398,121.586365,14192082.463210411,11595290.415659737,13719251.039940417,14954207.889109747,16100895.956819084,17095910.311511897
臺北市中山區新生北路二段４３號七樓之３,25.0552614897224,121.52781186203,6397110.22924985,5395734.825007517,5934608.634189882,6287620.60026246,6823275.451894378,8161363.8286184585
臺北市大安區泰順街１６巷２６號,25.02530801,121.529859,11723849.28603375,8866404.207836235,10226269.538916957,12406147.775652867,13715727.445534252,15200417.682574676
臺北市大安區敦化南路一段１８７巷３８號六樓,25.04243601,121.551223,45461306.343494125,38969170.59910916,41975100.34946054,46429540.59709036,48698809.331454106,52576483.81849936
臺北市內湖區民權東路六段１９１巷１７號三樓,25.06777602,121.598144,24875944.43376381,22053392.06365385,23233815.537086457,24687858.140332524,26719033.91035496,29166916.062029213
臺北市北投區中山北路七段２１９巷３弄６９號三樓,25.1276399870998,121.530809971285,16379005.203101814,12997731.332784416,15185046.535234837,16946053.444814377,18398460.76213347,19987336.918570697
臺北市北投區致遠二路９８號,25.1169500011564,121.512559969683,12600481.388423113,8569632.784132943,10885457.368017986,12782817.77124917,15355227.321951814,17920423.3725277
臺北市士林區仰德大道三段１２５巷５弄１７之１號,25.120811,121.550355,6925365.4171054615,4908169.963275756,5545330.6976424465,6883019.348379878,8667611.17276048,10472262.17546422
臺北市北投區東華街一段４２４號,25.11136698,121.518168,12240063.42407752,4961120.027557036,10253493.208947733,15292072.597026851,17962442.93242695,21119696.340154506
臺北市大安區光復南路６７６巷１６號,25.03066099,121.556437,11909847.68942466,8921391.294387447,10133174.265226766,11588966.016219042,14487837.897604693,16571140.06825417
臺北市中山區錦州街５０號十二樓之２１,25.0601600087528,121.526100012253,5913914.353844744,4794870.480457321,5682089.587553805,6127172.9672840405,6402747.34370214,6806087.34647459
臺北市北投區行義路１８６巷３５號,25.13311999,121.529705,11521648.039051395,9111390.69520713,10150139.27726182,11402589.443372888,13356781.431986302,14582411.714665368
臺北市中山區長春路２６號,25.05482501,121.524488,13105440.332740175,9695847.757821856,11810667.789714335,13420989.358056676,15959091.298835086,17710119.021668263
臺北市萬華區昆明街７９號,25.04282699,121.504884,6213124.324062504,4261676.175876288,5527129.011190982,6426007.81137084,7605653.747417634,8389059.208601583
臺北市南港區昆陽街１４２巷１２號二樓,25.0493999920084,121.593840039146,11461165.960853642,7186237.12281202,9962946.78027957,12515259.025848407,14006498.512626797,15528377.2584557
臺北市萬華區漢口街二段５１號十三樓,25.0458500045565,121.506430032433,14523684.760613924,12206081.741424607,13300841.501406256,14308174.748355275,16010641.645601999,17674357.490374565
臺北市中山區民生東路二段１１５巷２８弄１４號,25.0593099999518,121.531220013989,15958233.776693625,13079131.77495939,14523757.200442404,16001167.196550507,17585721.129963934,19793899.150112677
臺北市中正區中華路二段２９９號,25.02958501,121.504592,6180657.270708142,5304756.501932276,5742091.723431373,6248770.782310035,6552015.185137734,7227724.915945456
臺北市大安區信義路四段２０８號,25.03303001,121.551839,34371335.17711187,27918921.727093242,30608485.948471222,33325283.320985015,39727484.35645562,46950481.48449996
臺北市信義區福德街６５號,25.0367299909875,121.580829984313,15774900.566253591,13048849.663608776,14812396.869916763,16079693.729919245,17540106.98911819,19904055.106303137
臺北市萬華區環河南路二段１９８巷１０號三樓,25.03445099,121.492847,9384099.866890265,7108578.822624721,8732879.580093585,9713993.101482922,10566072.247541277,12331926.213327419
臺北市士林區芝玉路一段２２６號三樓之３,25.10892001,121.534295,58787729.42273196,45905698.868869744,57350241.42253541,62944497.79003827,65405525.04423934,67742692.35523623
臺北市文山區萬寧街１３９號八樓之２,25.00339998,121.570125,8564930.89026155,5493862.94799856,7741987.51453623,9286903.056177834,10464187.73207404,11532138.484025262
臺北市萬華區萬大路３８６號五樓,25.0219016594723,121.498772902012,30100694.317050148,24392357.034324657,28182236.16213272,30963736.93850221,32870410.55011284,34244972.25060079
臺北市南港區研究院路二段５４巷２４號三樓,25.04617799,121.613707,16919310.75788247,6689389.410669591,15631211.899147302,20523375.490967385,23750327.04874816,27898606.867940105
臺北市中山區北安路５９５巷９號四樓,25.0822099880698,121.54806001184,4942466.640621117,2409224.634444748,3717467.086764378,5046368.62018721,7089085.849172756,8964225.399168417
臺北市大安區金山南路二段２號九樓之３,25.03375999,121.527004,34232484.49395204,24231909.12274333,32663539.580508642,36331157.94732186,38774055.18875032,41208774.379077435
臺北市大安區忠孝東路四段１８１巷４０弄２２號三樓,25.04389501,121.549774,15613800.107411057,9160135.894031882,12379533.565223377,17279361.452457264,19893177.85743046,23578422.23897069
臺北市松山區八德路二段３４８號十二樓之１０,25.0477899960465,121.545309993227,15839155.230163842,12366002.243363336,14378808.81166678,16277737.108997548,17955469.361754313,19321700.513890263
臺北市信義區忠孝東路五段４２３巷４弄２９號二樓,25.041449,121.576592,25914292.362961214,20413195.65268132,22940954.451795675,25949536.706827324,29117988.078780368,34272313.93819497
臺北市內湖區金龍路４７巷１０號,25.085253,121.593519,16444186.40023361,12503412.623177039,15015574.678692136,16739994.06150778,18681277.046981744,21009601.547363594
臺北市北投區大度路三段３０１巷８０弄２１號,25.12089599,121.465094,14288676.18183502,8219854.853886703,11639126.995167166,15156379.47808598,18584058.980029814,21692038.771356426
臺北市松山區健康路８巷１號三樓,25.0523099792433,121.552869966977,26781398.214057952,18227535.317289025,25227641.801506557,29123459.291570768,31718543.367286827,34024279.18997302
臺北市北投區知行路３１６巷１７號二樓,25.1225400181126,121.468090033842,12279202.185855974,10287413.676969102,11116916.63599545,12135834.778336678,13881646.500710336,15482701.708646098
臺北市士林區重慶北路四段２０６號二樓,25.0853700074765,121.511629997525,52448460.06343803,40457120.11215556,46062036.54977845,52671989.43154609,61215503.799694344,68187219.84836227
臺北市松山區八德路三段２２５號,25.04825402,121.557022,11743383.084872948,6907718.113216446,10508437.569196364,12650509.898835616,14737736.374181408,16939473.149834458
臺北市中山區南京東路二段１０８號十五樓之１０,25.0517999823446,121.53207002279,22929333.282460134,18546489.35984932,20318616.181363784,22565916.698408134,26629689.26302996,32254179.12011727
臺北市中山區新生北路二段６８巷８號,25.05669011,121.5266692,28062984.186963685,24075857.040420063,26140183.23712143,28472036.125472926,31089742.886196204,33550637.479376264
臺北市大安區羅斯福路三段２６１之１號,25.018985,121.530343,19925087.500838738,16272271.959070608,18037760.838599805,19754785.09451802,23183464.149208076,24955354.38832826
臺北市萬華區萬大路４８６巷７９弄１３號三樓,25.02063301,121.494593,10581725.713127827,7429577.359257795,9162364.002898695,11051510.243609887,12721293.551697314,14426368.29830888
臺北市北投區公路３０７號四樓,25.13289,121.50253,30324893.72684034,20119377.323195547,27683812.640566934,32893606.64276559,38671363.35820003,44555335.062383726
臺北市內湖區星雲街１５０巷４０號,25.07950599,121.596897,12610803.23143609,10151616.71395454,11939651.195217717,12782624.129096227,13730755.761677813,14789170.465516506
臺北市文山區羅斯福路六段２３２巷１３號,24.99291699,121.539818,5058001.771434797,3087210.8574903887,3813608.2175706928,5339659.801139477,6470017.961837786,8176912.19036508
臺北市信義區吳興街１５６巷２弄３２號三樓,25.029232,121.560919,19641352.364677202,16367923.691121696,18159174.785662353,20229676.170926567,22423832.46802607,24646042.887991644
臺北市內湖區星雲街１６８巷４３號十一樓之３,25.07997998273,121.597330012171,20074285.172708258,15296378.873204157,18622378.57848069,21314069.09320011,23165299.653263707,24488122.797658086
臺北市信義區基隆路一段９７號九樓之２,25.0455500162419,121.567320032775,5966284.631339071,3502635.6746462644,4715904.329273618,6521890.298791058,8055299.566718648,9399261.008337162
臺北市中山區松江路２號十二樓之７,25.0467200041966,121.533220019905,7751111.3801419465,6033446.511039693,6884468.256779034,8055942.690987754,9028222.57774449,10021563.482290853
臺北市中山區撫順街２３號十三樓之１,25.063625,121.52039,34296481.442021735,26416428.39009713,30018534.12495632,35220586.251662165,39039426.346759446,43440114.00106584
臺北市南港區研究院路二段１８２巷７９弄１０號,25.03700601,121.613655,12734063.970203254,9569019.465669656,11730967.39261892,13268042.76022863,14564306.240545971,15421931.968311962
臺北市內湖區康寧路三段１８９巷１５９弄２７號,25.07524098,121.611731,30032529.132565375,13445860.00723483,27827008.96653795,34142548.86724463,41550296.63193469,47338170.26797065
臺北市士林區天母西路１８之９號六樓,25.11827899,121.5277725,24346066.99321042,15136462.942107264,20730990.667173557,24919779.99995177,31346809.036219478,34588498.363659844
臺北市大安區新生南路一段９７巷１號十二樓,25.04122399,121.533299,83845106.12535873,72701095.0128681,79616556.58053076,84886550.87645884,89225225.74668214,94112030.63255009
臺北市大安區文昌街２７８巷５號,25.03191899,121.55671,24718595.77724579,20981320.079015747,23244084.324020274,25060422.744186383,26774052.58011668,29426221.504049998
臺北市北投區稻香路１６１巷１６弄６之１號四樓,25.14245001373,121.488880003564,20802866.68469598,17374394.46366457,19574250.06902994,21412808.917048372,22968743.77257113,24482958.63105015
臺北市北投區中央北路四段５４１巷１３號十四樓,25.1274000132118,121.468200004412,27599683.443628397,23107796.233153947,25613978.8577702,27820420.820548847,30216650.159874316,32543622.19461869
臺北市松山區南京東路五段６６巷２５號,25.05032598,121.560844,24738256.567836694,16409567.841443924,22846357.825112324,27364259.414005253,30245587.922935035,32484356.639093507
臺北市文山區政大一街１７８號,24.985320006956,121.583580002926,39418240.00359752,27193181.12863977,33341652.01656166,44014411.96716548,51080163.59914826,58807988.709971935
臺北市北投區致遠一路二段７１巷８之１號,25.11246899,121.512677,15627241.153216723,12431463.812291833,14624944.791466998,16308887.129636865,17815283.70328509,19143568.09892336
臺北市松山區南京東路五段２００號,25.05115001,121.564349,22838774.49806195,19579060.205148146,21574482.130346656,23354159.416764975,25165346.332446717,26808587.91950807
臺北市士林區中山北路七段２０９之２號,25.12597098,121.532724,28604740.333322227,22853869.077411506,26320207.22521214,28099634.697776675,31527240.611394655,36810600.079485126
臺北市北投區行義路１８６巷５５號,25.133366,121.530305,6316760.625085184,4890139.814381856,5400495.633905376,5959904.171627449,7714190.9789499985,9176690.538478456
臺北市文山區羅斯福路五段２１８巷１８弄３號,25.002318,121.537504,16691245.960812181,13851958.42785582,15686909.609738085,17213903.024438743,18327994.14801719,19524602.564651385
臺北市中山區林森北路２５９巷９號,25.05438199,121.5260639,5931393.071355423,4972137.947530245,5831494.445085969,6197917.091770735,6475448.402403628,6970412.560392255
臺北市南港區經貿二路１５７巷７８號三樓,25.0611699861759,121.617589994156,36473689.60612831,25195322.03318276,34486871.275956444,42226261.325023346,46040265.915325485,49506153.78517613
臺北市士林區中山北路七段１４１巷２３號,25.123019,121.530097,40338741.08445358,29352538.273989502,33969445.70980309,40121081.946741045,47652643.150001496,57753084.27355051
臺北市大安區仁愛路四段３１４號三樓之４,25.03733701,121.555269,62920375.6276819,53851107.41019775,59926287.73464277,65320384.313243516,70527104.92697081,74414257.06788248
臺北市大同區南京西路６４巷９弄６之２號,25.052356,121.518915,14972148.09600798,10097577.824091133,13025846.426639184,15697408.081225954,17969338.53454511,21003746.80419077
臺北市大安區復興南路二段３２９號,25.02372798,121.543584,29157638.443588547,22817997.424604997,26667849.478805937,29599926.96932307,33031406.817664534,36265123.899010725
臺北市內湖區陽光街９２巷２５弄１９號二樓之１,25.07596283,121.584423,19208758.08573566,15304657.42165343,17112250.762517016,19325354.80685339,21357886.61496187,23242251.058814444
臺北市文山區景福街５４巷５弄７號二樓,24.99964099,121.537513,23631186.634017535,16744630.577321379,22039920.02804102,24850162.096614346,27063803.047446363,29370058.636772465
臺北市文山區木柵路一段３３５巷１１弄１１之１號四樓,24.9889000016213,121.556699993814,12292680.762682756,9368130.390528586,11376626.620728064,13129699.373320607,14156458.941902203,15217651.631364044
臺北市萬華區成都路１１０號,25.04364699,121.50181,4276134.424082968,3100086.9799321713,3736858.0218486926,4227929.512143913,5013080.732698051,5936626.7328564
臺北市內湖區民權東路六段１３６巷３０號三樓,25.06785602,121.587626,20996618.883696124,16693478.004208213,19453016.95102307,21549136.695884556,23974316.97364172,26027304.09840527
臺北市信義區吳興街３４５巷５號,25.02677099,121.565956,18121833.298373334,15941634.612481806,17073712.553467784,18004010.864013635,19260966.648425303,20714956.01188433
臺北市北投區致遠一路二段１１２巷８之５號二樓,25.11317999,121.513201,12048526.174152764,8129949.154189211,10118575.416012285,12441839.706148494,14457679.5879667,17519838.133416776
臺北市大同區延平北路四段２３５巷３之２號四樓之１,25.0759199983794,121.512580002431,11793916.80584196,7578463.133081009,10149831.300244907,12338498.244348641,14427925.681742761,16197033.236627633
臺北市大安區和平東路一段１９９巷４之３號,25.02680402,121.5341,19596868.282047827,13951649.53395917,17144217.147308435,21113175.67191638,23297440.542473245,25158431.58602708
臺北市大安區安居街４號,25.02137401,121.555192,29308246.769480973,24469031.021214068,27307291.329865076,30069023.768545855,31984323.247310854,33813352.10245308
臺北市中正區重慶南路三段１４６巷７號二樓,25.0238799885958,121.516159997096,19453169.77845591,14134927.740020286,18695405.443136826,20954897.678738873,23062259.44207994,24921471.98432323
臺北市內湖區星雲街１６５號九樓之５,25.0812399923248,121.597039998321,20413801.17089061,16622898.63872882,19118244.48610771,21083110.748827435,22537226.886316027,24158937.737618838
臺北市中山區林森北路２８９號六樓之１１,25.05560499,121.52558,13419697.67964441,10432839.515761586,11888232.072668482,13435075.970549384,15731568.248545323,17790556.680434536
臺北市中正區金門街２４巷１４之６號五樓,25.0221199984765,121.522220029273,10536624.934821885,7323322.628519225,8651669.996627793,10697037.767670982,13831397.162354248,15818961.540523646
臺北市大安區建國南路一段３０８號,25.0355673,121.5374273,22610194.021405518,17771508.728448108,20081264.90599342,22129128.465335667,26866506.794115953,29469905.38670229
臺北市萬華區青年路１６８巷２弄４８號,25.0202,121.501607,5353492.817997266,3429060.5189901367,4949811.42241535,5529206.202208605,6392302.49005698,7449161.129302256
臺北市北投區幽雅路７號八樓之３,25.13729598,121.513111,12664381.277805172,8655799.366380267,11691796.756981343,13811651.280875763,14685854.816337882,15302820.681981297
臺北市大安區安居街９８巷１９號四樓,25.0196799845526,121.552230008669,17923971.38955623,13582955.266766507,15781079.764071293,18239282.426446,20546051.223249692,23833280.666219406
臺北市南港區市民大道八段５２９號二樓,25.05435763,121.6138943,23502048.581921257,19921201.896012027,22112754.78997562,23625814.17478575,25859220.7657383,28073894.292388696
臺北市大同區歸綏街１８５號八樓、八樓之１,25.0582499825667,121.512740012963,11925060.052044358,9042628.883212108,10953670.817878066,12206104.48156477,13844490.114913061,15695185.759724107
臺北市文山區景華街１２８巷３６號三樓,24.9946499871997,121.547340006357,13208302.647387978,9387058.720970072,12290832.972642068,14102134.737347908,15120390.934356341,16648228.476196358
臺北市大同區大龍街７９巷１８號五樓,25.06608702,121.516695,5443983.64142721,3646282.2615943816,4493385.703150565,5575095.137508731,6525229.775322221,7770790.1797647355
臺北市大同區南京西路５７號,25.05304398,121.519385,17361743.434419468,14043355.569911577,15091530.776128039,16260601.633137023,21077495.636460282,23062875.931825697
臺北市信義區中坡南路２２巷７號,25.04307199,121.582465,28821670.907975174,21825149.50005474,24657212.548251152,29047009.844638288,33566865.70490732,38857767.03005199
臺北市中山區民生東路二段１４７巷５弄９號,25.059317,121.535222,26763847.38913726,20935620.899411913,23745910.03948539,27290908.712967183,31025515.39463285,33221246.166157033
臺北市萬華區寶興街８０巷２２號,25.02566802,121.493808,9881223.67496933,8501127.924973326,9297257.076976368,9925932.542026922,10619805.499809992,12115371.58572489
臺北市信義區永吉路２７８巷２弄２０號五樓,25.0451199826994,121.574099986616,20872451.990421966,16551545.474628072,18669189.808152065,20950234.291938916,23631017.767899107,25735902.44309439
臺北市萬華區西藏路４９８號三樓,25.028810014496,121.493860027517,7445463.041569147,4034811.285489183,5585234.101117995,8721994.35285762,9863597.506856775,10892349.38472233
臺北市信義區忠孝東路五段４７３號十五樓,25.04101201,121.577173,59443114.359603815,50694321.3462531,53801234.90572502,58593675.67450727,66113412.26334165,72465628.4488339
臺北市內湖區康樂街２０巷６弄５號,25.06832901,121.617603,15997472.45613712,10184394.519914623,13807805.071078798,16223661.389654,19411310.856144518,22614522.560706694
臺北市大安區四維路１７０巷３６號八樓之３,25.0281900051181,121.546339961489,17864529.20266728,14125590.947283745,15694777.317385891,17745531.1053272,20434789.289009254,22751084.690668967
臺北市信義區信義路五段１１７號三樓之２,25.03334999,121.5739149,16957298.22902353,14429609.474298535,15837252.611819573,17097300.886448663,18394421.89555168,20000396.802008506
臺北市松山區南京東路五段２３４號十六樓,25.0511200004495,121.565950010701,20003086.11617962,17328858.989001095,18970496.58012381,20308870.771372613,21604276.99374311,23185790.361614656
臺北市大安區瑞安街１７之４號五樓,25.0314299878811,121.54409000722,25744087.653021585,21265240.89902852,23421759.648656435,25958014.05946724,28473293.650046654,32040828.009471416
臺北市大同區迪化街一段３０７巷７號,25.06212031,121.5094404,11693305.032377474,9106817.824271664,10415840.840845922,11670159.310586669,13250498.774700548,14982084.542245092
臺北市松山區八德路四段６３６號十二樓之１１,25.049832,121.574493,18959355.464495197,16176103.417852877,17398080.405007217,18692213.06301661,21472370.792971905,23613604.047403727
臺北市大同區南京西路３４４巷３５號九樓之５,25.052870016104,121.512259981368,6099551.861789873,5148731.060586462,5712349.438191346,6153688.859282573,6613892.430571724,7814179.382290429
臺北市中山區樂群二路３０巷６６號,25.078049,121.553455,117528029.12139799,78243551.9036959,91774776.24548507,118282375.39936286,143994344.06747586,173692532.7951642
臺北市萬華區寶興街１４０巷３３號四樓,25.02381901,121.493709,11521140.588799834,8679498.828406923,10401105.856260734,11822061.782395117,13548883.474095853,15110858.992977628
臺北市松山區南京東路四段９５號,25.05184298,121.554191,17227873.59992048,14274414.536916079,15733845.71752544,17468389.368108097,19286776.83546357,21631545.100835998
臺北市松山區八德路四段６３６號六樓之１,25.0498099928022,121.574339960504,12462364.924823796,10576174.718595903,11422653.013945179,12191539.848428417,13603518.847427376,15258019.420886265
臺北市南港區重陽路１２５巷３６弄１６號五樓,25.0574000156752,121.59686003886,44810861.55343327,32278409.247510005,44769302.1149101,49728782.979742214,53987639.70653325,57941523.15690503
臺北市大安區忠孝東路四段２９９號九樓,25.04161299,121.555322,32630535.9854526,25071773.59698557,31157718.94578665,34235282.52672973,37601377.78970376,40924977.215198345
臺北市北投區大興街２３巷７號三樓,25.13008499,121.497998,14080876.567667618,7368938.480236408,11919900.18049704,15763353.937988987,18472221.489547107,21241927.385511924
臺北市內湖區金湖路３６３巷５１弄２７號,25.07365896,121.6008252,21197842.12926473,15593619.46047043,19152902.566583164,21367075.123281665,24277215.051116884,26939001.243123356
臺北市士林區文林路６６１巷２號,25.100677,121.522143,13173539.113902144,6575873.037906947,12476655.190456752,14708901.506946063,17959368.04116169,21871814.858876854
臺北市大安區通化街３９巷５０弄７３號,25.02908301,121.555117,16258405.665856212,12878158.009011703,15649078.753664749,17322788.96528794,18752054.683695562,21545329.44066423
臺北市內湖區民權東路六段１５０之１號十四樓之１６,25.068799990727,121.589620002354,11656286.165382462,10281500.152300037,10905359.42506805,11529249.618125796,12274489.231694993,13619006.340913706
臺北市中正區廈門街１４０號六樓之１,25.02249702,121.517359,11274684.402369358,8402538.153927231,10172206.876519954,11290106.443479976,12674239.165645659,15546764.300165031
臺北市松山區民生東路四段８０巷１１弄３號,25.05675398,121.553297,23702554.857177265,18812692.295553576,22554374.732122682,24300705.36373134,26307697.698274825,29443905.21734731
臺北市松山區南京東路三段３３５巷２３號五樓之２４,25.05327684,121.5475401,6967262.240031637,2731738.2414544635,5963397.470350668,8990637.317186268,10051915.559039436,10602996.387565713
臺北市中山區龍江路３９７巷９號四樓,25.0656600040689,121.541630002457,21598274.966608763,17638892.97126266,19802157.094016563,22265865.729496963,23880184.452060476,25223608.12698572
臺北市南港區東明街２８號,25.05565901,121.604144,49975704.96681577,35836224.69683751,44767614.17378911,52460430.46281867,59518293.698992915,63830405.98263055
臺北市北投區翠嶺路２６之１號,25.1429958,121.5077226,52260783.067066416,41358165.76631095,43554410.04521475,48282365.621558174,59711730.253001876,78325513.3168254
臺北市文山區萬安街４４巷７號三樓之４,24.9989700200963,121.57042997031,14280138.499967068,9648327.99878512,12394176.792850386,14964207.292970683,17036409.197021473,20180830.385265164
臺北市松山區新東街４５巷１４號三樓,25.06137098,121.564463,19599269.80096755,15519743.571936514,17190208.995234687,19600815.21427179,23054040.9138935,25819689.553492654
臺北市內湖區內湖路三段１４３巷２７號,25.087577,121.589006,11896100.624375414,8134518.335127546,10215310.373651795,12577882.653873052,14394930.92020161,15669677.490783988
臺北市大安區敦化南路二段４６號六樓之５,25.0313700153638,121.548420014581,12744234.813351426,9587023.328175303,10829085.335197449,13313168.681449626,14993681.08514749,16255817.827751009
臺北市中正區南昌路一段１２４號,25.0296749,121.5182267,19375678.13146775,14813054.825880466,17277638.61032565,19302322.973431904,22896297.458749697,24933075.74493146
臺北市萬華區康定路１６２號,25.03949698,121.501811,12766707.342336917,8664478.65618719,11213205.776318545,13307362.70071404,15973876.340368265,18925797.198228013
臺北市大安區信義路三段１３４巷７８號,25.02961698,121.538771,30719112.10859056,26009661.431163996,28624003.301333576,30750368.526319742,33972445.44948973,37288547.60916221
臺北市中正區寧波東街９巷８號六樓,25.0326799811016,121.519500017874,8226176.150374383,3252130.231481548,5217103.343588359,9281434.430099955,14315860.90469434,15894924.603587715
臺北市中正區中華路二段７５巷１弄８號三樓,25.03402699,121.5064299,24883638.67906995,17726482.92036166,22550282.85722054,25986329.400449887,29301908.431370277,34085467.01455704
臺北市萬華區富民路１４５巷１５弄３８號,25.01896199,121.499831,8998569.186843323,6081010.855443883,7833999.987318704,9393292.60437222,10944455.84388548,12228173.469485253
臺北市內湖區南京東路六段９３號,25.05537901,121.577008,24019318.35761026,22016977.17456513,22959552.11722226,24087930.169828467,25545896.40568917,27654780.211963244
臺北市文山區景興路１５３巷８號,24.993538,121.545063,9376188.325799324,6016157.283410079,7429649.163166124,9901913.307335425,11632177.21078055,13835350.522194633
臺北市內湖區東湖路１１３巷４９弄１２４號二樓,25.07094002,121.614943,16643731.909864377,10142845.4772656,14384475.234264152,16961001.092113867,21698983.60711156,24684537.545268357
臺北市北投區明德路１８巷１弄７號,25.10708899,121.517985,16678194.816958861,13189755.296414029,15474242.843120264,17195686.242217124,18590713.40925642,21395582.333513945
臺北市大同區延平北路四段９９號二樓,25.070966,121.511014,20291833.671249248,15435314.88657984,18995008.9109345,21702277.63081673,22964272.03854664,24479395.247663047
臺北市中山區天祥路１６巷１５號,25.06133498,121.520499,10829159.191694222,8032477.326400636,9164547.633268692,10878853.739003757,12789982.716102492,14296600.047222145
臺北市文山區興隆路二段２１７巷３號,25.00198398,121.549101,13744692.857532313,11054415.905174496,13121296.48367722,14418588.723571295,15570678.907166198,16579321.03437655
臺北市中山區新生北路一段１１２號七樓之６,25.0463999831334,121.532230033321,7654596.470777551,6191133.045033062,6844252.665389193,7754533.228771239,8535860.92371764,9275685.564001782
臺北市內湖區內湖路三段３２６巷３弄５號三樓,25.0896899984636,121.584060034521,14360505.702065317,11352785.63683539,13344766.162374025,15062354.147362158,16517023.233487383,17481976.251552407
臺北市士林區後港街１６０之１號四樓,25.08715301,121.520477,9053547.891606983,5873051.426822252,7812557.580311961,9987768.907949442,11212346.665534087,12645641.71293713
臺北市信義區吳興街５８３巷３弄３３號,25.02280199,121.569907,11149441.620390166,3052917.7577654948,11266160.268840075,15804711.422720961,17200900.822266065,19277234.566972442
臺北市文山區萬慶街１２號三樓,24.9951417015505,121.536470861416,15425355.673653718,10619393.771934344,14050359.17463854,16312230.409364428,18411851.40104988,20316233.936165225
臺北市北投區行義路１４２號八樓,25.129857,121.528211,22333466.237433106,15999136.455817921,19024223.226014122,23877445.054240376,26661602.13418416,29341005.146373212
臺北市中正區中華路一段７號十一樓之２,25.0471300049904,121.510510007623,17108143.018921416,13874048.031290017,15474374.688926179,17170680.787614644,18937313.20705387,21242139.295494862
臺北市松山區八德路四段４４５號十三樓,25.0500200013863,121.570259985314,20823608.951130096,17454217.636894993,19236385.556682955,21051994.28285531,22935078.002838947,24694471.6394414
臺北市萬華區民和街９６號四樓,25.0255,121.497594,47819910.89386088,33005343.307577036,41063904.17705356,48313500.90409015,55661641.74710447,65380378.498956144
臺北市大同區寧夏路３２號,25.05594102,121.515145,9227119.803933,7292361.310671017,8114314.5447967965,9284610.267216044,10636634.81271014,11659451.03420525
臺北市文山區和平東路四段８８巷１８號,25.00524601,121.566927,13515792.312800149,8020128.143217605,12843137.77258703,14675968.330293333,16551532.549279112,18575035.34882948
臺北市信義區莊敬路２８９巷７號二樓,25.029259996968,121.563669965399,15381345.817278933,10857838.407914966,13587961.048851743,16065512.942882,18260880.932397023,22167468.068607967
臺北市士林區天母北路８７巷２弄１５號,25.12288646,121.5271632,18459187.5376682,15240987.643333571,17127872.00892541,18380353.217338827,20110548.62424478,23539916.13270544
臺北市萬華區青年路９６號,25.0230599870081,121.502579972848,5533213.0553035205,4463807.764283239,5157443.780952524,5723363.638094338,6221615.591036458,6553811.929050064
臺北市南港區福德街３５３號二樓,25.03951798,121.588966,15445465.868349947,13130722.46283383,14774890.124067174,15770277.78696343,16719893.191221993,18240147.642361864
臺北市中正區忠孝東路一段８４巷２號九樓,25.0442400085946,121.524060024658,18180832.429790396,14052623.048242087,15789918.800774612,19348051.68722045,21480268.429160677,22416875.589285403
臺北市士林區基河路１２８號,25.08867608,121.5231356,6027168.284533162,4608079.002747177,5720059.155604489,6315679.041784904,6802390.184398884,7281573.185497997
臺北市北投區關渡路６６之１號,25.11922699,121.468737,20564590.75316222,12256891.646608537,15664734.877995921,23172024.2143749,27098777.837666325,29161474.16823092
臺北市南港區經貿二路２４５號六樓之２,25.06045085,121.6147549,19538123.196454186,15974175.24558561,17207579.204183232,18656606.703348693,22346130.025911637,25928287.565125257
臺北市大安區敦化南路一段１３８號五樓之８,25.04442902,121.548503,65255097.36414642,54328370.11048575,61151725.72146186,65113143.984992184,70107112.50085889,78442173.91126585
臺北市大同區哈密街５９巷７８弄５０之１號,25.0757167,121.5144457,16711160.558116619,11156612.71750064,15152825.567050768,18247430.111681435,19813029.090444904,22778829.610323228
臺北市北投區大同街２２８巷８號二樓,25.1392399962709,121.499670027522,8881925.9962189,7442149.441157365,8311858.17999779,9040547.539251264,9711013.52613563,10429780.812703084
臺北市中山區民權東路二段１３５巷３０弄１３號,25.064307,121.534435,19940856.326564196,17290708.40511244,18824055.455440395,20001105.99021382,21622887.550996188,23573485.533962063
臺北市北投區豐年路二段８０號二樓,25.135954,121.4955,7029002.833618609,3552056.521903371,4668789.6809403505,8495000.89872342,10178070.13443897,11641600.827452596
臺北市士林區天母東路８巷２１號,25.11721116,121.5324463,9565350.030912196,6382901.45779662,8789806.538854765,10055597.934618035,11003447.047889115,12147519.505875822
臺北市內湖區成功路四段６１巷３２弄２號三樓,25.0810000184369,121.593320025873,18127296.174244255,12662129.378362287,16017460.166710733,18989031.594720125,21522479.755249098,23871730.78160925
臺北市北投區豐年路二段６６號,25.1358200121372,121.495749979045,6012073.1937171165,3933946.1845123842,5113454.253377717,5762369.101048397,7638121.593563277,8697723.583242452
臺北市萬華區西藏路５３２號,25.02865499,121.492698,8771760.523048295,6952802.148060445,8119318.253219857,8888495.917399019,9857308.905632326,10980464.522011722
臺北市文山區景中街１號十樓之４,24.99302499,121.541465,14130367.038505573,8193752.922442606,12054998.344545623,14468614.153121118,17600012.232769,22473741.00287602
臺北市中山區南京東路一段１０６號十樓,25.051900020359,121.526369993354,180669437.4373176,128022212.94224203,149963861.97422564,178106762.3216005,206964188.31486914,264563756.2125123
臺北市北投區稻香路１６１巷１６弄８之３號三樓,25.1424000156775,121.488849996351,19484900.17264627,15523905.273618083,17969291.319453932,20094648.41608727,21664025.332668353,22994147.06064923
臺北市信義區永吉路１２０巷５７弄２號,25.043769993374,121.570489984737,23820462.73083564,18325884.860133298,21226891.66663838,24096616.108798157,27120925.5781983,31095973.467405
臺北市萬華區西藏路５４０號,25.02868701,121.492269,11927696.774988476,8779099.025541574,10695906.381815078,12287763.777816296,13926832.29346307,15654259.480597759
臺北市士林區天母東路５０巷２０號三樓之３,25.117420016377,121.533220019905,12795393.371006679,9269101.148511367,11069442.796956873,13405347.253263976,15814359.266918508,17354468.478531953
臺北市士林區文林路７６５號十樓之５,25.1032924,121.5189652,25607526.89597904,21916956.12090332,24326465.26534874,25903184.008979425,27976439.35851302,30557891.880903125
臺北市信義區基隆路一段３５０號六樓之５１,25.037009988463,121.561729973909,5172333.26278152,2797288.2723754924,3859891.7750519044,5308698.138218857,7079027.3101791525,9280017.521155583
臺北市士林區通河西街一段１０６號四樓,25.085630014113,121.512270039652,12317507.908147227,7992118.456387648,10618598.436651327,13052220.492584988,14993582.915956315,17353933.40958422
臺北市內湖區麗山街３４６號二樓,25.0822899933356,121.572979996713,17695913.922788713,16150231.221849632,16818646.912051823,17744518.83879554,18635754.274799418,19767735.19370567
臺北市信義區信義路五段１２１號十一樓,25.0335499807417,121.573739983874,28105622.168596625,22610812.567473575,24476915.205112077,27855332.678545564,32724830.093242016,37228886.273642726
臺北市萬華區西園路一段２７號四樓,25.04092098,121.500101,14204742.957562849,9302249.542650457,11836271.785292184,14872238.52246008,17825982.22748642,19742826.571344987
臺北市北投區致遠二路５巷９號二樓,25.1141700172397,121.511569983098,9917459.476616947,5715397.334542453,8515036.16244901,10936858.211637735,12399458.315039663,14724155.612525785
臺北市中正區羅斯福路三段２４４巷９弄３號,25.01727098,121.530295,28900031.362158567,23277739.62921223,26501476.554292083,29526703.29413476,32311220.66725018,38651970.467277184
臺北市北投區中山路４７號三樓之１５,25.1388199791027,121.51162002306,7221458.032471944,4309482.347476769,6223083.823210265,7366548.60010045,9030783.031666609,10432079.588187143
臺北市大安區敦化南路一段２３３巷６５號五樓,25.04043802,121.552683,50434451.06769289,41866940.53477586,46781896.69866564,49674276.88729235,56850049.61765915,61646977.46894884
臺北市內湖區成功路四段１６７巷１６號十二樓之７,25.0827400177171,121.595430002359,24735277.44157681,17318466.962881237,21946817.017784372,25848391.435173742,29509016.72838145,32269153.992193446
臺北市士林區承德路四段５５號五樓,25.0813599792688,121.523019998112,19259812.984626908,15416739.186994772,17427246.5248386,19595721.635313448,22113571.77365115,23681921.991039254
臺北市松山區民生東路五段１７１號九樓之３,25.0597599824237,121.564739999159,24011670.424576566,19334682.1409607,22265962.753608897,24997244.726904344,26913122.217202175,29151369.09291776
臺北市中山區長安東路二段１０５號,25.04853599,121.535252,14940715.298141334,12434262.945333283,13632550.241106395,14851582.753543243,16159216.495644772,18611183.010829806
臺北市文山區忠順街一段７０號三樓,24.98423199,121.560808,12796788.339331577,9940131.441546619,11557505.653696675,12875258.535942275,14645083.382352067,16690848.981689626
臺北市中山區中山北路一段１２１巷３３號十三樓之１,25.0509200082398,121.524720015714,18000087.11974139,15110188.091470566,16454618.404745147,17539411.560758077,19625951.960801706,23444745.604623348
臺北市士林區中社路一段６１巷８號,25.107386,121.560801,7918708.204405752,5217244.091146486,6258901.846049881,8622045.045194965,10120497.347376417,11125183.71185469
臺北市士林區承德路四段５８巷３８號四樓,25.08227201,121.521249,15565895.682400342,14259180.794239616,15619941.277868532,16383812.92934048,17287160.231528725,20197338.14214242
臺北市北投區文林北路２２２號,25.108306,121.514262,32470831.959110048,25933959.264533352,28092892.256655324,32556153.447765514,38283908.13117055,41982369.171675764
臺北市文山區政大三街３５號五樓之６,24.985951,121.58191,7331215.2478587525,5050200.568064506,6931283.960801954,7673783.185760271,8319915.475328072,9339317.71973049
臺北市中山區新生北路三段４３號,25.065407,121.528041,10346315.400626004,8629804.071214112,9623712.76627937,10436896.304490175,11317518.485245619,12044095.492852632
臺北市大安區羅斯福路二段８５號十三樓,25.0257699820333,121.523600025812,41317829.06933391,33576101.58482454,35980897.541780785,39956213.64671289,48533363.158102006,55135061.281796075
臺北市中山區合江街７３巷３３號四樓,25.0588500011055,121.540240031453,37428833.77681504,31301085.00206332,34004854.70978861,36641836.86078269,40787326.27278701,51266319.01335729
臺北市士林區文昌路２６號,25.09523702,121.521711,14370268.473767944,9825688.489009842,12625570.57262691,15166352.011997476,17090075.452122077,19583382.81431984
臺北市內湖區金龍路２２２巷１６號,25.08794501,121.585376,11382197.642370785,8539552.216380438,10766210.645525264,12088029.644873708,13042905.314469267,13884403.983303148
臺北市南港區重陽路１２５巷３６弄１８號四樓,25.0572299887693,121.596919969468,48222208.93383051,38684807.11810294,45227368.53283559,49806720.08928835,53987639.70653325,58618812.71833337
臺北市大安區忠孝東路四段３１２號九樓之４,25.0411400036147,121.55686997881,26254613.95850426,22227804.96462459,24089684.879258472,26598729.15230103,28616492.262890242,30656559.73177227
臺北市信義區光復南路４４７之２號,25.03533202,121.557696,6378362.430796979,4330431.752187113,5810683.825748343,6368282.746904081,7429805.599926584,8901583.751341308
臺北市南港區經貿一路５９號六樓之２,25.05632998,121.61998,15349460.492791684,12533483.27141485,14016307.746803712,15473928.345802078,16756987.750450859,18730618.61616222
臺北市萬華區成都路１０６號,25.04355998,121.5021,12358231.022747481,10896597.514453808,11583677.358088758,12356236.799307363,13379395.21828157,14174643.96417033
臺北市中正區汀州路二段８５號六樓之６,25.0254399865053,121.517690029702,12635798.278964194,10229559.835026586,11381991.89393898,12430340.101557206,14503422.126808975,15918823.103275303
臺北市中山區民生西路３巷２之２號五樓之１,25.05814001,121.521669,17726961.679095972,11375204.676076328,15071305.999937667,18964636.40561792,22049037.582169063,25663191.72832858
臺北市大安區復興南路一段１３７號十六樓,25.04239,121.544031,33827447.448655024,24725096.588016592,31777977.54839106,34900846.14462736,37640558.71479269,40267747.06183668
臺北市大安區敦化南路一段２７０巷６號五樓之１,25.0389200146491,121.548009971878,38534696.18588827,31930158.17705153,36897529.184619434,39413939.26405507,41012364.39558654,44406768.214774236
臺北市中山區敬業三路１６２巷７５號,25.07865539,121.5586249,28072028.522281736,23900328.412845623,25680141.966619648,28425957.519487232,30721714.523433506,32881388.90020477
臺北市大安區辛亥路一段８９號十四樓之２,25.0217099976827,121.53099998903,47204161.34921466,31537029.931892242,41878423.42780476,51252601.054669835,55400836.611324094,62334929.89732334
臺北市文山區木新路三段２３２巷６弄１４號二樓,24.9819299881262,121.559610022958,14321887.963406835,11492397.827101182,12800993.93297742,14151416.542785235,16000668.844122209,18218522.544098146
臺北市文山區福興路７８巷１弄６號,25.00461498,121.551112,11570523.977643473,7295811.656603963,10150136.382582262,12316241.292624092,14614846.03531798,16297741.795712696
臺北市萬華區中華路二段５０４巷４號,25.02591201,121.507636,8766123.459515966,7593441.673738841,8203984.344344886,8782829.85951142,9561954.49695367,10711014.416201359
臺北市信義區吳興街１５６巷２５弄５之１號,25.02851099,121.561149,18570940.404365066,15579089.76568903,16387189.590899164,17522419.74261996,19060729.661071826,23572414.69621803
臺北市中山區基湖路１５７巷７號十二樓,25.07680701,121.564195,86285282.98723496,52108297.08298209,65294622.93115307,80252619.09246267,126387122.81632674,154271121.1832429
臺北市內湖區康寧路三段７５巷１８６弄１０２號,25.07609698,121.613201,33217436.213956237,21299778.835225187,28959368.85181031,34254711.401019014,43425105.56849874,50182251.69462213
臺北市中山區合江街３９號六樓,25.0557100144474,121.539200004907,25999338.27118612,20385193.891165324,23148074.392332725,26038040.499294236,29891672.436642066,33244804.42287605
臺北市松山區南京東路五段２３９號,25.05161642,121.5649724,14147245.035580397,12062066.09484559,12796563.403087396,14288827.848180605,15499136.027169414,16477527.115145318
臺北市大安區光復南路７２巷２３弄３１號五樓,25.04424202,121.556218,22420613.77632092,18945145.392118666,21348627.107334845,23144744.344732586,25646217.879625626,28127066.618061073
臺北市南港區經貿二路１８５巷５２號,25.06159,121.6165205,31580247.94546648,25121678.063420568,26439968.37688594,30159319.61794892,38979411.86121924,42817053.77637173
臺北市中山區雙城街４３巷１號,25.06755498,121.524483,7153373.759489926,5351960.684671992,6321837.582977606,7411820.605604496,8361731.288666495,9372711.708858183
臺北市大安區復興南路一段３２１號,25.03401379,121.5438438,31023129.2307598,27902358.96297975,28780546.016134124,30305950.98846154,32261114.180192977,36112249.30806471
臺北市信義區吳興街３５０巷１１號五樓,25.02530001,121.565973,20168618.947662245,16620262.703707501,18187524.499316864,20305567.164320882,22936286.018930137,25515417.458554845
臺北市士林區延平北路六段３９２巷６號,25.09155501,121.501035,24845333.899714872,19016002.28253755,22681800.144171238,25676041.048556022,27842548.0015575,30835269.128237486
臺北市內湖區內湖路三段３８號二樓,25.090833432636,121.580888172902,37532295.683332555,25571260.669753402,29755756.82660689,39838104.22224847,46309783.04365721,51078518.39456004
臺北市信義區吳興街１５６巷２２弄１７號,25.02878399,121.560262,20031321.394243337,15991793.818611126,16875204.928703804,18136633.7795684,20666845.155765522,27914115.065274626
臺北市萬華區成都路１３９號,25.04350601,121.503248,33316386.73885067,28468375.82864335,31165462.80295728,32932308.668613393,36162023.461462036,39154630.804293096
臺北市松山區民權東路三段１０３巷３號十二樓,25.0639399956278,121.545260037084,20923905.218089044,16633957.042142058,19110928.62708713,21660168.70726736,24082280.464812525,26379900.492036615
臺北市信義區信義路六段１２巷２３號三樓,25.0328699988466,121.575189969305,18557106.452012997,16529149.058859479,17621143.005786296,18756166.644407038,20189004.734997794,22147361.195456564
臺北市大安區仁愛路四段２６６巷１５弄１６號五樓,25.036540015152,121.553879986309,36914152.73053896,32464513.499135144,34958922.16262836,37701667.944794975,39757416.76925438,41380283.126197465
臺北市大安區四維路２０８巷１８號五樓,25.026254,121.547091,25946214.838131335,20254764.099647332,23775073.188687354,26773906.85145229,28943758.296474442,31964908.355226494
臺北市萬華區萬大路１７２號二樓,25.0281999795829,121.500360025792,10907680.916934304,7332119.946969634,9769577.704928344,10945282.424943281,12643538.832400296,16875289.150016677
臺北市松山區撫遠街２６１巷１０號,25.06123901,121.567313,20055469.73754681,15283790.166772448,18454569.222344246,20420618.108183183,23660615.822073404,26796291.582126338
臺北市中山區林森北路３５１號十五樓,25.0569699821328,121.525619980658,62493863.312174745,52748865.00468515,57149626.884108916,61990278.94140139,66410498.45732939,74430579.12122926
臺北市中山區松江路１０８巷７號五樓,25.05149999403,121.532059964506,44454936.264561765,32761166.567913115,36934116.54581447,46950340.36404363,52738459.596187666,57217034.38294139
臺北市中山區龍江路３９４巷２０號五樓,25.0671200058735,121.540299962061,15930826.181925,14618624.54423503,15373487.599210307,16004313.79926471,16693329.686826741,17492703.405044258
臺北市內湖區康寧路三段１８９巷８３弄４號,25.07263098,121.61233,25768190.090746365,19071897.62150885,21725966.874399927,28093612.557565372,30716585.448000204,33047373.66602999
臺北市內湖區民權東路六段１４６號七樓之２４,25.0688100071013,121.589750005673,10944962.114317372,9560044.683922436,10321240.853128118,11119057.607721396,11606881.365483869,12204016.189395115
臺北市北投區中央北路四段５８３巷１１弄４１之２號,25.12548898,121.466239,12796192.05076959,9181542.240562849,10921869.908754412,13525654.09847083,15731946.175064113,17988034.20129521
臺北市士林區環河北路三段２０３號八樓,25.0879499991834,121.504140012667,28101187.74851621,22099933.49660166,25134747.924901113,28241328.123222895,31477869.812027402,34946028.97659017
臺北市北投區行義路１４２號六樓,25.129857,121.528211,10453862.521544479,7754778.541787903,9511387.922768544,10496667.380800147,11872829.41051672,14339474.590863315
臺北市信義區吳興街６００巷７６弄７６號四樓,25.0186299835418,121.570069967569,24338212.1239061,16444768.533082241,19997532.241784655,25411575.563408494,29795999.87034579,34657805.39835714
臺北市萬華區峨眉街１２２號,25.04452499,121.502306,8658236.802170388,6604779.0243790895,8241544.774324591,8927571.883341076,9813486.404661482,10953869.103193844
臺北市信義區嘉興街３２２號三樓之２,25.0232800119665,121.554300003478,13640357.51442208,10038671.010612328,12688632.417035945,14085009.623418069,15836355.682472248,17126480.99184246
臺北市大安區羅斯福路二段１０１巷４１之１號四樓,25.024769979075,121.526469989459,28086983.677519936,24354129.403298885,27015222.88445407,28584670.966824878,30118994.800389625,31406545.065297753
臺北市松山區慶城街４６巷９號四樓,25.05517198,121.547369,4859560.427994371,2568275.9310095613,3588678.7500359183,4800560.308079468,6858396.462048767,9091771.74609107
臺北市文山區木柵路三段８７號十二樓,24.98888479,121.5678311,49138513.53769392,42551831.59518817,46125780.57874922,49831389.75389828,54840142.38817832,60928661.24661082
臺北市文山區興隆路二段９６巷１之１號,25.00034398,121.550262,14365823.028669588,12097128.744088776,13381416.18118539,14656108.133599546,15618504.221648738,17332820.337356437
臺北市文山區興隆路四段１２０之１號五樓,24.9827600060882,121.562179998291,14960327.021088738,12884036.13978535,13618595.090200743,14603928.293578262,15940252.6177373,18253910.061367568
臺北市萬華區青年路１５２巷２４號十二樓之２,25.02051101,121.501431,28729823.164710186,22442842.479264792,25872006.667527787,29647028.007028844,32655515.751750633,34616567.68625129
臺北市內湖區民權東路六段２０６巷１２１弄３８號二樓,25.0650500110654,121.59697000943,37336360.28378728,23878044.739710093,31306377.404631104,41210570.41820139,46822043.36609316,51991387.776167914
臺北市內湖區金湖路７７號二十四樓之２,25.0814404,121.597185,36211271.35849402,31226640.444844365,33689366.77765315,36890418.421231404,38984776.04579053,40595329.22125515
臺北市北投區中和街５１７號三樓,25.1452999865382,121.493930016409,9632214.93489689,6158307.935716314,7939089.072332564,10009258.552998146,11911017.624371976,14268592.647916613
臺北市內湖區文德路２１０巷３０弄８３號十二樓,25.076410004439,121.584060034521,25850953.816235207,22359975.45590397,23683376.144357167,25825336.80182471,28673859.52958804,30875569.110308733
臺北市信義區吳興街５２４巷２１之１號,25.021976,121.568155,13298000.634541765,11141861.548599944,12074414.61923989,13246421.764499158,14834562.495038612,15812493.73656101
臺北市信義區忠孝東路五段３７２巷２７弄８２之１號七樓,25.03935701,121.575757,26335749.030896127,15936718.342547273,25327350.194181092,28643224.237376068,31786150.994184636,35005774.31896786
臺北市信義區吳興街６００巷７６弄８８號四樓之１,25.01844101,121.569885,8464547.001385234,5150710.857807676,7635240.042851506,9298905.050858863,10635403.965147221,11618525.589965941
臺北市松山區市民大道四段３９之３號九樓,25.04515104,121.5448219,160269107.75507507,116412582.68755126,138844630.5068192,168292669.50790524,180524997.63837197,190104256.7258376
臺北市信義區吳興街１５６巷２弄１０號二樓,25.029259996968,121.56132998949,15914100.230652072,13181859.10763471,14590482.475193521,15803922.418741025,17232091.79785657,19832112.684061963
臺北市北投區致遠一路一段４７巷１號一樓,25.1082099811678,121.515920023208,16522270.753669482,12901232.240310933,15008266.668195145,16842956.300881602,18382491.765294403,20581693.433446564
臺北市松山區八德路三段１６５號,25.048187,121.555411,34149881.90985071,29756748.90154164,31406045.180724215,33362717.087493047,36243023.21174089,40267104.36982543
臺北市信義區吳興街２２１號,25.02795192,121.5630516,28082237.14952211,21196756.04550901,26137193.02493011,29201107.630508453,32116472.604083944,34330718.219939515
臺北市萬華區興義街１２號,25.02660101,121.491552,9068696.948642712,5741013.246005106,8070821.940005106,9330444.35163391,10530668.933954094,12577968.585345767
臺北市中山區林森北路４０９號十一樓之２９,25.059579981053,121.525679995085,5029394.457562503,4375656.781517172,4714529.316703098,5020014.43106696,5453460.700456681,5960456.766760579
臺北市文山區羅斯福路五段１０８號,25.00679901,121.538636,12835811.088864427,9607192.620564412,11695767.757814374,13246909.268210024,14748929.854527773,16557396.990082923
臺北市士林區小西街４５之２號,25.09012401,121.523425,13444157.920889353,5255791.2689474225,11562257.234053172,16251346.004335605,19447568.971336547,23817864.487326913
臺北市信義區吳興街６００巷３７弄７號二樓,25.0209399941475,121.570099974782,17031797.056980055,14841895.816712173,15916719.473287696,17149255.826448273,18287260.703641783,20316608.004403025
臺北市士林區通河街３２３巷１７號,25.0811899942724,121.518489998541,4673793.330955693,3557727.861400128,4155254.497298294,4781124.280347564,5318632.49375238,5833307.726544764
臺北市松山區光復北路２２８號十七樓,25.055990011923,121.555450000593,33664754.04135607,30394775.655444168,32309640.424393695,34014305.53042909,36166815.93078971,38272295.03200254
臺北市大同區甘州街１５之１號八樓,25.05863098,121.512946,22679800.44617583,16128597.40087852,20017084.91514111,23466168.402914822,27033160.7835802,29525876.506377872
臺北市文山區木新路三段５０巷１０弄１７號二樓,24.9833599827175,121.564709991945,12381473.932588127,8984590.971543998,11198887.286390401,13228910.80160236,14645215.910343837,16258255.848987686
臺北市士林區中山北路六段２３６巷７號五樓之２,25.1084399805909,121.526179975609,34703038.14609276,27692099.115998883,32193159.662897687,36382133.27350689,39472223.21244159,42007062.7824886
臺北市文山區指南路三段５７號四樓之６,24.9834500043576,121.580079971617,7145460.412273367,5465607.071228355,6849501.788142996,7565209.600548961,8016595.183775477,8510882.187697131
臺北市中正區羅斯福路三段１００號,25.021415,121.527044,8588014.206740648,6032085.240294125,6943116.478674229,9311174.542769495,10481080.26057066,11235973.020969057
臺北市大安區復興南路二段１９３巷１３號,25.02674132,121.5445561,14837697.299323361,7931927.473279292,12711146.382733826,16158664.456492236,19130058.957003843,22427512.289602067
臺北市文山區興隆路三段３２９號三樓,24.99144429,121.5589465,33315663.931369364,27204745.910382994,31090163.789336488,33872074.563263506,37021867.209007524,39620273.859781206
臺北市中正區中華路二段１０５之２號七樓,25.0330899818954,121.505290009782,13468368.248680113,9055420.15370233,12145186.374593958,14210437.125029594,15875400.522011958,18468895.129699558
臺北市松山區三民路１５５巷３１號四樓,25.0613199803332,121.561480025557,22740463.483653553,17938137.920058284,20393237.5441513,22732080.268135063,26261469.372017767,29181624.03005051
臺北市松山區八德路四段４４５號十四樓,25.0500200013863,121.570259985314,22185274.378262285,19303499.57322968,21443004.561125062,22735621.246500522,23936175.952318095,24941419.05950839
臺北市松山區八德路四段６３６號十二樓之２,25.0495700189143,121.57448999657,13252613.077974387,11197236.573205218,11870276.846679766,13271879.335415946,14848597.906732952,15758808.652973136
臺北市北投區立農街二段２９７號四樓,25.118712,121.516103,7728571.101238821,4952964.007608064,6227089.615636875,7753552.422441829,9894531.989110466,12099760.604144245
臺北市士林區葫蘆街１３５巷１５弄２號,25.0848,121.507861,10687514.439994995,6986713.987718068,9633158.204408048,11292825.845696226,13045804.466730678,14655271.314767376
臺北市南港區經貿二路２３５巷２２號五樓,25.06115498,121.614887,26659122.561303437,15990136.751100793,25614235.069985755,28921528.644641966,31278921.64654296,34818038.80653449
臺北市南港區成福路７４巷８號二樓之５,25.0439800019581,121.586270007112,22669445.456495367,20107529.667983763,21578421.604085337,22778612.498720303,23960936.356866203,25287745.32099689
臺北市大安區復興南路二段２３６號五樓之４,25.02510702,121.543097,35114853.153362125,29983835.58341327,33253161.095351703,35630080.28586983,38699027.41061805,41584448.93382891
臺北市內湖區民權東路六段１８０巷４２弄１５號十四樓之３,25.06759199,121.591999,17405312.469376057,15014643.283076957,16436851.111449461,17419816.789023135,18579897.068970375,20285428.795652587
臺北市松山區八德路四段７７７號,25.05121602,121.578245,26393217.025849428,22351170.208461203,24161613.706635542,26437921.744787466,30590684.302438844,34372908.20412171
臺北市松山區民生東路五段１６５號,25.05921101,121.564127,27409272.981233276,21730524.631761163,24380050.32222762,28510222.92324719,30994122.276899736,33037087.111369863
臺北市信義區信義路五段１５０巷１８號,25.02801901,121.569029,21904694.24890576,16446971.979173563,19095294.246421598,21908317.666019574,26878778.39919389,30179771.66847384
臺北市士林區前港街１１０巷２０號二樓,25.08439209,121.5183366,16354085.755793799,13412259.588336492,15683672.493906278,16719049.116950065,17796429.03831482,19272817.85815919
臺北市大同區民權西路１６０巷２６弄１號十八樓,25.0616125506636,121.515490031576,52764686.450794965,41612484.213202514,45971829.542901576,51302339.543417215,59210038.038969964,66963548.415604845
臺北市北投區中和街４９３巷７弄１５號三樓,25.1440699841567,121.49535996909,10798044.77961832,6539454.0463646,9043706.002845226,11459390.8674917,13978945.99257382,15786998.745305909
臺北市萬華區康定路２４號八樓之６,25.0375999906275,121.501529971837,4371354.352411805,2912744.5423250217,3775011.7304042056,4467905.477679121,5245511.0674272645,5936142.439343116
臺北市士林區華齡街４０巷１弄１號二樓,25.0833800179341,121.519769998975,7321033.272242881,4000501.6918009752,5673536.145772965,8133010.299409869,9848830.527266009,11415866.42225638
臺北市信義區松山路１１９巷２０號三樓,25.0473299972002,121.57914999946,21912355.287287567,17893364.256921306,20337493.25954203,22273186.52302266,23963232.036709454,25871845.661067106
臺北市北投區大業路６５巷６０號,25.12312,121.496927,8098411.080733161,4590914.209932568,6159048.487517891,8564520.203750791,10794379.588225823,13592034.272621188
臺北市中山區中山北路一段６６號八樓,25.0486400048475,121.520780018308,27197294.147624966,20175030.08069335,24966586.192503497,28413780.859180696,30965929.035778694,34068651.07030762
臺北市北投區永興路二段３８號,25.14006201,121.502358,16100204.130872363,12970426.36065775,14549084.507301703,15553587.492307598,18846860.69987017,21760977.68670445
臺北市大安區信義路二段１９８巷４２號六樓之５,25.0302100018739,121.531410031734,13074288.790075513,9443002.326171366,11193864.751141861,14321638.696976459,16260737.289766913,17201322.43769913
臺北市士林區承德路四段１９５巷１２號二樓,25.088249987498,121.523050005326,54093120.654200196,41387192.55879529,47439915.53142526,54384095.21107679,62820087.186259024,67867444.03798038
臺北市北投區榮華一路８號九樓,25.1122799818927,121.524019959161,30384965.68158004,25130607.430939402,27776622.493198846,31469452.630082607,34202408.98415788,36790169.383446135
臺北市中山區新生北路二段６８巷８號十二樓,25.0566800101924,121.526850024949,26615166.732769754,21820402.57775082,24622120.012340933,26796338.43140778,29182358.63834207,31765653.135987855
臺北市北投區公館路２０９巷１６弄８號,25.127305,121.508814,13155089.683289409,10230177.59271387,11454294.947514014,13101250.539872825,15461833.954941073,17492030.642478738
臺北市松山區復興北路２３１巷１５號,25.05711801,121.545484,22654754.646996737,19777025.048455678,20849984.08695905,22550965.929416865,24307538.53492634,26837594.05128229
臺北市南港區重陽路２號三樓,25.0555399875415,121.596010030059,14993112.577378957,11165782.250166362,14683492.63512463,15726886.67033763,16742159.91815576,18338480.419489846
臺北市信義區虎林街１６４巷１號四樓,25.0387799949566,121.575979963679,21045759.258526452,17668665.464458667,19664195.833947923,21507953.565610204,22753633.11168668,25296391.160981655
臺北市大同區承德路二段１０９巷１號八樓之１,25.05663001214,121.519059967957,20904377.985827506,16785592.24852609,18008098.036542684,21030027.253607187,24081147.111727968,25652257.979218453
臺北市松山區復興北路１９１號九樓,25.055182,121.544327,70029343.2631968,53702681.17053112,61813696.459778644,68014605.37266563,84468879.02751741,91077321.12931296
臺北市信義區忠孝東路五段３７２巷２７弄３８號七樓,25.0395800057052,121.574849999312,24462538.1055788,20607640.585303873,23549288.097168904,25752172.264235318,27338407.185097862,28981455.84778689
臺北市萬華區青年路６２號七樓之３,25.024649992131,121.502279984533,13800673.820948785,7107321.411398616,10752338.104109341,15996157.744514305,18655583.152151644,20792096.49560999
臺北市士林區中山北路六段２３６巷９號,25.10826391,121.5261397,30899489.844089266,22471005.03542655,27876783.868739463,32345872.980398063,36591665.544749096,40540095.63184557
臺北市士林區華齡街１８５巷１號二樓之１,25.0879399828091,121.519219978489,18291091.218627866,14595613.507856486,16379203.002442664,18816326.541880965,20717657.202773895,22607732.65064456
臺北市內湖區康寧路三段７０巷１７５號五樓,25.06674399,121.60759,24683046.483620908,15922571.050081752,22364540.563878093,26579720.443734445,29821117.526140973,34130696.01487629
臺北市信義區中坡南路２０１巷８號,25.04150399,121.585783,41333686.50201672,29479270.393538594,36060649.26571163,42971383.865629435,50665476.00978751,55354248.17527793
臺北市內湖區成功路五段２２號六樓,25.0845300150498,121.601539990679,27547098.865186222,20330265.576946568,26787851.225975394,29271528.73725345,31111431.16339442,33500406.473131858
臺北市文山區光輝路３０巷３號三樓,24.9861900065961,121.553670019635,11511594.900898783,7138594.058516024,9951055.046338603,13108027.759580998,14300313.403897736,15135596.581000265
臺北市士林區德行東路３１號四樓,25.1077642,121.5286842,15051634.664459184,11770728.628511678,13249518.916828934,15642229.97957931,17246629.713295933,19799356.129857957
臺北市北投區翠嶺路１４號,25.1426699967788,121.506479988576,8327606.761017124,3422464.183797079,7135829.407005499,9654358.69375584,11856143.435513228,16789577.0322718
臺北市松山區八德路四段６４２號,25.04981498,121.57484,12899296.896053601,11140498.642845884,11689544.001080628,12677318.704224925,14305731.941545503,15457640.373035546
臺北市文山區木柵路四段３３巷９號,24.99418999,121.571,16106605.433256544,13176609.795621496,14733556.06590338,16758984.238867508,18172967.724962506,20162527.935820647
臺北市文山區興隆路二段３０１巷１８號五樓之１,25.0027300161322,121.554119960197,22182694.737638716,12169037.16095892,21112368.222986024,24070756.856678203,26614643.71788563,30617649.065857112
臺北市信義區松仁路２０２巷２弄１號,25.0275300140621,121.567790006086,25095892.790227115,19596359.664575085,21665230.415914252,24106642.937727265,28667220.722921014,33138383.62853311
臺北市士林區天母東路６９巷１１之９號八樓,25.1192199881744,121.533870036497,37396675.34441311,25232001.051373918,32470646.05890449,39259937.71309362,45117307.21472444,50434953.372419104
臺北市信義區信義路五段１５０巷３３０號二樓之２,25.02272014,121.5792499,10589880.406099787,8403773.58263726,9366712.685342528,10837527.544463681,12695226.88376156,14212303.28160325
臺北市北投區致遠一路一段７９號四樓,25.109005,121.515562,25715212.965981063,20423193.386780273,24025455.17667189,27111663.78696608,30039630.201836966,32318261.724914826
臺北市信義區和平東路三段３９１巷２０弄７２號,25.02144601,121.560605,19553058.413709093,15109897.870523507,17327493.375658125,20732274.329414107,22771518.59575465,24260424.69479558
臺北市大同區重慶北路一段２９號,25.05047602,121.513808,6374695.736125187,4133310.110827605,5766674.858284625,6683328.087700672,7720034.276321224,8495225.75418551
臺北市中山區民權東路二段１５２巷６號三樓,25.06153301,121.534991,28654340.74846601,22918360.558659393,25357400.32419904,29758400.211975347,32179762.83311397,35407299.15949699
臺北市文山區溪口街８１巷５號,24.99529699,121.538764,1643969.5693182359,725246.5463271705,1085765.6736492557,1991093.7470872828,2454109.6202866067,2813900.5696870107
臺北市內湖區環山路二段５０巷１０弄６號,25.08711202,121.573568,54449552.74568656,44700843.27476441,49836728.71782307,56392305.096873924,63299444.93671827,66857089.428941995
臺北市信義區松德路２００巷５９號三樓,25.03457002,121.57217,49220719.22709377,35115846.95348099,42887209.29487735,50762426.764507845,60832007.48564509,65560493.64471643
臺北市中山區南京東路二段１０８號十七樓之１７,25.0517999823446,121.53207002279,14154443.866526136,12095371.37290936,12933693.638705295,14376253.68992527,15529609.647668745,16343259.343570663
臺北市文山區萬美街一段８５號二樓,25.0017500040129,121.56645996569,11740777.991799174,7845900.564713376,10251791.925573623,12842607.740904495,14451016.440805601,15560597.068675127
臺北市中山區新生北路三段３巷５０號,25.06306618,121.5294821,6107084.398866461,4027241.587448423,5158103.50731036,6370026.429498337,7413405.974477805,8277920.85525738
臺北市南港區中坡北路９６號五樓,25.0481499987879,121.580379959932,20848979.019105777,15419112.749595527,18310034.959705867,21367985.366655372,23750684.04779328,26096384.063834667
臺北市大安區嘉興街３２３巷３號十四樓之２,25.02237431,121.5534248,42911917.877942115,32257793.59491493,37065167.10031135,44989170.38428822,51523486.94824068,55533302.707759134
臺北市中山區新生北路二段７４號,25.05713498,121.527173,6374003.030082855,4764236.086255156,5883396.192257523,6446906.981725082,7349275.424439741,8057793.204663279
臺北市內湖區康寧路三段５６巷４３號四樓,25.0701599964267,121.609259974961,15789656.48518744,12373104.847139603,14916344.941348946,16406745.608139671,17609197.63491753,19691059.260205943
臺北市士林區德行東路３５３巷１號二樓,25.11065,121.538322,18129199.33929444,14179761.316169783,16721122.635391898,18285344.590001944,19663218.221232317,23360775.040667683
臺北市南港區忠孝東路六段１３０號三樓之５,25.047930015739,121.58535000942,13214739.773911765,11256404.822611228,11808572.369439196,12914663.498005912,14899592.942484712,15946182.95040684
臺北市南港區研究院路三段３之１號,25.0356200174594,121.616999991991,21343852.4077564,16369330.156746022,19712476.94392639,22258647.90845703,24156859.155999266,26166424.578012973
臺北市信義區忠孝東路五段３７２巷２７弄２號二樓,25.0395699893309,121.574540036532,26038714.261607647,22753420.66616655,24683974.278453834,26296068.650830932,27956948.932838716,29682849.25189852
臺北市大安區復興南路二段１５１巷３０弄５號,25.0279582,121.5455296,23827230.268310778,19404980.962266453,22035521.476250943,24596852.22911691,26445839.09873753,29051806.653912626
臺北市萬華區西園路二段３７２巷１０１弄１９號四樓,25.02736699,121.490121,1980752.4855506746,1165422.9378780075,1431850.0982024402,2081447.4101712792,2653776.2880769037,3323224.603426608
臺北市大同區承德路三段１４３巷１７號,25.06776801,121.519282,11781292.832665684,8560946.093823947,10373510.987437531,12468309.98492698,13834083.97758642,15550360.011932518
臺北市文山區興德路２０巷２８號六樓,25.00104968,121.5561924,8585190.71984985,7041019.662068864,7713054.619233623,8729465.728867942,9943165.285340052,11371536.351222409
臺北市松山區興安街１５５號四樓,25.0562900002377,121.545400014867,25090595.32363929,19883903.93694861,22948510.92702576,26181156.03942957,28526623.914284833,31817928.85649023
臺北市中山區興安街７７號二樓之３,25.05640508,121.5432426,24873444.318581138,20526741.677325536,24281420.07992307,26304334.473811727,28308306.203741655,30342845.88415417
臺北市松山區南京東路五段２９１巷１９弄３１號五樓,25.0524999969883,121.567279967278,21984905.93578773,18411145.583636288,20525978.956380907,22725000.209894873,24669522.80188309,26321412.27516853
臺北市北投區東華街一段４３８巷９號二樓,25.112075,121.518152,14069716.335472316,10521781.523449605,12521299.186736528,14598181.889818247,16562646.026127242,18672103.31601249
臺北市文山區羅斯福路五段２３６巷３號,25.00137102,121.538599,24165109.504898738,17099488.8754057,21969236.199945424,25553916.422500074,29055707.180674728,31928767.04077997
臺北市松山區民生東路四段８０巷１弄６號三樓,25.05755399,121.553345,28611300.554895505,23490279.793477926,26121316.501184285,28396826.7342948,31604107.861408647,36195900.48567922
臺北市松山區延壽街３６６號,25.056362,121.558536,26190116.29945627,19533575.557903,25890487.30343379,28427218.814018864,30138060.183163997,32092077.009074893
臺北市士林區重慶北路四段８１號四樓之８,25.0816400186539,121.512199966941,9376368.190154986,6270707.893612825,7730149.285148758,9802823.23118858,11648927.876404893,13748574.627581494
臺北市中正區羅斯福路一段９巷１３號,25.033604,121.518407,30275819.217016827,21983397.769566234,26630633.70311264,31952272.105950892,35576325.380145445,38507649.2770675
臺北市大安區臥龍街１９５巷１號,25.018072,121.552555,15879021.060031936,13860367.632611834,15373487.599210307,16231487.59064429,17016200.153334696,18215220.720875937
臺北市中正區羅斯福路二段１４０號十一樓之２,25.0258900108868,121.523050005326,40648510.323830806,28948396.695587635,35187162.458882,42621909.09546977,48326607.6307109,53632913.521472186
臺北市內湖區文德路２０７巷５弄６號,25.0789799797717,121.587060001486,17544370.505103827,11909627.892549861,14886901.690222096,18343265.233162902,20769211.08508218,24991658.844300643
臺北市士林區福港街３７巷６號,25.0906500197438,121.518520005754,10950264.874537736,7269595.630197239,8808957.31433468,11558303.175305832,13367285.279840088,15048590.903980996
臺北市內湖區陽光街１６１巷１２之３９號四樓,25.0745200110015,121.585129984461,12478061.419953845,11055971.106395714,11537777.61284647,12376606.6848618,13481718.337292178,15121704.87188622
臺北市文山區政大二街２１５巷１２號八樓,24.9888600199431,121.587550007546,20038629.57208619,14729492.68159018,19406399.090441976,21149179.824034624,22451852.971246965,24155983.086528704
臺北市大安區信義路四段２６５巷２１弄２３號二樓,25.0339500070708,121.555589978376,57169298.425475605,49432462.8844593,52736106.03882487,56677842.60696179,63414716.922447786,70387688.42206764
臺北市中正區青島東路４號二樓之２,25.0438800058532,121.521479991042,29399375.2098815,20361292.490576178,25623246.445729055,29783487.750169054,35214143.27650299,38638056.68518953
臺北市中正區寧波西街４２號七樓之１,25.03087498,121.517978,34345373.70994866,25634871.10627736,32584598.554090634,36053074.7789713,38613995.10413545,41424044.63184355
臺北市中正區延平南路２４８巷４號五樓,25.0333199813186,121.507090023489,44563052.571935296,30312879.771020092,39053207.05899544,46838577.386466704,55401835.47927288,62725076.22807314
臺北市中正區廈門街８１巷２２弄２號,25.0241599860714,121.519570006765,21453997.867593247,17264938.201497715,19286695.992854647,21370913.02364088,23912166.288471147,27447681.67698577
臺北市文山區興隆路三段２５５巷３５號,24.9923499929683,121.560140010696,25029410.665352773,19034456.665771518,21861200.41048219,25652043.289640974,28801221.119896475,31308866.237572763
臺北市中山區新生北路三段１２號十一樓之１,25.06331999,121.527367,18409812.856047805,15907347.266748635,16909431.86366499,17932284.226401664,19653128.243696015,23487658.091876507
臺北市士林區德行東路１９０巷３１弄１３號,25.10764412,121.5322501,17315217.94392351,11486875.89587594,15666010.129687296,18031808.75388009,19976701.287653368,21976053.63381763
臺北市南港區重陽路１２５巷３６弄１６號七樓,25.0574000156752,121.59686003886,49690400.10133002,39917132.35008096,45422756.263021044,50233204.82790628,55075450.20431218,62030923.42648722
臺北市內湖區民權東路六段２９６巷６０號二樓,25.07081102,121.608313,22845873.539297745,18610524.05191843,20688937.60930933,22849300.29367487,26023970.858842764,29395946.670125723
臺北市大安區信義路二段６６號,25.03433208,121.5261752,41704503.32907131,34616425.23817673,38152297.126356855,40495576.97341089,44691783.823886454,53960384.01884783
臺北市文山區汀州路四段２８９號九樓,25.00148295,121.5355503,36468123.67296217,27016566.578560024,30781851.007039115,35122563.98205379,41241493.54539863,57624800.24669406
臺北市北投區公路２０９巷２５之１號四樓,25.1323027,121.5026806,18300723.262399442,13536587.09327194,16783546.303717315,19634310.96680938,21291098.596167553,22417040.523810647
臺北市萬華區東園街６６巷５３弄２７號五樓,25.025723,121.495124,9848626.027015798,7775561.048990462,9641101.241240516,10347781.532888804,11150374.399824725,12434288.053688668
臺北市士林區天玉街１０號三樓,25.1236558301448,121.531498430005,21271240.59862308,16664107.403359596,19156408.265394535,21584818.56155872,24451892.748369757,26378469.279312912
臺北市信義區忠孝東路五段７９０巷７０弄１號三樓,25.04025102,121.583542,16570330.754488425,14379348.863238286,15289523.585203242,16432573.199298758,18059218.748264473,20857008.212170213
臺北市大同區蘭州街３０號,25.0623799977183,121.514399965068,15938521.698797766,11995232.09080611,14459469.102605252,16567844.670614984,18253536.96999509,20514526.272162065
臺北市北投區中山路２８之１５號,25.1374,121.510205,3737748.7032130184,2927965.646580552,3108558.2663625395,3381071.174614349,4660399.510255547,5764813.331815714
臺北市大安區和平東路三段３０８巷１６號三樓,25.0201000017208,121.555919973904,39700191.45869815,33226492.7612411,36133176.95755581,39154872.82897743,42692984.220807955,48921575.68615746
臺北市北投區珠海路１２６號,25.14219801,121.506743,9835475.494776437,7066605.598645998,8391245.553049158,10152339.146482445,11998938.95710976,13625553.329285998
臺北市北投區大屯路２１巷１０號二樓,25.1433799858873,121.500190040795,10502337.15968255,8224811.557662099,9546074.38920892,10708584.955072723,11718778.147357635,13376327.108327784
臺北市松山區富錦街５６２巷９號三樓,25.06214899,121.567403,18450464.416352168,15621303.552400634,17393635.791511346,18722056.622739494,20313522.09487593,23718873.88821629
臺北市內湖區內湖路二段１０３巷１０３號,25.083772,121.581131,28762693.982037194,23299432.543696344,26243652.53932042,29167543.22967823,31703443.039865855,35248676.61889707
臺北市中山區中山北路二段１１５巷３８號二樓,25.0607800181307,121.525010029564,16588592.292791173,12155718.225220151,15464563.995468304,17272724.256097738,19160323.019375835,21271796.375104822
臺北市北投區光明路６８號十六樓之３,25.1327700052097,121.50021996419,22418259.903766416,16193166.585577969,20184942.416784342,23154542.887548175,26485862.044352125,29231171.65579685
臺北市信義區松信路８３號八樓,25.0460300059272,121.572259991231,22468068.698881373,19022190.58286088,20668341.069422763,22994749.09970132,24844603.470025215,26885609.22695697
臺北市中山區中山北路二段１６８之３號,25.06339098,121.522246,20672237.50544253,16933370.308890123,18660748.799739003,20555930.505742047,22532724.698573302,25378716.754184954
臺北市北投區大業路５５６號,25.13528701,121.496933,9354111.880561179,6964511.588255608,8705510.159409106,9647239.429302014,10505751.42670322,11698810.238294933
臺北市北投區崗山路８巷１６號六樓,25.140952,121.486647,21586618.874247,15368637.144812983,19889301.56284728,22105671.729107928,24529838.110481612,27631365.84471602
臺北市文山區萬隆街６０號三樓,25.0008100154814,121.537160017312,21682365.65344055,15948796.641877232,20082817.239018906,22819760.263466127,24652014.170435835,26142520.820492417
臺北市松山區健康路１６８之１號八樓,25.05359099,121.558344,29350601.995687347,23262096.03147876,28609382.447595358,31365791.636705883,33494391.349204775,34930364.45135595
臺北市中山區撫順街４１巷３號,25.06421199,121.519352,12682915.903289199,10075131.678671567,11427715.376372317,12810575.972585045,14220675.490845188,16084629.044938732
臺北市中山區中山北路二段６５巷２弄１７號三樓,25.0567300082449,121.524569979647,15562728.887174087,10894268.892243803,14723698.90591297,16792650.097420152,19169739.860968195,20968462.40365431
臺北市士林區忠誠路一段１７１巷６號六樓,25.1071699965313,121.530679967967,25542834.607305046,18789777.510027196,22405993.209866084,25870891.796591606,31097784.86676562,34026371.99009739
臺北市大安區和平東路三段２９８號,25.020595,121.556248,13172698.206935674,10427431.97832234,11944959.768093802,13118622.836370723,14589664.22243571,17081522.57755858
臺北市大安區延吉街７０巷２弄１６之１號,25.04310799,121.553725,20752285.840949442,12326559.958717031,19200768.976723514,22127695.068788372,25700411.022510886,29993843.147907346
臺北市文山區新光路一段３２巷４弄３號,24.98943401,121.573129,10309962.69947484,7411979.477507781,9207546.962853493,10313899.187884584,11766267.15385804,14537997.255200703
臺北市北投區永興路二段４７號四樓,25.14032,121.50252,17540431.66897967,13388791.207715916,14808135.498778265,17239564.387389865,21243471.610987395,25312661.760676213
臺北市士林區天母東路８巷３０弄１５號三樓,25.11680389,121.5311831,18869273.279833592,16336561.231399916,17571298.578584626,18775014.135566212,20592930.675974447,22019867.26500866
臺北市信義區吳興街６００巷１００弄１８號,25.01756502,121.572149,12257734.549349826,10289349.487430533,11321192.501009166,12275918.04171587,13677864.309926886,15518782.091741014
臺北市中正區中華路二段８１巷４３號三樓,25.03328201,121.506376,14116575.552771388,10691309.1354849,11555297.134695072,13205694.005404776,17682258.4420905,21068608.023645643
臺北市文山區興隆路三段３０４巷３２之１８號五樓,24.99597701,121.555263,17313713.50257779,13422513.05168381,15105870.883546071,17459331.793341074,20069126.422709387,23578499.54193463
臺北市士林區通河街２１號六樓,25.08006502,121.523313,26241550.74610611,23469881.989260577,24855338.68185251,26557380.934586845,28557182.32424508,29963548.190626945
臺北市內湖區民權東路六段４７巷１０弄７號五樓,25.069737,121.587174,13196185.357242031,9704117.37436144,12009648.974822339,13305052.913700707,14704407.903781394,18239149.70168796
臺北市中山區林森北路４１３號,25.05976199,121.525709,12268241.672521368,10469368.568881031,11566464.400770284,12452254.36617244,13298355.329118973,14273376.92559107
臺北市北投區吉利街２５９巷２號四樓,25.118199994377,121.511179973144,17147844.78232247,13383129.687034573,15614446.456486303,17662895.66725603,19150682.101049207,20789505.71499375
臺北市信義區永吉路３５４號十三樓之５,25.0450199865946,121.576610031341,31616011.856111284,28843918.238252483,30117346.322928503,31430430.93520615,32846993.549380653,34316939.73220828
臺北市大安區新生南路一段１０３巷１２之１號二樓,25.04045499,121.533952,7900299.58054954,5992034.419478723,6897280.255154751,7828000.695270339,9066421.830843415,10759294.34003554
臺北市大安區復興南路二段１５１巷３０弄１號,25.02800141,121.5455334,27139464.947340377,24611058.96619615,25867778.34069622,27619054.58940428,28886309.733723715,30216924.864244577
臺北市士林區中正路４２６號七樓,25.093189987863,121.519310000129,30824592.181733165,24147402.621078283,28878019.366325688,31559442.568918314,33776770.14847123,37333768.14568061
臺北市北投區中央北路四段３９８號,25.12963601,121.470974,10768146.712963289,8217224.735829927,9960946.601966903,11081168.076886762,12035735.99884886,13020543.307230847
臺北市中山區中山北路二段７７巷１２號九樓之１,25.05738602,121.524161,14615687.80481865,12289448.045077918,13827831.505395668,15046523.652925018,15937516.40221867,16812369.521075476
臺北市中正區汀州路二段８５號十八樓之３,25.02549099,121.51766,40157870.93925007,33745827.109578595,36492905.88213554,39166855.6644391,43315751.54575294,50817988.8706688
臺北市大同區酒泉街１８９號,25.072225,121.512175,12618497.38836542,7536302.31557649,11603872.737138039,13659292.219825549,15476909.665409109,16922725.696373627
臺北市內湖區文德路２２巷３２號,25.07695298,121.580094,18355952.17105334,16316200.334106931,17322284.428097527,18499650.913677398,20036849.102585007,21735148.998572163
臺北市北投區稻香路１６１巷１６弄２之３號,25.14190094,121.4880264,19532334.00001058,15311055.795108337,17611469.797091,20196458.9917843,21847745.862500377,23512002.844715826
臺北市大安區敦化南路二段１８２號十三樓之１,25.0235600094421,121.548309960192,45904682.622093245,32613096.337532353,43226503.77058922,48443206.18319379,51932032.66307009,55358209.997820094
臺北市士林區文林路６５３號,25.10035199,121.522789,15468952.189861497,12227937.972039256,14956642.971252589,16248412.92053093,17188571.36368301,19346879.33507491
臺北市大安區和平東路三段４１２號六樓之５,25.01809501,121.558444,15529811.869905356,12195329.209945114,13220185.505069487,15299415.071412165,18049155.595774904,21708250.851069894
臺北市北投區中山路４７號十樓之１２,25.1387600065855,121.511790008057,3128651.5654858216,2658548.6934885685,2946696.131789932,3155428.297270757,3353932.0558151607,3516626.1510654483
臺北市萬華區中華路一段１８６號十二樓之２,25.03897131,121.5066552,35903775.326076105,30276512.850548245,32502754.111299433,34628536.823669985,39791676.260223985,44554929.64189073
臺北市萬華區青年路１７６號,25.02076301,121.50286,5412488.784974776,4773357.9560345085,5121717.451501384,5415642.2081063315,5809658.488876933,6468433.03400917
臺北市松山區八德路四段３０２號三樓,25.049019998428,121.567200003922,16007858.840395985,12929650.532034827,14681219.18042194,16239420.542596744,17647971.448397625,20092240.992925107
臺北市文山區樟新街１５巷６號,24.97910801,121.555545,24957351.300321445,19046196.558470815,22359344.343193624,25720028.736115135,28431580.87742693,31475526.38006041
臺北市南港區福德街３３９巷７弄１６號二樓,25.038309979736,121.59018997177,7555275.509962016,4555978.829352807,6540822.628080671,8217926.318831247,9294418.794159273,10368312.091038384
臺北市松山區八德路四段２４５巷３２弄３９號,25.0498000183375,121.563420017047,30097660.53883036,24999491.636242647,27778930.293579563,30259135.37009936,32889022.49995864,37646618.793099016
臺北市內湖區康寧路三段７５巷２１７之１號三樓,25.0764400116524,121.61431996227,14085964.020026715,10948606.104707597,13116187.193338335,14510725.335956426,15674696.567035701,17122312.204045493
臺北市松山區民生東路五段２２０號,25.05888399,121.565311,30567034.698756006,24734948.485319637,28739767.115842074,31611654.033312205,33925031.54536841,35869590.24213229
臺北市文山區興隆路一段７０巷１之１號五樓,25.003309,121.540694,16233411.378900936,12842148.07272056,14605451.32410194,16117810.752348341,18520306.892661337,21170980.2989984
臺北市松山區南京東路五段２３９號十三樓之１２,25.05161642,121.5649724,15404843.085478246,13475732.059968017,14401240.498498596,15352161.341439543,16175182.288147636,17928776.206068374
臺北市士林區天母東路８巷３１弄２號四樓,25.1167899906248,121.531910012258,20309719.05836667,16315163.826141492,19431378.469667673,20873952.463105664,22187796.011888687,24088892.837194744
臺北市士林區至善路三段１８１巷５弄３０號,25.12033298,121.575374,7800720.463943951,2654030.2867610524,5128196.208605774,9491837.546157395,12983673.582771987,17404432.40886949
臺北市中山區農安街６號,25.06485798,121.523225,16285959.512148585,13022003.977812428,14852118.098919548,16789661.298071064,17751473.208242856,18848679.960631505
臺北市大安區忠孝東路四段２３３號,25.04165511,121.5536086,13647980.646731934,9711893.996127984,12158252.673524,14217350.971732229,15915109.757061107,17884959.322303556
臺北市文山區景後街９５號九樓之２,24.9919146,121.5430366,6586523.659499524,3351196.4696781626,4890031.738863059,7620497.64618565,9287007.94206426,10478622.084474742
臺北市士林區中山北路六段２３６巷７號四樓之１,25.1084399805909,121.526179975609,33110648.348808218,26056004.81013422,30219979.717126258,34214424.18393956,37416331.46425936,40629236.64980392
臺北市信義區大道路４２巷２４號四樓,25.0414192,121.5810644,26494609.198204383,21966026.300145283,24044439.200266153,26647274.795451332,30287229.58992773,32355563.78960949
臺北市士林區中山北路七段１１４巷４１弄１７號三樓,25.12471801,121.534881,30361958.204348676,20290319.31509196,25514949.079505734,29202509.221584283,37070106.619938515,47268041.02131351
臺北市中正區仁愛路一段２３巷８號三樓之１,25.0398100051283,121.523270030284,25544768.84626108,20679025.46117109,22314272.11522757,25236995.493669536,28492926.02264879,32769773.819710262
臺北市中山區林森北路４０９號八樓之４,25.05960299,121.525702,11604005.366865072,9293432.892631525,10607692.832829665,11801801.613059152,12817110.426122695,14641635.69042331
臺北市中正區重慶南路三段８１號六樓,25.02549501,121.516639,22794895.006714705,17156807.98188187,21100708.950989537,23475848.336833254,26047716.438882,30275574.53708756
臺北市松山區敦化北路１４５巷２３弄５號三樓之２,25.0530299847261,121.550350031606,33169678.647182908,27638306.95424316,29411168.93930559,32500483.394804414,36926744.29302368,42261264.552209534
臺北市大安區羅斯福路三段２８３巷１９弄１４號,25.019639,121.531018,22068221.920631535,17634195.627990693,20623822.08006892,22598704.78078367,24319038.4737007,26240485.496578522
臺北市大安區信義路三段１０５號十四樓之８,25.03370002,121.53888,19372145.586919326,15712491.26030134,17609507.25328525,20078790.11161198,21653758.623098776,23487860.21202793
臺北市南港區經貿二路２５５巷５８號二樓之１,25.0625999807672,121.615009960539,22670520.850429006,17506263.139167994,20501807.579625383,23144719.327465497,25937590.475255836,27863716.35322342
臺北市內湖區成功路五段８３號,25.07384502,121.6053,34813877.913949445,29877574.6804022,33408092.543719947,36629332.90076178,38781482.359290235,40400914.15926567
臺北市萬華區環河南路二段３１號,25.03899801,121.497603,19265077.713592503,14826271.265833678,18125945.12546969,20242589.731164306,21880030.769337326,22986178.578125592
臺北市信義區信義路五段１５０巷３３０號,25.02272014,121.5792499,13425801.116663527,11167495.113949778,12131609.620612413,13573025.463825755,14999010.807799207,16123053.865464628
臺北市松山區南京東路五段２５０巷３６弄３７之１號,25.04987998,121.568028,15527733.663382009,11890855.13869492,13834395.281843169,15654110.7944881,17298662.010202195,22167810.09795697
臺北市松山區南京東路四段１３３巷７弄３２號,25.05276399,121.556359,3985694.3027089285,2179990.76353498,2595913.534507399,4130455.535343111,5899534.72379192,8108168.841797693
臺北市信義區松隆路７３巷５號四樓,25.04506102,121.569117,16387200.985802878,11731708.151064223,14242374.386311578,16305336.22010626,19421172.430786446,24399867.276810803
臺北市信義區和平東路三段１７９號,25.02397198,121.5534796,11722063.56152563,9006408.912828196,11099461.149796268,12360552.721127903,13399983.679914134,14285132.290293384
臺北市士林區福港街２５９巷３０號四樓,25.08399399,121.51917,16882077.977807827,14942259.059572946,16154299.173112107,17014843.557063207,18114231.460504856,19521235.398089107
臺北市文山區興隆路三段３００號七樓,24.993142,121.558781,12076310.489142442,9312472.781095484,11278658.684857614,12414864.16959838,13755135.173585149,15315606.86804215
臺北市文山區仙岩路２２巷３１號二十樓之１,24.9984000087708,121.549990028865,24542136.394195937,20072555.340118688,22449594.54724914,24358875.408964157,28025832.994932447,32913266.358207665
臺北市北投區天母北路１０５巷１５弄１號八樓之２,25.124068,121.527441,7660956.787858738,4800388.162634472,6741531.681822954,8159397.203983126,9707649.284886986,10611643.86676586
臺北市內湖區民權東路六段４１５號三樓之１,25.07067548,121.6035432,37050480.90049456,30748890.59114984,33333434.892978195,36931958.495324604,39404709.138245456,45524949.1111393
臺北市松山區復興北路３１３巷８號三樓,25.05885302,121.545093,71354219.96086214,53780923.66910127,62880458.50863496,69823913.0053574,85149141.85313545,91689339.64183623
臺北市中正區羅斯福路三段３１６巷３號五樓之３,25.015728,121.532324,15503713.241687596,12391762.622145647,13374140.679899182,15649273.678926883,17693774.89876479,20026744.68725525
臺北市文山區木柵路二段１０９巷２５弄６９號二樓,24.990260007321,121.561840028298,12609795.765697865,9548239.840621859,11544574.770165501,13256943.974031001,14519831.945937036,15910491.071994387
臺北市萬華區大理街３０號四樓之２,25.0345700164487,121.501629967942,17907709.638396718,14231704.645723874,16250560.102104088,18241536.531603474,20245886.623774983,21769500.78204835
臺北市信義區基隆路二段１７７號三樓,25.02507688,121.5537788,40421723.50096284,33710845.212765805,36538657.253506646,39862766.61655574,45547401.60652658,49923791.45522021
臺北市松山區健康路３２５巷２５弄２號十二樓,25.0564800179827,121.565690004065,42552357.170055956,37164278.6239983,39141840.747586,41263288.661927685,46960108.90501897,52189077.94693245
臺北市南港區經貿二路１５７巷３６弄１０８號五樓,25.06248699,121.614033,84629841.52778104,61017700.90712035,70368597.91404976,79991555.11229666,106490496.40708101,133096312.15984483
臺北市信義區忠孝東路五段３１巷１８弄２９號,25.04171299,121.566655,22123008.956590362,18016089.334275972,20208871.419858225,22419266.744633116,24332220.379740573,28046994.71237089
臺北市中山區中山北路二段５９巷４４弄３號四樓之４,25.0555099803282,121.524090031872,6577095.92649697,5261932.897996262,5835563.198501833,6389484.459065011,7717172.061044347,8512644.007467736
臺北市中正區忠孝東路一段４９巷２９號,25.04488288,121.5261548,26623570.4812763,21059545.775643587,23596039.822735645,26543217.955666266,29898371.828902535,35803144.60624011
臺北市士林區明溪街３５巷１號,25.10571498,121.565076,11716000.109999768,6428119.465406277,9047960.902661663,13436107.999857478,15552791.450761372,17587881.20723938
臺北市北投區致遠一路二段４５巷２號四樓,25.11184002,121.513474,15572615.733620293,10879740.689707793,14556338.376145119,16668262.560598234,17918635.646952912,19261554.663614377
臺北市信義區嘉興街３０８巷７號,25.0235999911202,121.554560010114,11449829.678479936,8570258.303841308,10440207.90199608,11645796.645535266,13165079.679473646,14685349.16529592
臺北市中山區敬業三路１６２巷７６號,25.07798002,121.558388,31193538.07178941,28423994.202407718,30149534.102919582,31669191.80422117,32968462.221839275,34664452.56663475
臺北市內湖區港墘路５４號二樓,25.0817199820102,121.5780799657,17783001.148209773,15206054.118196469,16856675.065835316,17882901.18330157,19376185.82842265,21528789.89483854
臺北市士林區天母西路５０巷２５號,25.11755676,121.5248504,54639861.08886758,40942406.12121032,49854944.78257714,58459535.30070848,64417811.043556586,68573146.74675648
臺北市士林區中山北路六段２３６巷９號十四樓,25.10826391,121.5261397,32253457.931712028,24899493.872772947,29513596.583978415,33675971.27867249,36996569.695487976,40247201.46827468
臺北市松山區民族東路６８５號二樓,25.0636100000998,121.548120026266,32715480.30197726,26328210.99713213,29811699.242088705,33185463.56147257,36768746.82924458,40017308.24661357
臺北市文山區政大二街１０９號,24.98815502,121.583746,33172747.714707907,18755228.18237048,29691680.29362226,36225356.437464155,44858286.9354046,51599135.77356181
臺北市南港區忠孝東路六段７０巷２１弄２６號,25.046187,121.585361,20906466.000391223,17652383.562798195,18958909.355576396,21303227.14195924,23351898.182092734,24894753.255166586
臺北市大安區忠孝東路四段１１２號九樓,25.0413500121987,121.546840025832,32924392.743528772,23950570.306693602,31012309.52044942,34286182.28651787,38241551.47532297,40570378.57673089
臺北市內湖區民權東路六段１７９號,25.06804528,121.5969533,20065688.01505404,16562356.112266095,18555283.877131354,20487193.274960276,21864122.186705247,23205066.675057646
臺北市文山區汀州路四段２５５號四樓,25.00177469,121.5362812,13263083.43853241,9446562.957491819,10641148.40774543,13192544.856211321,16001308.49788254,20169262.562173728
臺北市大同區赤峰街４７巷２３號二樓,25.05531598,121.520294,16140053.403859852,10099156.97973416,13573668.698165253,17096675.70958879,19939938.561353177,22190643.872987125
臺北市中山區吉林路３４３巷３６號四樓,25.06421702,121.531999,25135340.470659547,19038726.282237135,22312081.86981964,25303841.882810775,29864600.46624923,33164869.38601878
臺北市中山區龍江路４１２巷６０號三樓,25.0675499975064,121.538549988316,17501628.2748547,12812630.206362076,16016112.00006975,17963758.55586281,19709726.495192755,22900128.906331725
臺北市中山區林森北路１１９巷１９號,25.05064802,121.525883,3175943.2023794698,1903786.713030913,2493676.1038329997,3014588.4230184737,4318589.055490215,5020726.419371339
臺北市松山區長春路５００號五樓,25.0543599832125,121.54746003521,38497624.14168158,33399496.93411982,36047707.59879143,38473440.60614575,41624096.47980788,45810545.354484476
臺北市萬華區環河南路二段２３號二十二樓,25.0335099990636,121.492490005443,19570428.00893933,16113032.553287573,18828898.980141386,20518581.58509377,21851421.78380902,22814267.424982622
臺北市萬華區萬大路１２０號,25.02970499,121.500382,11057876.010042388,6884295.210811208,9973844.29989756,11436099.32374049,13860547.582534384,16921799.075470507
臺北市萬華區貴陽街二段９６巷１０號四樓,25.0393599807468,121.503169975012,12439080.148427382,8388249.577187537,10838202.660946988,12855136.573338334,14870175.808739094,17234055.874520425
臺北市大安區泰順街４０巷２１之１號,25.024385,121.530053,22953844.646907855,18633446.08253867,20763072.397884846,23079838.063163795,25951914.36314486,29186649.245931573
臺北市松山區南京東路五段２５０巷２弄１６之１號,25.0506100035508,121.56694997175,23480664.823915944,19332184.596207663,21011667.202043988,22704653.579195224,25104570.282674424,27925342.502655037
臺北市大同區太原路１７號,25.050185,121.51525,41109306.063694514,30525361.18149238,35688320.63822781,40716332.68577408,48998712.738312766,57767711.46162443
臺北市大同區民權西路１６０巷２６弄１號七樓之１,25.0615778708301,121.51570877816,49693205.338247925,38805898.220513776,43684838.69320893,49623901.00248698,56523256.25020769,63206463.90305412
臺北市松山區南京東路五段４１５號,25.05146124,121.5701055,18478406.45606129,15474824.099094415,16576632.05799352,17929603.65603626,20416603.129822932,23881543.42154885
臺北市信義區吳興街１１８巷３５弄１６號,25.0288900197618,121.560010007378,38709492.8284982,31995437.352841113,34792248.35903482,38031497.41136246,43629769.7025829,48584536.963100925
臺北市中山區南京東路二段１０８號九樓之１７,25.051839,121.532169,15553180.506339755,13054918.614082493,14378385.198610948,15621901.419872392,17071462.11105165,18677830.85428495
臺北市大安區浦城街２４巷５號五樓,25.02319301,121.526421,49926868.9528932,35278759.35446644,46196430.90825737,53960526.32604336,59978723.902299196,64533517.77157492
臺北市南港區重陽路４１號,25.05548999,121.59597,24087671.069671467,21074531.388598975,22646397.512607995,24378994.429731503,26200872.270495754,27930661.130119562
臺北市信義區林口街３８巷９號,25.038184,121.579911,17087556.455272973,14776501.924087184,15578804.903592383,16653629.13702481,18064866.7655764,21968646.71831578
臺北市北投區榮華一路１４之１號,25.11164799,121.523472,30973629.264496222,25413556.963247553,28394535.963299192,31318706.807659995,34338132.01432206,38215729.2430017
臺北市松山區敦化北路３４５號,25.06003998,121.550552,5510995.90117871,3645076.9093815293,4657082.872781581,5905049.95382076,6436361.550070055,7513930.059171545
臺北市信義區莊敬路２５４號四樓,25.029182,121.562381,35703918.53921191,29581957.060770284,32246082.5651774,35608315.84933873,39024142.90784644,45706877.34666005
臺北市士林區天母東路１０５巷９弄８號三樓,25.11910422,121.5361452,25000019.867457226,17641771.028531905,22973584.364371806,26292481.747381955,28988563.060763936,32192619.04884098
臺北市大同區南京西路３６０之２號,25.053716,121.511042,5977383.062336974,4655099.151822678,5666836.88869652,6217757.360232825,6557429.510739529,7158021.754535549
臺北市士林區社子街１１５巷２０弄１３號,25.08808818,121.5064965,8991613.742941659,5913210.579596885,8297237.118074445,9412560.811281798,10578170.711394073,11684401.27727976
臺北市松山區撫遠街２１１巷１號二樓,25.060158,121.567778,17206411.076830164,15501832.2017383,16381533.29344532,17250205.50998731,18499154.519187894,20528751.627756014
臺北市萬華區寶興街５７號二樓,25.026660014422,121.494069994192,4546224.243545542,3150185.119782266,3567842.822814622,4810840.111381482,5739193.601150911,6237549.970163897
臺北市文山區指南路三段７１號,24.98306758,121.5801686,11451248.179099655,9304581.794362893,10988802.268310886,11931243.299222726,12759795.40335902,13636802.351733848
臺北市士林區忠誠路一段１７１巷１２弄１號,25.106402,121.531177,43901525.021701455,34011094.1720105,40351305.4559181,45518541.77416237,50403557.73272468,53663491.88409365
臺北市北投區長壽路２９巷８弄４號,25.1426300151007,121.503359992757,24752448.14462597,15352775.353651477,20217843.37205223,25811612.70208934,31853543.123125263,37954194.136851884
臺北市士林區通河街３２５巷３０號,25.0817299983845,121.518069981373,4595998.693273836,3557727.442001256,4079187.461870836,4658445.427903554,5174813.134501357,5824989.810748525
臺北市大安區安和路二段１７７號,25.02772502,121.55006,47936636.38439922,37629427.93845955,45228106.145783275,49467601.36926657,54493860.56203221,59076429.81844443
臺北市文山區興隆路二段１０號七樓,24.9999986464029,121.556568579963,41937710.26849676,13322523.708623596,38968889.883012265,50920636.695309035,62533859.38134636,71799911.34962077
臺北市北投區自強街１８０巷４號,25.11089701,121.517355,11777149.796245731,9082102.648471005,10466429.155126732,11956877.817735769,13496607.917091105,16596062.594107283
臺北市士林區美崙街１１２號五樓,25.0970900035915,121.519709984548,23177920.42460594,17760970.03616367,20981548.634820197,24565857.517215826,27354714.353099443,30072667.248278387
臺北市大同區太原路２２巷１０號四樓,25.04988199,121.51436,14633398.623420918,9385395.763077842,13117626.092451345,15888604.462673685,18265473.740721036,20678387.016977865
臺北市文山區政大二街２１５巷２號,24.98873601,121.58729,20527589.54528696,15468229.503042314,19629894.257549584,21442204.96506398,23170091.79449914,25064094.610012792
臺北市中山區長安東路一段６５巷２０號,25.04910499,121.527524,24560043.40158409,19486821.20550433,22067115.799686126,24983943.62646972,29005892.12187048,32084154.18564257
臺北市大安區忠孝東路三段２５１巷４弄６之２號,25.0422900007303,121.541330014142,23449231.119694058,18832384.332648944,20420781.177025825,23096773.193814754,27370402.812360913,30818084.342298366
臺北市北投區中和街５０２巷５弄２８號,25.1462999894965,121.493570013667,9635351.69344875,6468588.406288106,8373322.0280100955,10426708.881470196,12284590.617439546,15000316.581855316
臺北市北投區大度路三段３０１巷１４號三樓,25.1194199803841,121.465530032974,12109764.21157537,9341108.35771503,11026689.944925893,12129385.196572818,13996502.782834316,15535093.73952576
臺北市文山區汀州路四段２２９號四樓,25.0020058422152,121.536413955969,35092164.524354674,30301487.84975497,32809345.705182,35576664.60135106,38185945.71715556,40208609.5746765
臺北市大安區和平東路三段４１２號十三樓,25.0180899794298,121.558579970877,18359146.724839278,14140197.392163549,16438555.789899709,18147430.325298842,21059775.0594837,24099087.118097097
臺北市大安區復興南路一段２００號八樓,25.03968801,121.543496,41753518.17084733,34760849.38985749,37581940.43743205,40980704.61677488,46809544.06312489,50794974.117684156
臺北市南港區研究院路三段７號二樓,25.03557002,121.61736,20696212.18031146,13877539.814573992,19093490.85463467,22444645.069781594,24838805.967965335,27646301.48001356
臺北市信義區吳興街２８４巷２４弄６６號五樓,25.02310701,121.561532,9175194.258456761,6525379.220275974,8191636.165116763,9607586.824620051,10890082.739608658,12542862.140676834
臺北市士林區基河路１２８號五樓之７,25.0886700046662,121.523129968682,5682556.280503457,3598986.926096963,5157544.069548651,6029890.699135266,6773386.071400898,7862852.1482740175
臺北市士林區中山北路七段１１４巷６０弄３號,25.12271499,121.535597,19051971.731491826,14681842.324363496,17572645.082844023,19397793.927114233,21614345.685513277,24414510.008805543
臺北市中山區錦州街４２６巷１弄５號,25.059922,121.542656,10965746.694293043,6810027.336443896,9019632.24902336,11743459.13388738,13841174.565622002,15969590.878994435
臺北市信義區松隆路２１５巷２號五樓,25.04856302,121.576574,23752743.050001293,18416313.97954678,21128334.007710632,23340599.285691477,25871423.551357336,33184549.643128593
臺北市文山區景華街１３巷２號,24.995379,121.54199,26326770.660336643,18963332.152110018,23391436.14857139,27422629.533214614,31420368.891191475,34196547.691965915
臺北市大安區仁愛路三段１２３巷３弄８號,25.03856299,121.542411,41647401.09815709,34277844.461862735,36750798.67212809,42665066.927747466,47241451.62886883,50937297.59888894
臺北市大安區辛亥路二段１７１巷６弄１０號十九樓,25.02198702,121.540709,49479937.29643549,26997359.46734593,36832730.110451184,53420906.69542536,68276583.63932228,79843736.86122704
臺北市文山區光輝路１３０之１號五樓,24.9851599964244,121.557979994248,14224329.513470558,11296041.84033863,13244312.65507314,14324473.544288302,15469574.395375174,17459110.627829395
臺北市信義區福德街２２０號,25.03846299,121.5845,15486096.873594,13277462.220091281,14573638.312512271,15670273.108879734,16645977.148320675,17859894.368642263
臺北市松山區民權東路三段１６６號八樓,25.06160702,121.548505,12173306.355316367,8827940.523765877,10502608.433363939,12084883.631339785,14690397.332621504,17039218.533002865
臺北市中山區長春路４１０號十一樓之５,25.05441602,121.54375,9682444.838722756,8370195.6413032515,9416727.929638408,10107110.36835698,10548442.166375471,10898065.211564649
臺北市文山區政大一街２６３號五樓,24.9869100120789,121.585010039427,20607916.15572373,15655349.615214767,20099202.939637646,21413654.159315467,22852217.965846147,25540127.65646678
臺北市信義區基隆路二段１４９號四樓之２,25.02688301,121.555634,29953659.58357342,24260537.02728268,27177724.201046698,29868191.994454697,33439807.201917786,37313683.92621114
臺北市信義區大道路４２巷１７號,25.0412167,121.5811663,23022601.224514946,20057938.903212935,21783892.593851067,23108175.7633487,24633844.91497856,27036009.11031131
臺北市信義區基隆路一段８３巷１９號六樓,25.04672,121.570729,37146763.44319634,31124984.962484825,34604191.05233091,37468092.25199224,40362455.16680846,44633343.89261483
臺北市文山區景華街３０號,24.99486301,121.542712,17405084.37665186,13070760.995642371,16009762.095284704,17915662.34059553,20447109.454444595,23509826.27170932
臺北市萬華區武昌街二段１２４之２號,25.04536628,121.5037647,3829931.7681093044,2576743.618369565,3025272.8173613595,3965853.784240615,4602426.581532979,5689628.973381838
臺北市內湖區行善路２９７號,25.06202678,121.5844959,36251627.70770394,31035217.084124062,34238715.72914778,37046015.377875224,39390441.671866685,41035331.03379654
臺北市士林區德行東路３６５巷２１號五樓,25.1115399855708,121.538640009956,15918104.93896574,12073547.240216138,14176650.54967958,15955436.025510654,18527966.105365213,21005450.635531984
臺北市中山區長安東路二段１８９號,25.04838079,121.5427736,10192455.802074648,7792309.31112065,9331012.659641529,10334809.894704146,11498422.68197048,13589878.562155081
臺北市內湖區麗山街８０號,25.08279601,121.5787,18195347.823644668,16355556.129457774,17132248.159510028,18280942.201655492,19505329.936637823,21324813.815981608
臺北市北投區中和街４９號,25.13838802,121.502265,9576556.818174366,5710550.545915121,8552126.263522856,10096801.443162844,11578483.659825815,14547769.228840955
臺北市文山區景興路９６巷２４號三樓,24.9947499833045,121.543430016163,19083101.672038287,16233702.213830898,17659701.142346933,19101925.066774536,20804709.158676773,22376449.406298496
臺北市中山區農安街３３號五樓之１,25.065020003852,121.525059985707,14392033.532212555,12787701.591719624,13553894.797994727,14303262.37772527,15295780.97331824,15997426.448306223
臺北市松山區寧安街６８巷１２之１號四樓,25.0510599860228,121.554130018481,17079840.318384536,14410982.988527719,15666562.555539228,17257086.12198701,18639089.376214325,21148140.109790947
臺北市信義區忠孝東路五段７１巷３弄９號二樓,25.0419100071499,121.567409970596,19377410.70352443,16325189.545375852,17682400.575088568,19522722.601484496,21626648.97124576,24243682.561062485
臺北市內湖區麗山街１０５巷１１號六樓,25.0823599822271,121.579470020523,27283864.688927814,23231466.812778104,25483633.65706188,28180007.722738948,30263742.494288426,32160246.429622643
臺北市文山區指南路二段４５巷２１弄７號,24.988677,121.573898,14830308.222466467,12951828.922257774,13885299.063775234,14744596.815256013,15718378.004008627,17661822.718684252
臺北市大安區安東街４０巷４５號,25.04420698,121.540541,29286609.64940319,25830547.89283997,27802839.730700202,29517941.432245295,31511396.236914016,33798403.05435463
臺北市中正區廈門街１２９號十三樓,25.022829987585,121.517490037492,13093429.06032626,10890634.272734754,11845358.8097108,12885316.398458315,14676661.427556742,16214872.190356037
臺北市文山區興隆路四段１２２巷１７號,24.98233198,121.561411,14927549.576094665,12944331.31239819,13636728.716110148,14556449.632059228,15987137.175618377,18893238.40107862
臺北市萬華區桂林路１０９號十四樓,25.0385499955334,121.500820024638,13083317.126925094,10787477.799766172,11399978.418142907,12276425.700840678,15085026.443756057,17387140.83606466
臺北市松山區延壽街１８巷７號二樓,25.056966,121.5685,41479459.583483376,35960966.168219075,38925595.0263981,42086590.498499274,46918357.198397726,51781200.33747045
臺北市信義區紫雲街６６號二樓,25.01624001,121.577357,55467884.47842796,24268763.680003837,47964776.80217151,54517982.73719502,69433646.30237879,112674635.74313697
臺北市內湖區民權東路六段１４６號十一樓之２,25.0688199815661,121.589589995141,10832660.400346117,9468863.261622176,10266075.067618825,11012774.13203415,11556450.319548141,12135974.342046391
臺北市萬華區德昌街２３３號,25.02310999,121.4931,8823388.827569902,5737431.193907646,8182337.320658921,9301271.981918326,10145583.967384519,11278006.215651007
臺北市中正區信義路二段１號,25.03561201,121.524587,36211383.26106544,28023717.495270938,33250037.837296218,37564385.47596975,40496139.84698462,44355498.06913475
臺北市北投區大興街９巷２６號四樓,25.1305799815481,121.497719977748,14544622.266673027,11248372.891341932,12891956.314828783,14831193.242674034,17161617.021110605,18786264.40391805
臺北市中山區龍江路２９２巷１９號四樓,25.0614900072392,121.539669978218,20525792.334141925,17166018.183841255,18870671.539948873,20705862.07451044,22645304.420791797,24669445.433485843
臺北市南港區重陽路４９０號三樓,25.06033301,121.611804,46733667.41768035,31949981.566922054,40253941.48954782,48733097.81730124,57911835.88798909,64211799.568462014
臺北市萬華區康定路２４號十樓之１３,25.04489501,121.502876,9891593.645769114,7610703.128251171,8886526.127617497,9875178.057547655,11237384.709650107,12715811.972002778
臺北市中山區合江街１２７巷１９號四樓,25.0607899925955,121.54001003203,14756758.982200526,10181138.497856222,13398238.833691131,15517037.732186517,17186769.41307461,18866743.0381841
臺北市中山區中山北路二段１１８號十二樓之１,25.061069990071,121.522729984262,24222788.10361107,19700102.32955768,21774040.75953961,24242746.688745,27148955.03950855,30339147.465992138
臺北市信義區忠孝東路五段７９０巷２４弄１６號,25.04222198,121.582159,14172086.155481162,9643945.857423898,12182908.353792582,15219774.8241667,16908461.952763896,18239370.706310358
臺北市文山區景華街１２８巷１８號三樓,24.9947499833045,121.547830012416,13183668.670433313,9758674.87125998,12290832.972642068,13999826.916786443,15024327.374969287,16579358.102217928
臺北市萬華區德昌街１８５巷６０弄１０號,25.02276398,121.493736,10699762.532704206,8498878.33095705,9926341.527690606,10758519.02701571,11925327.943777708,13497338.178112984
臺北市北投區東華街二段３４０巷２弄１７號,25.121494,121.506222,10582737.029435169,6312240.606260832,9039769.488283008,10950220.665910376,13783274.51721774,15892666.060163893
臺北市北投區行義路１８６巷５２號四樓,25.13336998,121.530513,9655774.993380912,7225653.55841808,8863665.701971289,9926831.590479799,10983644.943377772,12070240.965843491
臺北市大安區信義路四段４００巷６弄１２號二樓,25.03254901,121.556127,16500270.14977468,13078051.961293578,15401732.959356543,17098629.854021866,18709643.5500316,21265947.619074654
臺北市南港區昆陽街１７２巷１８號三樓,25.048570015956,121.593139982593,16037072.523116235,10963621.934301669,14780596.609726751,17289446.223254066,18765356.904836673,20979888.344377942
臺北市士林區承德路四段８０巷４１號,25.08262502,121.521972,16095382.554365521,14140215.973795349,15659780.080846235,16571806.87008361,17835536.14897036,21552884.087603815
臺北市文山區福興路３９號四樓,25.00297799,121.55082,12636269.913950417,7536526.478216348,11275051.44326193,13836145.973227734,15772257.737665242,18183037.136388116
臺北市北投區新民路６２巷１５弄１號四樓之２,25.13935002,121.5110127,10805298.48413406,7763417.842589875,8546686.462814149,10635867.237920046,13527588.036060074,16298572.77285942
臺北市信義區永吉路２１６號,25.04537701,121.57313,49374691.175938204,33478419.731427312,44455829.172923505,53145531.32388961,59785646.84930386,64928262.471886314
臺北市大同區民權西路１６０巷２６弄１號十六樓,25.0616125506636,121.515490031576,49802692.21657953,40680359.00461128,44047591.78336062,49901816.44316587,56104777.46919002,61592005.72522481
臺北市松山區敦化北路２２２巷１８弄６號,25.05924001,121.547576,21294630.874916125,17761894.679309644,19946998.350623466,21647659.608309247,23507342.61275829,25595274.05338982
臺北市大安區信義路四段６１號十樓,25.0337700057001,121.545370007653,80474100.69920059,65453004.481577806,72070609.33083421,86221489.26121208,91660432.53124584,96589987.39755785
臺北市中山區新生北路三段４６號,25.06433298,121.527321,6024399.917846828,4858182.565565186,5387099.8858949505,6012649.768283085,6639429.370729495,7936559.425830383
臺北市中山區建國北路三段８７號四樓,25.0655799988031,121.536860028997,22265396.45348601,17701573.274391707,22156236.257644944,23355088.633857615,24916833.494456675,26129736.405414175
臺北市文山區景興路５５號五樓,24.99672602,121.544844,14168034.632587064,11284166.98223725,13114133.174438855,14901335.69138122,16289780.392836621,18057709.075427998
臺北市信義區忠孝東路四段５５３巷２２弄４１號四樓,25.04358899,121.563468,20737562.601682223,15955192.725109486,17499668.966382038,20531788.867399592,24974349.554324254,28085017.820012644
臺北市中山區林森北路３０６號十三樓之２,25.0560900080279,121.525359974022,9030779.88291874,8006757.748871044,8530645.193268469,9052938.023694653,9688851.874734312,10444733.045214944
臺北市內湖區內湖路一段２８５巷６８弄２１號,25.08588298,121.56731,15638532.078256477,11220867.338730037,15082561.372066867,16386623.699554095,17588074.978579983,18776000.205532074
臺北市信義區松山路２７５之１號,25.043419,121.578018,21024991.827535518,17107383.430815928,18527559.409544982,20826065.359207906,23391410.631100964,26480719.08052255
臺北市大同區承德路二段７５巷１１號,25.0559665,121.5188272,44500505.12442092,31891833.04758595,41746127.287808254,49135972.328952804,53724264.3160812,56628166.15298543
臺北市文山區興隆路一段２５１巷２弄６號,24.99943002,121.544496,12717362.863160891,9849841.037999112,11617342.926930651,12950905.225784311,14223165.24562331,16009609.671262247
臺北市內湖區文德路２２巷２７弄８號五樓,25.076529991383,121.579870004943,14112109.121579444,11260677.547761595,13380007.194340944,14518218.643431896,15692595.62896328,16872855.389770202
臺北市中山區林森北路８５巷９０號四樓之４,25.049019998428,121.528019970994,6429228.375420963,4519181.41111723,5941011.734196752,6475962.948400079,7611092.202585676,8444333.318351295
臺北市士林區士東路９１巷７號,25.112665,121.52911,20852425.507781837,18777332.42203722,19987773.751296926,20972919.924347702,21938322.93215806,23191167.834238157
臺北市南港區重陽路１６６巷１０弄２０號,25.056326,121.600405,10160721.676503498,6494359.843295829,8522929.92497428,10919999.03422225,12909507.049355485,14029721.926589904
臺北市文山區福興路８２巷１弄１５號,25.00664701,121.550349,9659146.787517514,5641608.811202909,7835957.212159742,10168439.277830219,11874214.625736967,14217451.005478181
臺北市北投區知行路２０２巷２４號,25.1191100176047,121.467359970076,12350859.326231819,7758431.692004671,10955344.261052579,12898029.90897981,14871148.988407124,17581958.41008039
臺北市北投區奇岩路７９號,25.13215402,121.506852,35728326.96406896,19201949.573903076,27213260.905327752,39438577.65755519,51589964.80722047,63532353.470606744
臺北市中山區錦州街５０號,25.06016298,121.526107,6966108.547134493,6237298.559811387,6469629.176702772,6902718.352958058,7415812.7714004805,7842094.305332286
臺北市中山區伊通街８７巷１０號,25.05278201,121.535706,16746990.841406515,13433474.50373948,15339912.28980533,16981524.218693357,19106780.837950654,22811264.40346995
臺北市中山區民生東路一段２５號八樓之１６,25.058196,121.524317,7795174.030198315,6313594.980365675,6789625.260927905,7546267.917528473,8788132.659800652,10017020.872714577
臺北市文山區新光路一段９５巷１７號四樓,24.99119501,121.574352,13424185.071850758,10514186.867168864,12519836.074985687,13991277.592445584,15036731.21711958,16190930.220210293
臺北市松山區敦化南路一段２５號十一樓、十一樓之１,25.04631801,121.549324,128955101.7089279,73260568.65318894,93362756.49675485,111643995.44237535,222820136.07643694,281388094.18556803
臺北市中山區民生東路二段１２７巷１３號四樓,25.0594700104834,121.532269679723,35223884.83993027,28413839.74985832,32136652.886562243,35981320.57185992,38894067.85401149,45183992.59437505
臺北市松山區南京東路四段９３號,25.05184298,121.554157,11403963.711497111,8075544.085840431,10353432.20547235,11644617.651521135,13164312.301186668,15381150.74046286
臺北市松山區南京東路三段３０３巷８弄６號,25.05274299,121.547229,15931592.521072527,12599545.607933786,14540998.887720846,16413942.582957014,18579181.579761125,21162667.845784068
臺北市內湖區金湖路３４７巷６６號,25.07427798,121.599753,24389826.998912558,21715356.23190534,22729912.181035303,24432725.28080917,26489553.667258374,28979044.32449066
臺北市內湖區康寧路三段９９巷３９弄４６號,25.07337529,121.6099199,21308704.872221567,14256878.937443549,19865038.96275316,23368091.193091378,24861713.519686706,26637257.077957746
臺北市大安區敦化南路二段１２８號十五樓,25.02610798,121.548315,26767009.021994174,20788437.15144667,24443299.522778086,27471688.454727497,29712736.36181276,33842460.68660056
臺北市北投區溫泉路６５巷１６號三樓之９,25.1359126321673,121.504417956576,5118639.603342614,3514511.315481104,4455562.090522777,5156567.193679408,6058040.737423846,6789054.213180819
臺北市北投區中央北路四段３２４號,25.130662,121.472282,10339597.74322109,7181737.566475881,9562666.016935809,10857157.249186773,11836973.695019512,13593746.486610405
臺北市內湖區金湖路３２６巷４８號六樓之１,25.0741300010468,121.604020028191,15539207.474762721,13616714.277942773,14242188.155822892,15452456.764268965,16582766.640642822,18066794.58694737
臺北市中山區長春路２２０號十一樓之８,25.054619989849,121.537680030585,8410833.1773786,6999972.0456702085,7858713.347697206,8501027.652747571,9277846.406228205,10111087.75141941
臺北市文山區興隆路一段１８１巷４號四樓,25.0011200201703,121.543260031167,14115276.115097826,12018599.11034242,13383770.996080216,14664582.037783405,15586394.282898337,16970807.591140322
臺北市中山區新生北路一段１０８號十樓,25.04957999,121.528256,11177947.05365004,9136845.434564788,10341902.314395532,11266804.320391987,12251932.193348523,13720551.355430778
臺北市士林區劍潭路１６號七樓之３,25.08391001,121.52388,14802273.077355685,12381278.691419024,13773107.808686895,14812938.794589335,15921246.41170581,17049846.800466124
臺北市大安區四維路１７０巷３６號,25.02817802,121.546319,13790806.77624919,9964361.314299105,12642213.575690906,14833868.448233515,15997494.359157555,17106806.49083305
臺北市內湖區內湖路一段３２３巷２１弄２９號,25.08407429,121.5694417,12490786.915318951,9496113.278375989,11405215.491992697,12719337.5307277,13974410.432151169,16278852.643755456
臺北市大安區溫州街７４巷３弄２號,25.01962802,121.532395,6849452.150905384,4596929.57377796,6204032.024441633,7400078.248573023,8225250.284539778,8859470.727041995
臺北市大同區大龍街９１巷１２號,25.06723199,121.517021,9437826.046235813,7361238.248948492,8609554.236678414,9203582.379440792,10472048.201030318,12915470.30285253
臺北市中山區復興北路４６０號八樓,25.06440599,121.544057,10681882.71496816,7852333.457313198,9990131.629261872,11088649.178603517,12191906.452069921,13816761.55050899
臺北市內湖區康樂街８５巷９２號五樓,25.0711299921717,121.620939989398,18244386.071775164,13342321.670905434,16475249.220715282,19190678.828202102,21265766.420478955,23635160.275635526
臺北市信義區福德街２６８巷５弄１７號,25.03898401,121.585292,20829478.830495518,16231467.671388501,18659797.59898177,20690689.786994584,23783345.085874297,28906042.19565307
臺北市大安區建國南路二段１０７號八樓,25.0299300043983,121.53827003275,26493983.57387227,20942491.28804158,24573084.245344404,27790976.1610711,29294381.13795138,31152028.94628542
臺北市萬華區民和街９６號九樓之１,25.0255,121.497594,47794363.92046944,33787710.432636306,41125319.8087081,47718677.81261277,55372001.65000139,64853286.453382574
臺北市士林區光華路２６巷１之２號三樓,25.13738299,121.542211,15792492.6540346,12442059.505684026,14198489.202720206,16007228.71496837,18411944.736957103,20731302.262043796
臺北市大安區永康街４７巷１３號四樓,25.0301900110348,121.530089965803,29340274.041412365,25071299.870053507,28565346.74751371,31181188.751810256,33528314.8687446,35527717.00650999
臺北市大安區和平東路二段２６５巷３７弄８號二樓之２,25.0280499854256,121.54446995889,9377439.006280666,7004615.46915237,8588003.49415406,9921511.94466509,10747013.879137143,11839675.44945812
臺北市內湖區康樂街４８巷１９號二樓,25.0692899967866,121.617380027481,12769508.305988891,8993164.075105304,10566649.764000908,13064143.902654244,15247530.743537595,17881433.052641366
臺北市北投區永興路一段３２巷５號,25.138435,121.500213,11927918.855936754,8229042.781086413,9819460.573441396,12560488.033107495,14231218.32275137,16879820.313581586
臺北市中山區松江路３７巷８號,25.04750698,121.533592,13517801.052344743,11113677.821705475,12099406.704554886,13509219.871611502,15417663.98276919,16384269.94474053
臺北市中山區民權東路二段９號,25.06281699,121.528581,7453381.122495361,6472899.765338486,6873445.830720249,7414801.51715915,7956662.596904802,8449168.327036187
臺北市內湖區文湖街２１巷１１８弄２６號,25.086727,121.56056,21797943.644352734,16259386.205107694,19143985.114698723,22704859.61595068,25358522.575197835,27969616.64623493
臺北市內湖區文湖街２１巷７號,25.08706399,121.560148,19710284.191890433,14845367.485381009,18623053.88770581,20486094.186566282,22225815.745514616,24714532.833368383
臺北市北投區尊賢街２３９巷７號,25.1160233,121.5073728,13345661.536753887,10893569.482076185,12023895.932268582,13537010.63408427,14713535.549557766,16313592.570201293
臺北市文山區汀州路四段２８３號四樓,25.00148295,121.5355503,39950458.21078352,31131156.071803354,34625375.90731159,38659620.74087663,45255864.1601191,61411310.37433806
臺北市文山區興隆路三段３０４巷１３３號,24.9957199790495,121.555680000016,27363511.39287979,14500733.667759242,26089127.75935238,30517257.040299222,37191658.79338056,42903455.346153975
臺北市大同區迪化街二段１９１巷２５號七樓,25.06933651,121.5122015,20607805.77266396,13571487.430830535,18977870.34511215,22732174.781748947,25019445.607296754,27008286.662982494
臺北市北投區致遠二路９５巷２０號,25.1166899945199,121.511179973144,14507724.776008196,11472728.788630417,13430123.688909372,14949849.218319505,16490611.51598866,18028676.33993486
臺北市中山區德惠街３４號七樓之２４、３４號七樓之２５,25.0665699853872,121.526349960606,11088791.780796088,8877716.420955986,10271847.767649647,11335969.254731877,12558171.2739704,13769155.901365425
臺北市萬華區長泰街２９７巷２號六樓,25.0209399941475,121.492940029825,8677481.821175534,4252849.151424531,7261573.177651873,9884760.491358364,11177627.980981149,12917477.01675426
臺北市大安區和平東路三段４５２號,25.01731115,121.5598521,22133266.73283845,15680022.795136603,19817273.610315017,23346881.107300624,26306260.75567112,30423862.59288788
臺北市大安區樂業街７９巷２７號二樓,25.02240599,121.551963,4037488.105674132,2161958.0026635043,2560100.267141252,3570439.5731476247,6655370.773781432,9342697.506337887
臺北市士林區中山北路七段１４巷５弄８號,25.11924899,121.531608,25545915.20037338,19035564.77201721,21498749.231427364,25318184.151968542,30747968.379143942,35053665.36158176
臺北市信義區基隆路一段３７８之２號,25.0348426,121.5604238,6182099.0075622145,3442248.53172145,4863462.305967448,6678830.058917118,8259167.665288777,9979026.821826847
臺北市信義區信義路五段９１巷１２弄１號二樓之７,25.03372659,121.5714009,21158624.69192445,16777532.86801952,18650788.829546064,21104034.008175004,24515271.502538927,27939266.95990982
臺北市中山區林森北路４１３號十三樓之１１,25.05976199,121.525709,11630514.305961398,9581706.592861544,10696444.088647662,11639455.701468483,12695564.943651244,14459638.740148585
臺北市萬華區開封街二段５９號七樓,25.0470300088856,121.505390005887,5900418.527343534,3333166.293426282,5283624.149317147,6386627.797746043,7399948.32872617,8183048.561998621
臺北市松山區敦化北路１６５巷４８號,25.05456798,121.552538,27008577.477136515,21760019.370789405,24091098.74306176,27272969.270526405,30768125.51728641,34810928.44029219
臺北市中山區復興北路２２２號七樓,25.0566699938181,121.543609975625,30925270.768207278,26762195.13678635,30134099.814542957,31968973.30329592,33654386.907609984,35523708.80656101
臺北市大安區仁愛路四段４０８巷９號三樓,25.0371800153689,121.557020014877,28644362.13202129,25865193.895850122,27336642.73198696,28663444.579622544,30186814.85856451,33706721.171684384
臺北市萬華區開封街二段５９號,25.04706299,121.505353,6046102.986616292,3499873.040339592,5391847.276501523,6463610.52210683,7453604.017228767,8247007.729271178
臺北市文山區指南路三段３２巷５號九樓之９,24.982731,121.580205,7005045.827195467,5096780.702601898,6540199.88342197,7470114.907871462,7989945.591982968,8519808.26635674
臺北市中正區信義路一段５之３號五樓,25.0368400034666,121.521930015423,38844078.574103795,27477741.29440178,33058208.02612844,40292250.23188253,46631325.439286456,50114880.94066313
臺北市北投區東華街二段１７４巷１４號,25.120466,121.511352,14723906.060869392,11727562.943664618,13489270.247083118,15124036.259283265,17056378.567725677,18350966.087312866
臺北市士林區忠誠路一段５６號七樓,25.1046900009293,121.527010035481,34978399.65682511,26624624.236119173,30992834.562707882,35908038.452117264,40115538.558782786,45533870.25016174
臺北市中山區吉林路４９０號,25.06815039,121.5302836,28510817.029455274,19702690.554556273,24888027.9457495,29045659.283706572,32859131.04373485,43678909.06910804
臺北市內湖區康寧路三段１８９巷２１弄２３號二樓之１,25.0710600032802,121.612290032959,35600801.99357429,32020507.6200377,33852931.07619026,36552339.13411118,38186255.861946516,39668303.915654324
臺北市萬華區和平西路三段８５號六樓之１,25.0353699852877,121.50165000069,17073087.158490926,12299787.71348356,16089931.780728765,18057690.498370674,19627179.69057147,21705164.24047182
臺北市大同區南京西路２５０巷９號,25.05332,121.515552,6982936.450337527,5414428.266340645,6296442.128653659,7093300.0543713765,7972174.690378635,8906883.828977216
臺北市萬華區青年路１６８巷２弄４３號三樓,25.01985701,121.501439,5553905.162766833,4764536.831408858,5097518.345905168,5412002.452933645,5891149.838989063,6859219.203955719
臺北市文山區羅斯福路六段４０７號九樓之８,24.99167999,121.54064,13000963.529628988,10953533.402082982,12201689.6111124,13095202.963292157,14247689.85589534,15493705.79540094
臺北市信義區信安街４號六樓,25.0272899982647,121.558109997566,25394887.245843858,20700645.367621105,22767507.32365331,25041834.651280575,29174630.030118596,33071214.94531907
臺北市北投區大屯路光華１巷１６號四樓,25.1430600067336,121.499570031417,13875064.427975127,10260127.341307856,12858432.54205103,14419841.518837562,15591520.624330688,18285581.562031273
臺北市萬華區漢口街二段５５號,25.04591501,121.506177,5086125.301961228,3474101.0787656945,4218046.837464791,5364296.050454961,6223796.19404498,6719175.723179046
臺北市中正區忠孝東路一段３９號,25.044475,121.525681,24263221.159973826,19134305.502350196,21882162.01065045,25220588.12230003,27735063.555130076,29817077.792538583
臺北市大同區安西街４３之２號五樓之５,25.06029802,121.510012,23640390.0261504,15435889.554256026,21826941.532251034,24818512.61519331,27908491.602471665,31689844.417370744
臺北市信義區忠孝東路五段７９０巷２２弄１７號六樓,25.0423899968352,121.582070003069,22035386.183937296,17154939.904430173,19572045.79658026,22593952.159200333,25402969.773507938,28100195.318989065
臺北市士林區天母東路８５號,25.11827501,121.535605,33376769.98560814,23642851.921238896,29713106.714154165,34370733.794414684,39563798.46751811,45927028.45453705
臺北市士林區延平北路九段２１３號,25.107847,121.471165,8633614.511155423,6000419.969393777,7612176.45502919,9318450.812579112,10182270.440371642,11172551.61459389
臺北市北投區育仁路１２巷１６號,25.13302,121.498395,8840727.36469782,5687676.2373044,6970090.454580579,8602443.160455627,11140576.574466825,14244548.666725602
臺北市大同區昌吉街６５號三樓,25.065989999597,121.514670029988,14305627.693894869,10208341.550106274,12520446.93501611,15267345.985782199,17006212.98009705,18237999.07899368
臺北市士林區士東路５４巷２４號,25.110938,121.527728,20370484.782322902,17922395.867810257,19564940.584116843,20705178.342422806,21831306.511193503,22952293.283783305
臺北市大安區新生南路一段１６５巷２０號五樓,25.03408399,121.534903,72587006.81550904,59571134.4979278,65825559.6619471,71238455.55476971,84465781.60972118,88804095.58653216
臺北市北投區光明路１８５號十三樓,25.13594398,121.50331,32239772.326787364,26672404.837360945,30413420.041294843,32533034.526360687,34404470.35312902,39466415.88898627
臺北市內湖區江南街１２６號,25.076294,121.575608,9733732.042511996,6764085.491688002,8770062.926690137,10270190.217168875,11307346.71138102,12959554.364194073
臺北市北投區建民路１６２巷９號,25.11094399,121.520242,23562302.831031274,18075804.150833372,21286007.656334624,24286134.6182881,27870827.832441684,31320069.461124487
臺北市松山區八德路四段１８１巷２７號三樓,25.0496599986449,121.56317995934,15837255.245270161,13259371.650763512,14966733.597978864,16346353.858565703,17621997.730007652,19612320.36906928
臺北市大同區民權西路１５３號十五樓之３,25.06314501,121.516434,11112074.935289886,8735305.009674288,9880429.943107316,11484806.447315546,12646142.056299997,13855558.937224254
臺北市北投區清江路１７７巷２３號三樓,25.1281700167471,121.502579972848,8961704.843190717,7237419.9176764935,8377658.686150814,9161817.373648563,10133764.99914963,11159223.194407381
臺北市內湖區康寧路三段７５巷１７９之１號五樓,25.07722762,121.6123863,22703466.095525756,17749403.13008774,21914985.40148219,23389223.92678743,25051696.448157296,26979138.9230346
臺北市大安區師大路８０巷１８號七樓之１,25.0233100191799,121.527340031009,20111903.280782558,12479191.667222764,18438828.26717938,21831829.16686922,24756137.41515156,28080968.881712995
臺北市中正區汀州路一段１９８巷８號,25.027959,121.508905,13880178.11081801,10053421.44249683,12145066.442391075,13956222.620632425,16914778.16302238,18666170.35467371
臺北市信義區忠孝東路五段７９０巷５７弄２６號三樓,25.04099299,121.584436,17563446.254768454,13495017.879897458,16039581.697059773,17717949.060122646,19651087.638565302,22992004.39108325
臺北市大安區復興南路一段１２８號九樓之４,25.04282369,121.5436157,13227560.426736003,9603802.30838107,11335151.61008117,13769682.948490612,16109022.980930205,17883657.77319263
臺北市士林區福壽街５８號,25.096838,121.525512,16270672.041687708,12889044.538224537,15029060.365583781,16218127.88444386,18011553.827841725,20783475.249802377
臺北市內湖區康樂街４８巷１８之１號五樓,25.069129986255,121.617399976411,11958345.208238557,8298384.427081207,10083131.688035704,12455199.873821191,14557946.017019622,16505021.156212518
臺北市內湖區內湖路三段３６號七樓,25.0895700115196,121.583419992394,20503211.359180477,15459600.19904131,18039709.348295737,21600168.013506386,23883440.297165405,25711637.49864122
臺北市中山區吉林路６號七樓,25.04907402,121.529903,187525349.5168852,120887239.7711698,153446142.65630487,183097355.83236584,223825168.19901967,278274132.172862
臺北市中正區中華路二段７５巷７號四樓之８,25.0337799801649,121.506660031856,17844258.2023259,11602091.900739089,14638200.604051977,17820904.02842829,23529926.651035666,27505513.72429423
臺北市中山區農安街９號,25.06510101,121.523358,6933486.53547749,5944776.5191519335,6395112.400992527,6878521.791666187,7660819.662799019,8294572.2194134295
臺北市北投區崗山路９巷１５號,25.1403300208693,121.486039963312,11254577.311551075,8438630.254658943,10727993.259619445,11644313.055602742,12769913.017430324,14093472.915949566
臺北市文山區久康街５８號,24.98967801,121.566025,32776503.729683097,26826240.239102244,30193320.43731865,33083386.80620779,36566007.32289887,39734422.63156591
臺北市中正區衡陽路２６號九樓之２,25.04218699,121.512827,48299789.52962991,30783798.90068622,42465009.32008474,49291273.76638445,62799913.55747129,65776592.70359643
臺北市士林區忠誠路一段１７３巷２４號二樓,25.108206,121.531888,19332110.61346039,16085500.173001109,17941923.111071166,19211232.992336143,20973863.972573295,23235782.55854454
臺北市內湖區江南街７１巷６５弄７號,25.0758800167012,121.578740040576,19680915.238130413,14997904.808232503,18693353.733411033,20649686.623910397,22575878.071106687,24761311.340626407
臺北市大安區新生南路一段１３９巷６弄９號四樓之１,25.0358500168826,121.53361002986,19767501.574517526,15276410.336362801,17672568.363853123,20659025.708168946,22731821.49234726,24318776.368813634
臺北市士林區福國路９８號,25.10210858,121.5219716,72270118.74910074,42802052.32830346,63662067.951689556,80085547.97323684,92429814.99938126,121721210.02613804
臺北市大安區市民大道三段３０６號三樓,25.0445700041226,121.543270005632,11956508.962681817,6320911.905124459,9098660.142450329,12375184.56331626,16589238.131345594,18457069.609452717
臺北市萬華區西藏路５０８號三樓,25.0287699909083,121.493570013667,8798001.559519455,7201541.994933745,8142814.10890267,8988338.173555592,9919067.923594058,10697264.410667595
臺北市文山區景興路２３巷３號,24.9978199810711,121.544979997699,13349403.446943117,10608999.859455746,12132198.403048923,13128446.02090337,14619619.258423738,17751609.983473007
臺北市大同區民權西路１２２號三樓之５,25.06271699,121.516736,11409551.674300963,9776902.217229487,10600469.558048397,11576193.690365924,12269443.707675695,13095087.660489243
臺北市信義區忠孝東路五段３６４號六樓,25.0407600100342,121.573679969448,11206442.49053508,8258985.799653371,10058832.132644035,11479955.771244768,13274840.420790888,15261769.71932581
臺北市大安區基隆路二段２２９號三樓,25.0226400117495,121.550829979382,28663379.30410409,21466490.12949827,26080017.614322655,29179133.996701658,32461889.79375612,35627574.2678254
臺北市北投區中央北路二段９５巷８號三樓,25.1364499959799,121.494980017419,10121569.929997329,6884140.225241418,8660964.724183857,10489808.0559874,12419747.4157258,14254992.588859744
臺北市信義區基隆路一段３８０巷２４號,25.03469499,121.558892,25680575.209081996,20959768.906880792,23795997.564623285,26215686.99719775,28164933.96290481,29959107.678828683
臺北市松山區富錦街５１０號,25.06090851,121.5644378,18716849.014744885,15914323.001246579,17262858.5327661,18854553.91742015,20587533.11240623,23166569.92698509
臺北市內湖區康樂街１８６巷２弄２號四樓,25.0759699964318,121.62031998002,12634716.220446771,10097374.4990523,11463840.277439263,12892435.808328332,14342198.884791987,15288785.379339352
臺北市內湖區民權東路六段１２３巷３４弄２８號七樓之２,25.070289999745,121.591829974946,58957377.514108144,49147936.91878438,51874525.85550965,56369881.81153585,64476916.00596672,71560766.88315287
臺北市內湖區行善路２５巷２４號五樓,25.05569128,121.5765844,23506652.34109824,21017405.362782568,22723836.8864397,23977810.48253066,25545896.40568917,27483681.97008148
臺北市北投區中央北路三段２２０巷１９號三樓,25.13676,121.47993,34252923.39515784,14645904.333248243,32772884.91878781,38990404.53960396,45196803.64917868,53170418.853064016
臺北市中正區思源街１２之９號,25.01471798,121.531564,31803889.491827648,24953267.047078364,29375822.069868207,32198194.79017739,35322325.330207914,39209939.614036456
臺北市內湖區內湖路一段２８５巷６５弄９號四樓,25.0844300189449,121.567430003345,16726346.01637541,15268364.951826468,16075737.768219959,16846398.995913524,17684709.878453687,18863163.416019212
臺北市大安區辛亥路一段８９號八樓之２,25.0217099976827,121.53099998903,47284034.27003603,31696836.697400786,40774631.34561458,51191484.41058568,55449567.64379588,62334929.89732334
臺北市萬華區西昌街１４２號,25.03902102,121.500532,15373145.549737077,9979214.449783845,13293229.295121783,16894637.287796378,19264549.146518692,21366141.24326187
臺北市大安區復興南路一段１０７巷５弄１５之１號六樓,25.0443499791642,121.544889976059,29565943.058768563,22406452.79104986,27518193.06880045,31180294.17669993,34178092.792573184,37461966.05584258
臺北市中正區羅斯福路一段８３巷２號三樓之１１,25.031409997042,121.519849962331,15189873.769423539,13315534.689989917,14514555.13494504,15506197.376061391,16459252.013521723,17106199.21387915
臺北市文山區福興路６２號八樓之３,25.00376401,121.55025,12835839.371593965,7854489.345815644,11186159.128615957,14110007.548737029,15855089.71454916,17996863.05107693
臺北市文山區福興路８２巷６弄９號七樓,25.0060300133219,121.551619973756,24143393.40194405,18714360.230491515,21114588.06086293,24839782.122696742,27701630.810454726,30243775.3046253
臺北市大安區敦化南路一段１９１號十一樓之１,25.042470002101,121.549259965098,55483284.51949875,45451231.69430435,49916067.76173398,55237200.314619176,63899327.89347856,71342978.87136604
臺北市萬華區青年路１５２巷２９號五樓之１,25.0203600083573,121.501599960728,8894605.647115735,7506776.275653148,8374385.327083607,9100654.813571723,9832849.365340693,10500296.393340243
臺北市文山區景華街１９４號二樓,24.998413,121.54784,13830247.49588182,11356492.856394906,13353914.229933375,14619332.310429126,15746787.368534395,17293460.968138702
臺北市大安區仁愛路四段３４５巷４弄９號五樓,25.0390400015931,121.553429961928,35419000.34955509,30330678.41368297,33357909.747982513,36454197.34370246,39335398.23479086,40996415.415842615
臺北市士林區德行東路１９４號三樓,25.1086100074968,121.531250021202,25941200.101201616,20462575.936893985,22284375.766008243,25637389.011401247,31491988.170314733,34461190.970599286
臺北市松山區南京東路五段３８９巷５弄５號五樓,25.05204901,121.56952,12516323.053579167,10369758.222198095,11621481.236973036,12676700.303799134,13672687.329813117,14691009.170549694
臺北市信義區忠孝東路五段４２３巷６弄３號二樓,25.0416800077267,121.576659987483,23786823.336062424,19305629.827242017,21408165.780283958,23716827.65733521,26552319.338202495,30704492.35538711
臺北市萬華區內江街１５８號四樓,25.0416899821915,121.501289997949,9017485.242515715,6383869.762822526,8777306.902259098,9709178.968735207,10483296.01822055,11228107.84120943
臺北市松山區民權東路三段１６０巷３２號五樓之１,25.05981698,121.546696,38849014.427567266,32562152.842695247,35707801.408432126,38559301.88494913,42460775.304797225,46967992.56095272
臺北市信義區吳興街１１８巷１６弄４號七樓,25.03009001,121.560693,34519555.90147074,28179160.935728732,31472519.12347721,34921709.367398515,38099113.98697019,42730962.695300385
臺北市內湖區星雲街１５０巷３２號二十三樓之１,25.0794199877788,121.596470028905,28275517.304410167,10186056.347271774,19493300.398230303,35757442.20158233,45819064.304844886,50095677.24071555
臺北市萬華區武昌街二段１２４之２號五樓之２１,25.04536628,121.5037647,3952798.2217970756,2833547.4188353177,3480630.1475192215,4032816.581612544,4383997.258547099,5251791.984087427
臺北市士林區忠誠路一段１７３巷３８號六樓,25.10838001,121.5325,53652711.59781094,39648862.81800694,49017826.75830271,57961614.065037146,63347542.514617875,66331341.14462999
臺北市中山區松江路８號十二樓之２１,25.04645698,121.532689,6028309.305814035,3349575.692680441,4893699.401363542,6248123.731520142,8442989.621964652,10088981.043267298
臺北市內湖區成功路四段１６７巷６弄４號四樓,25.083477,121.5949128,29459072.10375063,21062046.76788894,25578696.12319247,31205075.770344146,34974394.11325437,38560976.3612884
臺北市萬華區環河南路二段１５５巷１４號五樓,25.0333900121196,121.493210010926,12077739.1259487,7648817.710140184,10421025.974950623,12525130.549289823,14624986.995239086,18716708.996572945
臺北市北投區中山路４７號十二樓之１１,25.13876298,121.511686,3338949.833002156,2962107.2432527924,3092446.9824815355,3250960.726985533,3491129.999603828,3799490.2021838245
臺北市大同區民權西路２６８號十一樓之３,25.0627400004597,121.512010033015,11225184.822614316,8958861.512003517,10335760.77602183,11633696.84315652,12684581.568071742,13997116.978838779
臺北市松山區光復北路９號四樓之１,25.04904598,121.558051,22148903.118543677,16678925.360605076,19564414.892716754,22225734.117224857,26013434.34462397,28691515.65643229
臺北市中山區中原街２２號四樓之６,25.0567399827096,121.528779958155,5111320.513134619,3635069.7515793066,4672295.921440192,5244370.940907083,5991333.124474463,6589570.845481633
臺北市大安區信義路三段１０５號七樓之１０,25.03370002,121.53888,17615138.658982433,13608165.918792592,16114814.892828885,18008064.311530646,20273272.82621598,21877834.661278613
臺北市北投區中央北路一段７０號,25.13434002,121.500362,18044457.89062005,12913588.167436263,15768576.813447664,19448698.7708069,21291098.596167553,22767374.67456693
臺北市中山區天祥路８０號四樓之１１,25.0640200008936,121.52036000114,10449331.357886098,7537242.166172905,8606589.191540306,10622661.561966343,12301448.515086578,14177826.257060146
臺北市中山區明水路３９７巷７弄２５號十四樓之１,25.07810001,121.549479,17604909.62296187,13607861.489968413,15399371.182628954,17909669.25996454,20980657.58747595,24079938.839420408
臺北市內湖區安康路３４８號四樓之１,25.0659099943312,121.612049975252,14077496.077253591,10151070.601405563,12249616.976726245,14317631.51916864,16766843.673015254,19525286.84590159
臺北市萬華區昆明街１３２號,25.04324101,121.504788,8936295.147944033,5163462.66241511,8403610.961427938,9561875.755606648,10507592.684083967,12139566.443591297
臺北市文山區福興路４巷６弄２７號二樓,25.0041900179368,121.552439975344,11791150.586051809,7289321.054715598,10343344.538649397,12661416.088639542,14542485.41515874,16389533.05959416
臺北市大安區師大路５９巷９號二樓之３,25.0240000174493,121.529150019181,12869737.378461652,11007886.002131928,11944020.615320306,12809048.730813688,13908760.134954205,15285066.726816824
臺北市大安區安居街３５巷１０號,25.0196099956611,121.554990001747,17169435.525054708,15016385.657089274,16043017.624227947,17232415.931117956,18478099.06054119,20185397.950915832
臺北市信義區莊敬路４２３巷２弄１９號,25.0274899904744,121.567399996131,18614742.224534325,15064369.19296409,16387189.590899164,17612695.614140015,19348785.947427582,25753221.70382435
臺北市內湖區星雲街３３巷２５弄１號三樓,25.0792699936215,121.59126000553,22728880.837176386,17824546.22233646,20421625.279877894,23026966.82464976,26041176.938749023,29079341.59028796
臺北市大同區重慶北路三段９巷１６號,25.06418998589,121.51454002667,13936274.33597754,10239462.0325302,12779199.325578138,14444237.445650468,16087058.041324312,17934430.256471317
臺北市萬華區和平西路三段３８２巷２弄２２號,25.03505499,121.490798,9998983.543610107,6302718.149048166,9065922.219450437,10758809.493564326,11950398.769988602,13693034.318651333
臺北市內湖區金龍路５９之１號三樓,25.0849600066827,121.593260011446,14649234.665314794,10076953.498180497,12431541.63514752,15623741.971237777,17917011.759801187,19910714.64442456
臺北市士林區中山北路七段２２０巷８號三樓,25.1262399997219,121.53372000043,26715573.658660006,19272907.62410273,24707747.395441815,27447846.594498895,30532440.70641414,35512192.14724673
臺北市中正區杭州南路一段２１巷２２號二樓,25.0422700098913,121.527359979938,21880282.081555285,16570181.62739474,19295110.531926088,22117377.87277509,24848681.36849307,27924502.945797794
臺北市內湖區文湖街２１巷８２弄１４號三樓之１,25.08952198,121.560597,22813120.30064038,20167774.723590266,21766540.95527662,23137671.515058216,24689503.683539227,26267473.03850883
臺北市中山區新生北路二段２８巷５號,25.05399101,121.526363,47637254.31516248,35189401.0592834,44000694.51485129,50090825.66295996,54044322.8330273,58601836.40634099
臺北市信義區福德街２１７號,25.03839501,121.584769,14760061.314798413,12548387.19807253,13528155.549624281,14683836.511425871,16146740.741144842,17956553.44324919
臺北市松山區八德路四段６３６號,25.049832,121.574493,18925485.290368028,15539179.600970669,17272491.08834705,19033030.146442376,21222550.012206182,23048075.901580017
臺北市內湖區康寧路一段１９５巷１弄５號,25.07874902,121.597124,18061520.758648127,14594156.316791758,16769902.294317951,18657311.47699817,20393719.256932594,22312057.203055553
臺北市中山區林森北路６５７號,25.067774,121.52592,8157950.691560532,6256459.842658039,7847930.642593087,8646226.499143546,9292094.670110453,9920799.98185786
臺北市信義區忠孝東路五段３７０號,25.040722,121.573945,32658305.972340275,28904508.566275917,30752774.832141265,32555185.390144385,35117780.494721875,39030695.989868745
臺北市萬華區西藏路１０７號九樓之１,25.02968999,121.50347,35620482.40619664,30411649.237753887,32665523.92154227,34682608.041696034,39483204.021821186,43299988.502627455
臺北市中山區合江街１８８巷２２號,25.06134001,121.538221,24314834.876726866,16928173.771707553,22460428.642944537,26444478.01661959,29561456.626533926,31648880.542061172
臺北市松山區三民路７４巷８號,25.05568399,121.565245,24692443.534374118,16548270.53774198,23034945.668338865,26484378.63097358,29081802.63767305,30845207.93801708
臺北市大安區和平東路二段９６巷２０弄５號,25.02227699,121.539932,24462262.847306877,13304892.066961236,21808630.78406184,27250450.747418422,31087731.59607946,35496161.85307584
臺北市大同區民權西路１２２號七樓之６,25.06271699,121.516736,12624834.159307027,10747056.930495622,11675068.032529658,12496042.679848215,13900305.907371227,15087376.397273833
臺北市中山區錦州街３０巷１２號十樓之１,25.05953899,121.524662,7077838.162220179,5729397.638547689,6354069.642914653,7329362.744652968,8269457.918774256,8753336.373216012
臺北市文山區和興路２６巷１５弄７號,24.985088,121.545634,16217313.141001295,11591278.402731033,15185046.535234837,16985424.996815145,18503841.09778034,20136331.870790854
臺北市士林區華岡路２７號,25.137979986676,121.542770025107,4300793.252480692,3000479.013906126,3324699.1046175864,4085434.757148058,5190879.786097721,6871853.000160415
臺北市內湖區成功路四段２２４號,25.084656,121.596279,15310802.9972939,13554326.957099043,14498856.879265346,15597009.5579281,16522718.093645275,17389873.60256795
臺北市中正區汀州路一段１９８巷４號四樓,25.02799001,121.508983,1434138.3446784697,656166.8724822903,957335.595274762,1711325.369778866,2381856.0246642563,2751084.7678028634
臺北市信義區松山路６５６巷１９號,25.03114999,121.577951,14008676.571280064,10308319.24328483,12700882.872254431,15074277.519869855,16262869.660998365,17344460.5814069
臺北市內湖區民權東路六段１８０巷４２弄１５號九樓之２,25.0675899791846,121.591999959942,26642159.29186881,22173298.923124425,24068994.51464624,26781592.014154036,30004577.53691311,32004697.362397987
臺北市中山區林森北路１１９巷２０號五樓之７,25.0504600093935,121.52596003447,7532800.304056223,4422125.485148768,7083878.725715929,8619816.268411057,9150488.39576207,9843142.987374853
臺北市內湖區康寧路三段１９０巷３５號十二樓之２,25.0686699874088,121.610799982031,25519525.32270124,22010794.81788541,23449669.04935564,25301006.893422388,28100048.36334714,32563128.266312156
臺北市士林區社中街１５２巷１６號,25.09065098,121.510427,11101258.295069214,6331752.77656786,9659259.311042389,11685078.302001525,13988737.812300183,17399936.88624832
臺北市內湖區麗山街３３０號,25.08296901,121.573222,21928576.48947501,18155400.616086774,20217483.823574238,22127340.902671315,24372444.57518057,26638781.034993537
臺北市內湖區成功路四段２３０號,25.08469099,121.596466,16053948.87885736,14061166.851532709,15010120.17655119,16220118.103382858,17268447.560109053,19248174.58826099
臺北市中山區中原街２２號七樓之１５,25.0567399827096,121.528779958155,6979403.651525881,5390261.898364868,6302606.431905774,7106281.959182469,7961286.978183344,8604585.29116845
臺北市大安區和平東路一段５９號十七樓之２,25.027109996894,121.524460009078,38046525.41102093,31474327.80156928,34975224.29324319,38506089.66175441,41585442.708747566,45694721.878167026
臺北市文山區秀明路一段１９７號六樓之７,24.992009981066,121.56946999094,14648806.063003415,10090739.693994945,12103222.245554281,15599172.715518825,17540194.657911662,19303847.880595826
臺北市文山區景後街９９號二樓,24.99145992,121.5426944,42019838.96525012,29020345.13600842,39142733.6403766,44899513.725015305,49596263.9423022,54421718.5946068
臺北市中山區民權東路三段６０巷３弄１號四樓,25.06148598,121.542522,5330698.2274134895,2504020.7615489685,3712054.2739068763,5462858.082785029,8173907.931635961,9976722.554570166
臺北市大同區民權西路２６８號十二樓之６,25.0627400004597,121.512010033015,21489724.94585939,18785308.36924322,19981124.95140919,21512738.069791794,23061561.0289258,25030392.13262061
臺北市信義區松勤街１４６號七樓,25.0315695,121.5695748,43813163.897283904,17636771.314944357,36910245.2299148,49571174.58379948,63919684.34292925,86972447.43986355
臺北市松山區南京東路五段２３９號,25.05161642,121.5649724,13626587.318620227,11421051.949556693,12049751.605947036,13793701.163445828,15288066.077387989,15908752.861116868
臺北市萬華區青年路３０巷７之２號,25.0265699927819,121.505009970397,19118234.211136263,17682701.578208502,18311963.994959746,19030628.257702734,19876590.849396437,20806163.50378457
臺北市大同區南京西路３４４巷３５號九樓之４,25.052870016104,121.512259981368,3722934.3877015384,2333150.323275508,2801896.0969626866,4048291.4366146503,4831820.711086037,6021186.755408095
臺北市中山區敬業三路１８８號八樓,25.07836001,121.556515,31653503.87262904,27979216.37641717,30322836.303957198,31963840.918891825,33487173.828336675,35608390.41738306
臺北市南港區舊莊街一段１９９巷１１弄６號,25.04017784,121.6214927,12651546.982274719,9213698.798969215,11391026.952005874,12913606.227233272,14446030.434179567,16661982.236157535
臺北市中正區齊東街８２巷３８號,25.04237998,121.528491,17769300.091608,12272553.87136701,15793142.095803501,18244441.11001481,20720953.954060316,24664177.160589438
臺北市大同區重慶北路二段８８號八樓之１,25.0567100174058,121.513630003442,103083386.02610946,69293370.0906002,80943807.76052642,107119795.04617468,128336416.27357636,159742762.7407784
臺北市內湖區民權東路六段２０６巷７６弄３號,25.0651800143836,121.595479958502,34570223.27000353,11597758.556538945,30903941.461289484,43436608.621590175,52161146.11077608,61092867.78455803
臺北市中山區中山北路二段７７巷２０號十三樓,25.0573400012485,121.524790004606,41000576.47771981,34918384.717003986,37799751.53456752,40412762.23826921,44605697.86299093,51445738.255598724
臺北市北投區自強街３１巷１５號四樓,25.1108799945148,121.512649991323,14949262.132129032,11119794.639089733,13457174.322803952,15700761.318951663,17396749.933601893,19063391.927446038
臺北市大安區和平東路三段３４６巷５弄４號三樓,25.01906798,121.557575,10478157.149837794,7763686.61239708,9470930.636779528,10652322.060269445,11958223.589100508,14003466.103579408
臺北市士林區延平北路五段１６３巷１８弄１號,25.082888,121.509418,9470021.519500265,6245937.771763243,8498603.777329132,10199338.257909933,11474615.987017382,12436511.440140512
臺北市北投區行義路１３０巷１０號三樓之１,25.1292400085969,121.529190000859,27309202.476106048,21897097.226442408,25439526.992556598,27052975.014126025,29412369.89948626,35573832.11629664
臺北市北投區中山北路七段２１９巷３弄１２１號二樓,25.12765298,121.530047,17128410.751736656,11676503.605936483,14884234.413256899,18094501.262410246,21035131.302190904,23867458.715668775
臺北市內湖區大湖山莊街１６８巷１４號二樓,25.08854635,121.5988047,9086826.892993134,5693343.708581165,8003292.660036919,9829222.1865198,10994744.801084824,12021274.444259858
臺北市內湖區內湖路二段２２９號,25.08187899,121.589098,17662884.20005586,15551140.677973164,16636190.301407024,17495263.308995053,18806592.871437516,20105305.71443773
臺北市中正區牯嶺街１４６號十一樓,25.0214900146339,121.518910015709,66096498.76718408,48383455.11053809,53802385.03917813,63892912.01974445,77962093.24210301,101761081.56968662
臺北市內湖區內湖路三段６０巷１２弄７３號,25.089446,121.591669,28265741.18461153,19453557.33199533,25556934.36510331,29091947.056477234,34920690.07345303,40551844.99750223
臺北市文山區興隆路一段７０巷１１弄２０號,25.001806,121.540492,15623834.08548291,13278587.057511408,14723437.597834,15831627.125621494,16983360.584010392,18504788.491977535
臺北市文山區秀明路二段８號二樓,24.99155501,121.574147,24297141.359891575,16084369.393747084,21798279.970218074,26087338.462231923,28020272.143717695,32180341.05633944
臺北市松山區富錦街４２９巷７號二樓之１,25.0613100058685,121.56123996785,14866759.75178923,9811697.171064133,12978677.044896813,16326065.737611609,17944720.73196263,19839168.711608097
臺北市士林區中山北路六段４２７巷６弄１２號,25.11458899,121.527029,21502532.405338906,14007815.729373459,19359760.093363866,22117349.066692356,25624409.719565757,31404290.737397
臺北市信義區忠孝東路五段７１巷１２弄８號二樓之１,25.0419299979889,121.566919964537,11590615.240903113,8868329.645514257,10363598.842677781,12117894.738328256,13757192.799930193,14909749.56480996
臺北市北投區中央北路四段１８巷４６弄１８號四樓,25.1362699946092,121.478869999516,18977093.685569774,13705199.464679236,15355790.42981195,19894678.705528148,23265884.245589226,26287953.50646609
臺北市大安區信義路三段１６６巷６弄１１之２號,25.032885,121.541289,47475814.64921793,39982586.46996008,44876036.48506014,47469999.93651497,50309912.60100767,56223519.52305458
臺北市信義區信安街１５９號十一樓,25.0225699809485,121.555040041709,14700926.950184735,11850365.259058848,13516372.85242517,15131137.244716708,16563888.755709488,18596942.654890157
臺北市南港區三重路４１巷３７號十樓之３,25.0600699871127,121.612709966308,49703303.111779064,38686379.03440351,43319488.844486155,49675264.57202211,58818853.514802136,66000730.022397004
臺北市北投區三合街一段８２巷７６號三樓,25.128721,121.5046084,51065448.46496861,40377784.28291549,44454432.37107563,52446895.88524391,59891914.60599826,63771051.824387826
臺北市萬華區萬大路３４４巷３８號二十一樓之３,25.023990001075,121.498430008766,20241681.424221054,16638268.267821573,19085363.023016352,20857925.615500808,22360581.283006243,23506898.7010848
臺北市文山區羅斯福路五段２１１巷３５號,25.00290348,121.5399751,19443603.235215336,16166105.478938848,17628390.208927725,18793023.015818395,21084731.257973935,25404581.83512967
臺北市內湖區民權東路六段２０６巷５８號四樓之１,25.0667299959188,121.595560005678,41871168.21035699,22150111.962548036,41659068.79133826,49777972.72500243,53310360.15510161,56519055.74877246
臺北市南港區福德街３３９巷９弄６號,25.03796498,121.589974,9905924.47617977,6088948.012941039,8497363.485532843,10733990.235815521,12575210.446532086,13692175.018619258
臺北市萬華區環河南路二段１４８巷１４號五樓,25.03622201,121.494462,6807142.54423941,4478602.712719699,5382998.979816112,7216405.485133346,8502309.360649316,9219116.970777202
臺北市松山區民生東路五段１３７巷４弄１８號,25.05971899,121.56236,52292739.81613477,44384410.635368675,48527767.26810947,52385377.80203766,57221347.34982196,64581304.60380321
臺北市中正區辛亥路一段３３號五樓,25.01944802,121.528361,22894466.65402913,16189293.846879715,19728564.17798329,24329722.440268658,28039048.586286508,31057611.57206272
臺北市文山區木柵路四段１３９號八樓之１,24.9985699937672,121.573749958339,15965723.981853863,11591021.975950424,14151749.751195468,16405840.849130142,18763922.153547395,21341638.845591232
臺北市信義區林口街３８巷１４號四樓,25.0380200077957,121.580090029901,15633629.641937586,13065423.031989712,14816978.321605321,15819203.87288709,16842744.75979015,18384099.628629968
臺北市士林區承德路四段１８３號,25.08770701,121.522516,39676280.72478318,28598091.410253532,35989758.694852695,42415146.03958291,47188111.67292459,52208948.234506994
臺北市內湖區民權東路六段２９６巷３１弄４號五樓,25.0717399851753,121.606280040744,19039969.872896664,13672759.282020034,17506661.642984327,19381988.322543375,21418760.743436735,25287841.79195438
臺北市內湖區文德路２７１號,25.07955699,121.588921,39878649.61628576,30322116.413383324,35724280.68542144,40208465.274325855,50077146.34387331,55026052.32369995
臺北市中山區龍江路８號二樓,25.0514699868166,121.540319994809,21355685.732776895,16739710.4825922,18515567.735076394,21479092.098252542,24697422.611892633,27431047.499615636
臺北市中山區民生東路二段９３巷１９號,25.05873701,121.531054,38489677.87371859,34379224.998198405,37143497.156066984,38848582.19488759,41016746.2192068,45195275.097607285
臺北市北投區民族街５５號三樓,25.1337799826329,121.506419974149,11291645.964325625,7237188.464025038,10238495.247626226,12083398.189846989,13605443.04891336,15348022.269847816
臺北市北投區泉源路３６之２２號四樓之３,25.14027001,121.506538,10470444.543810736,6033283.913486419,8198065.226563569,11284824.46195174,14263473.623838134,15912019.750096897
臺北市北投區中央北路三段３６號,25.1383199985783,121.485730000532,8767991.798085108,6149459.380938316,7556208.242174738,9240752.186684346,11160159.716213677,12972135.331067085
臺北市內湖區陽光街１０１號三樓之１,25.07526399,121.58597,22864747.497514337,19876141.19908508,21171345.81265416,22945162.026928656,24804841.82960838,26212837.86736279
臺北市北投區泉源路３４之１號九樓之１,25.1403700025475,121.506830016853,8733791.160936307,6220188.132571181,6970283.190685598,8810122.932486761,10399232.86965962,12880196.123150282
臺北市萬華區康定路１０５號十四樓之１,25.0392682,121.5020232,17545464.117937416,13872342.991414484,16632625.598224439,18378514.913085155,19725876.532391593,21025741.160251994
臺北市中山區雙城街４３巷２１號五樓,25.067593,121.525133,7788742.371865757,6202953.076608693,7406327.795888438,8188926.6098254,8864918.564203568,9553205.3118605
臺北市士林區中山北路六段１７２巷１６弄２號五樓之４,25.10714401,121.525958,6803146.807701099,3873690.9360212088,5725935.808202681,7381213.629849894,8638099.87312471,9803777.349703368
臺北市中山區民權東路三段３９巷２號七樓,25.063006,121.542418,26642034.307537585,21158967.931167975,24014738.138459407,27847320.68082528,30696971.006824516,32849827.486397192
臺北市士林區德行東路１８８號,25.10854702,121.531018,13788185.336463924,9632581.31280435,12234652.391481481,14392652.025234198,16805395.548991386,20176400.984041918
臺北市內湖區康寧路三段１６５巷１４弄１７號四樓,25.070549,121.612232,15474494.54903493,6689389.410669591,14371819.830489133,18392645.408538803,21265766.420478955,24661248.433329023
臺北市信義區永吉路３０巷１０２弄１９號,25.04354012,121.5679357,20759447.127614856,15082591.463830512,18393200.221536253,21052465.785813168,24010869.610921238,28715841.475078784
臺北市松山區南京東路五段２３０號十樓之６,25.0511399912886,121.565729985743,29206107.298581038,22831193.26606273,26856545.169997986,30479307.285715133,32821564.850183133,35348015.97731017
臺北市士林區天母東路１０５巷３號一樓,25.11865394,121.5364391,21004623.522430725,16442406.64780523,18498073.00567305,21000441.293576665,24383367.68682296,26600722.117397733
臺北市信義區忠孝東路五段７９０巷７０弄１７之５號,25.039853,121.583265,28756695.564924885,17875975.41363569,24035634.858037017,31355195.71935755,36626778.938526444,41018255.62277714
臺北市南港區玉成街１４０巷１弄１號三樓,25.04475902,121.583501,15608092.206472587,11021020.142131256,14564295.50043507,16355684.886930348,18201331.069252882,20868308.18668016
臺北市大安區四維路７６巷７號,25.03434098,121.547575,45193263.8613956,28984487.29979246,39669813.43261305,49940608.11582178,55296366.72122839,62343657.23902945
臺北市北投區泉源路３９之４５號,25.14144133,121.5071504,17127995.08087978,13208322.906663496,14577179.208567463,16106206.642347451,20262952.9556102,25405107.105013076
臺北市士林區福華路１４１巷６號二樓,25.1029399852748,121.522030011528,10295434.04227325,6880830.951107097,8704765.159382554,10973184.560768558,12601536.048823537,14515123.09840244
臺北市北投區稻香路２３７號三樓,25.14398145,121.4881325,21369711.0397334,16528316.969030773,20018914.771646418,21888642.889028877,23751953.30095389,26156994.32302114
臺北市中山區長春路３６６號十五樓之２,25.0544599793174,121.542600040111,32674250.11168043,29580741.361461014,31147748.02232092,32811835.66490098,34722206.71794745,37107768.75839551
臺北市大安區敦化南路二段４６號七樓之５,25.0313700153638,121.548420014581,16682006.233006807,13283559.443381842,14879985.230022699,16685420.032938601,18513895.918640878,21488716.13417281
臺北市文山區樟新街３６號,24.97844898,121.555374,25826445.409369737,19320712.950465776,23542951.582157034,26239575.7150104,28743870.489310995,32363953.031525232
臺北市南港區大坑街４５０號四樓,25.0464404,121.6172631,22784482.30199195,19330562.253471956,20895768.495308004,22932234.376536813,24996996.784389608,27096261.39407271
臺北市中山區林森北路１１９巷６１號,25.05033998054,121.527069966089,14389410.194435557,11871682.321899135,13447210.307221318,15170737.491636889,16735265.178733854,19168943.377766848
臺北市文山區辛亥路四段１３０巷３號六樓之２,25.00467101,121.556539,6569491.462253538,4395663.03496758,5691167.9335610755,6734364.926562334,8209645.238636941,9328371.750932278
臺北市內湖區康樂街１９６號五樓,25.07616601,121.620819,15977908.502782397,10913126.094962217,14705042.06193246,16603783.329176998,18910555.967441577,20774200.038964238
臺北市南港區向陽路１２０巷２弄１０號二樓,25.0547300023282,121.596199963985,15309701.147077069,12666182.451051805,14812124.345479738,15747552.07756713,16708171.23054286,18406090.94514832
臺北市北投區中央北路四段１１８號四樓,25.133984,121.476439,12241550.992732404,10542469.739409776,11365879.112247523,12162713.64086999,13420458.285600714,15077934.949315673
臺北市信義區林口街１０巷１７號,25.03724099,121.57998,16624398.117625345,14383764.131764174,15429974.776556268,16488966.758201133,17908238.400562514,21336883.5777264
臺北市內湖區民權東路六段１８０巷４２弄１１號四樓之５,25.0675800047198,121.592229959365,14698879.189869769,12907409.954023004,13864775.695031624,14790527.876043662,15772476.22217926,16469010.433672566
臺北市中山區民權東路二段１３５巷３０弄１６號六樓,25.06415101,121.534376,15601007.772185301,12152509.796986122,14242593.95193528,15969327.178767398,17774008.40212528,20596747.384181373
臺北市士林區文昌路１６９巷２９號四樓,25.09782602,121.519231,12035063.95046851,8570232.579428762,10392438.771862226,12291441.12058523,14077308.92951918,16079742.614890201
臺北市文山區興隆路四段１２１號,24.98574501,121.561434,12893721.324159332,10366963.379441317,11662160.934753254,12969811.42428009,14750049.577534745,16317409.139970053
臺北市北投區大興街２５號,25.130152,121.498546,21746173.87245481,15267431.754288921,19799244.670402747,22635708.744611904,25594994.971412256,28493972.91191237
臺北市萬華區萬大路１８７巷７號三樓,25.0281599979048,121.501139961882,5742767.400793409,5119640.462799227,5468397.84905114,5869056.279869929,6221615.591036458,6417090.156093916
臺北市文山區試院路１５２號三樓,24.990115,121.546928,11125984.90102359,8185742.740562357,10210984.407993112,11928301.484128948,12849656.016568135,13741839.591468925
臺北市中山區新生北路二段１４７號,25.06182201,121.527964,21414532.724338267,17035599.020361446,19118314.246417828,21755398.31416231,24063830.273073435,26706708.06323555
臺北市文山區溪口街４９號四樓,24.9948200141056,121.539890003176,9596849.719476648,6562147.849763554,8285007.944643379,10014063.38822162,11526074.648616418,14401403.409507401
臺北市文山區保儀路１０９巷３弄３０號,24.98616398,121.56907,11410015.800698552,7597407.929516986,10000162.355160134,12275758.61577149,13967736.006445313,15658274.002688793
臺北市士林區中山北路六段４４１巷３０號二樓之１,25.11660999,121.526995,107133667.16823918,76491734.21130408,98567081.68919903,116566862.92531502,125604810.59016418,133294656.88811833
臺北市文山區木柵路一段３３５巷１１弄７號二樓,24.9889899813519,121.556929993237,11834555.338780638,8230162.519223838,10910794.909511968,12905868.26156077,13974784.196275672,15257160.422413476
臺北市信義區基隆路二段７７號,25.03033741,121.5581396,20538092.616686076,16292965.391955554,18609759.226178,20873213.419927314,23875302.60962875,26379007.783061303
臺北市士林區中社路一段１１巷８０號四樓,25.1099700131966,121.562509993819,7989389.989176602,5229071.229111048,6430349.84560817,8697848.477045605,9893088.83518414,11254897.276063826
臺北市文山區久康街２６號五樓之１,24.9888099799812,121.565039987473,10893430.02358787,8884776.222946193,9996659.527620152,11071125.650969934,11958487.111381967,13109787.616117068
臺北市內湖區星雲街１６８巷１１號四樓,25.08063599,121.59692,19718714.62910469,15270285.50755975,17535849.03275127,20646764.32937522,22404972.66946777,24741070.06535878
臺北市萬華區成都路１０２號,25.04350701,121.502233,20850149.502280142,17997927.6323139,20033150.112996206,21751930.932799436,22748750.90894243,23623289.03540226
臺北市內湖區成功路二段４９８巷１號四樓,25.0735099916689,121.589069981868,16447449.81685434,13632920.987896327,15345818.894174326,16760088.857707296,17936162.3999904,20159307.644004308
臺北市北投區溫泉路７１號七樓之２５,25.1356400107665,121.504809978187,4719102.130846722,3431435.600617192,4070614.203622317,4630991.736577922,5518056.472456831,6403320.209457021
臺北市中正區牯嶺街８３號十樓,25.02755202,121.518357,135469455.8957767,81329909.35466938,97882782.87995633,122234771.65195756,164479302.32906505,338811858.94941115
臺北市大安區信義路二段６６號,25.03433208,121.5261752,35540798.38376005,25503014.118204065,31714244.549619902,35411364.442421995,43037067.641380176,49605235.520208165
臺北市內湖區內湖路二段１０３巷１１９弄２號五樓,25.08447901,121.581102,23549319.59250116,19239363.7067216,21756896.890592024,23876708.424159713,25798703.492814906,28415546.09175409
臺北市信義區信義路五段１５０巷４２６弄１１號二樓,25.02231687,121.578447,15241909.927815989,12253954.568183957,14275000.809112351,15570270.059092399,16881916.253635485,19033995.994962387
臺北市士林區前街４３巷５號,25.09774798,121.525522,5350863.792975078,2990295.820271057,4340598.090304674,5297325.211622408,6598824.189775231,9358637.239308694
臺北市中山區長安東路二段１６６號,25.04821802,121.539741,22460041.787282348,17603186.000634328,19716119.876707077,22011644.87443402,25128206.64815343,30417174.940283343
臺北市內湖區金湖路３２６巷５１號三樓,25.07394199,121.604453,9883483.033782894,8324768.888645948,9018210.496571023,9939229.91650255,10828997.32482064,11625455.15783672
臺北市內湖區康樂街１１０巷１０號六樓,25.0706300116473,121.618449977421,20163562.13324254,15465005.65915002,18057283.80745478,21103794.820858784,22816502.65129534,24004957.54117553
臺北市萬華區和平西路三段２９８巷５號三樓之６,25.0351000041864,121.49370999145,9931014.294025451,6291528.365921393,7994117.061274418,10684569.42436936,12200815.37298639,14172958.332239734
臺北市大安區杭州南路二段６１巷２５號,25.03024101,121.523911,26847723.994774465,19314764.877011083,23008404.71964475,27913995.11124035,31622091.94265216,36644379.73994082
臺北市內湖區成功路五段４５０巷３號七樓,25.0742155,121.6074401,46571869.87172666,35406912.71234765,45072549.00482848,51911539.61368334,59283264.14927239,66132773.11401461
臺北市大安區金山南路二段１８５巷３號,25.028477,121.52668,27669237.987992354,19993194.303556364,24378074.18270526,28770967.04666849,32262963.258603882,38220673.43436573
臺北市大同區長安西路１３８巷５弄１號,25.05012498,121.517647,2373852.640484953,1527318.17812397,2201770.5215309653,2433537.531919854,2676864.3540519774,3257814.7336059287
臺北市士林區通河西街一段９６號,25.085102,121.51235,12104857.156882506,7203826.812551524,10274531.623847743,12726921.300216898,15488704.991678948,20054028.96726886
臺北市北投區珠海路１１４號六樓,25.14181802,121.506084,15887502.071388138,12469298.809874311,14305013.182860043,15585061.24851432,17576945.427955646,22176916.410957113
臺北市中正區連雲街１８之１號二樓,25.03679101,121.531763,35972774.89408115,31546191.16616754,34560373.32513843,37232872.49505119,39377467.44044739,40959221.5960561
臺北市內湖區成功路五段３９８號十七樓之１,25.07622158,121.6074267,42952559.84135091,32817746.248329103,39636086.16576737,44770332.30377432,49070002.50261271,55586045.695724286
臺北市內湖區成功路二段３６９號十二樓,25.0798051407545,121.59124288601,39533106.351511635,27490929.743822977,31296772.270051107,40852194.74044755,50481841.660068266,54549995.21661666
臺北市中山區長安東路二段１０５號七樓,25.0485200179035,121.535250033036,12133621.94954974,10621250.545345558,11328768.46185178,11886691.334195606,12755905.240051769,14408076.002880933
臺北市中山區龍江路３９４巷５７號三樓,25.0673000072442,121.538600028278,17430647.278151494,13467676.765423553,16304068.030518325,17849201.9079724,19253435.69353465,21495299.684668813
臺北市中正區中華路一段９５巷９號,25.03765598,121.507932,77902155.40837425,59462824.63492734,68788548.82641906,85578288.16517772,91644934.43195663,97346560.06156953
臺北市萬華區康定路１０５號十三樓,25.0392682,121.5020232,13475632.442625694,11244952.911773246,11923524.98953897,13204883.212000322,14978788.461422687,16699794.485274605
臺北市大安區安東街３５巷３１號三樓,25.0442499830594,121.543360027272,15597453.9931438,9555805.531853175,14569576.457286607,16715924.607606044,18572696.053668264,21322076.670467712
臺北市中正區仁愛路二段３８巷７弄３號,25.036738,121.527324,17937217.40310022,13370029.201137109,16137805.393452618,18429519.82548367,21272929.994898,23234035.015185077
臺北市松山區健康路１７７之１號,25.05424679,121.5609479,16889721.16056912,12102991.22908852,15716950.536292883,17580197.10248593,19321343.40210428,21477711.18441476
臺北市內湖區康寧路三段２６５巷１９號,25.06651701,121.612183,14923260.706086941,11462298.864015851,14215457.055176435,15672119.4957718,16759905.065108638,17659849.85304855
臺北市中正區和平西路一段５９號十樓之１２,25.026780001366,121.519709984548,14488883.25962028,12419786.104310893,13625538.588103592,14829963.463266572,15715216.051683351,16381540.688783549
臺北市士林區小南街１４號,25.08873601,121.525742,4979154.014044998,3023147.8490992114,3993386.9476434942,5378780.89379373,6268850.557091419,7124348.584510014
臺北市士林區忠誠路一段１７７號二樓,25.10797902,121.530499,30645116.543782786,22103196.92831657,27085522.226365604,31461241.299136166,35208897.559541255,40411322.45324149
臺北市中正區羅斯福路三段１３８號,25.02031299,121.528308,123069353.9117186,105752686.90601492,117492380.792053,125123707.9983755,132463221.37958373,145722656.96533918
臺北市士林區忠誠路一段１６巷２９號五樓,25.10585198,121.525954,22087216.592644855,17971725.625319436,19900435.11141244,21729474.733811617,24745656.746537294,27452094.47819021
臺北市北投區光明路６８號十四樓之８,25.1327677,121.5002257,7765639.190492392,5330931.39765451,7282498.528075066,8349506.933167076,9213863.929409804,10259684.324045355
臺北市大同區民權西路１６０巷２６弄１號十八樓之２,25.0616125506636,121.515490031576,39057492.67955814,33141180.863818124,36583688.702893116,39510734.29751781,42395065.891483635,45884757.91410045
臺北市北投區溫泉路３７巷２６號三樓之７,25.13372701,121.503238,7844642.919487391,5728833.116365271,7144932.402191841,8063595.409715498,9129477.590913167,11081320.08355368
臺北市萬華區國興路１巷１１號,25.02352099,121.509121,10926752.899131285,9486620.624837713,10417958.026339795,11106411.679431695,11765994.991331646,12285914.31106669
臺北市信義區光復南路４５５號十二樓,25.0345100020219,121.557729962076,26061362.95747384,21593970.423796926,24887061.259211183,26620709.669715382,28165726.42739819,30107718.249467332
臺北市北投區大屯路２１巷４弄４號三樓,25.1439100155346,121.499989964766,10637978.033602856,8528004.021054706,9653123.63979815,10782917.06393457,11919913.859760985,13711019.862796409
臺北市內湖區東湖路１０６巷７弄３８號,25.06811301,121.613115,14771138.44819813,9755175.320123566,13662698.47839617,15776792.464345638,17111555.908121742,18681093.441414494
臺北市中山區民族東路４１０巷６號三樓,25.0667100050797,121.538240025536,14398688.80496021,12042833.33507222,13594721.82430742,14678807.798389012,15700104.618398596,16335439.682488892
臺北市松山區民生東路四段９７巷４弄１號三樓,25.0589999952628,121.552850018047,37443827.40593982,30006969.554949798,34120094.259965606,38245701.55290231,41332138.6191905,45941123.82138753
臺北市信義區信義路六段７６巷２弄４３號五樓,25.0337700057001,121.576559991379,17175641.288129125,15554404.979686975,16320408.210628306,17287957.719627947,18638577.543014273,19964137.361232195
臺北市內湖區東湖路１１３巷９５弄１４８號四樓,25.06988599,121.613974,16341515.706584672,11018702.382069807,14351396.924020998,16658061.290552875,19138935.77835382,22705138.20270514
臺北市中山區中山北路一段５３巷２０號三樓之１１,25.0489200023231,121.522880020329,10036119.438007941,7690216.4200317105,8850524.402985457,10535494.252374798,11737501.957981618,12808195.175190758
臺北市松山區八德路四段５７９號,25.050142,121.573796,20966010.985797815,16108711.736617628,19475578.86155572,21827249.907178093,23505225.552307285,25409789.68413333
臺北市萬華區和平西路三段３８２巷１２弄５０號四樓,25.03471699,121.490429,6337317.388990374,3931344.21441801,4893091.708166346,7144300.571792247,8401116.291777866,8972360.088823587
臺北市內湖區東湖路１１３巷４９弄２９之１號,25.06984199,121.615149,29018847.6498666,22839535.131895177,27233423.561460596,29525810.274865124,31649054.44313129,35706846.450099215
臺北市文山區景興路２６２號,24.9899987,121.5426351,7765451.243744787,5494033.245844208,7173842.312450606,7832372.372467255,8873781.095592609,10849504.463263936
臺北市文山區興德路２０巷８號,25.00075438,121.5561528,13553698.651468825,10847060.848378927,12582010.356323102,14110437.14985815,15699866.660916097,18729535.200956333
臺北市士林區至誠路二段９號,25.10198671,121.5303473,19985925.891604964,16198403.105212808,18185722.67498314,20074963.789088294,22847679.50846316,25498230.325496934
臺北市松山區民生東路五段１７０號十三樓之３,25.05830602,121.562775,31907618.88159832,28849666.091205373,30778566.971058197,32263101.41467908,33983342.78411311,35775481.03503556
臺北市信義區吳興街６００巷７６弄８２號,25.01837299,121.57001,14912379.337497449,12403541.14960321,14354086.593090346,15548882.669767454,16474797.125001725,17967146.715856258
臺北市北投區幽雅路７號,25.13729598,121.513111,9212105.162789136,6124339.403466528,8008864.014259751,9606417.922717314,11232577.347274203,12745912.54730244
臺北市中山區農安街１６６巷３號五樓,25.0644300016875,121.533929967104,27441218.545259286,20254524.300277743,23267334.283428937,28493291.040388923,31598642.768443454,36781082.79974422
臺北市大安區青田街６巷１３號,25.02826402,121.531069,17134889.208408233,14558445.06700493,15756134.804289857,17243784.33010557,18882201.31167663,21197898.558566537
臺北市中山區中山北路二段１１５巷３弄１０號四樓之２,25.06136901,121.523758,10833756.085136848,8133041.570834132,9818524.337459052,11160471.793666922,12255660.692638073,13981647.029879697
臺北市北投區溫泉路６５巷１６號四樓之１８,25.13604402,121.504374,7235613.322709326,5081971.587008808,6482346.202897549,7592496.472919038,8392927.12932869,9126973.221808534
臺北市信義區信義路五段１２７號,25.033964,121.573943,10720372.066885374,7603475.364009784,9167008.274667429,10824070.595646705,14717600.219835926,15972022.321456602
臺北市松山區南京東路三段３０３巷６弄８號八樓之１,25.0523300119919,121.547430027997,22918403.30396696,17836726.847533002,20358575.207442008,22832292.447760135,26199493.266874757,32307806.493087254
臺北市內湖區康樂街２０１巷２號三樓,25.0760600180719,121.621439969922,26492421.699483823,22329847.6572489,25319401.121074133,26768822.97491613,28471710.546806246,31681562.398627546
臺北市松山區富錦街５１０之１號,25.0609000050746,121.564440010844,17570173.387512323,13451752.004881727,15828226.147088839,18074832.393740833,19895994.07401812,22805202.942461025
臺北市信義區光復南路４３１號十一樓,25.0358400005083,121.557700038682,26477327.06993769,21399860.92511636,26066396.918410357,27689886.396708734,29485735.262175288,31369817.65498539
臺北市大安區和平東路二段１６號十一樓,25.02567799,121.535814,33798083.046852544,23398578.764572255,29893434.702705353,36254722.07750781,39706095.82316725,42668916.71172216
臺北市南港區重陽路４８９號,25.06096098,121.611939,26485188.258000188,22195808.385254852,25184425.31864199,27512440.545601875,29994480.509652123,33391170.78572963
臺北市大安區師大路１０５巷１８號三樓之３,25.02240201,121.529096,21700928.35376197,15921043.60806843,19526747.44842707,22169612.358379252,26323966.40025022,29209358.527932994
臺北市南港區福德街３７３巷３號一樓,25.0390700088064,121.591729978841,29837644.36941791,21111640.856983684,27049574.616081167,31015811.04366038,35625820.27288307,38910979.20918346
臺北市松山區撫遠街３８０巷２１號二樓,25.0641199969985,121.56480998805,12316993.30049694,8480364.845881889,10706961.002887461,13058940.016747016,14676986.590967363,17521617.09564579
臺北市中山區伊通街１９巷３６號三樓,25.0487899990048,121.535789995238,18367727.147186495,14523486.138551481,17135056.180554327,18939993.58042361,20973674.31017544,22702421.203498952
臺北市文山區試院路８２號五樓之２,24.989859980992,121.548810024536,12814881.63157678,9905492.9659801,11382873.972440187,13075273.633282576,14706198.676292028,16493256.779333165
臺北市大安區復興南路二段１５１巷３０弄３號十五樓,25.0279756,121.5455311,28184126.775313746,25029212.305544123,26631752.60149651,28336458.45211154,29600786.40046776,31057611.57206272
臺北市內湖區內湖路三段１３４號,25.087009,121.590173,14721002.073617179,12346347.033812813,14375041.388734562,15455251.5169933,16220511.674694143,16703671.348787343
臺北市大安區大安路一段１６９巷８號,25.03671,121.546718,44897307.862925835,33983037.79204116,38288384.289781824,46747328.4613387,52555105.45286356,58580220.09571415
臺北市士林區中山北路六段４４１巷３０號三樓之３,25.11660999,121.526995,49609101.09621606,34278497.61497632,42248365.093167715,51534175.72893393,61331235.052341536,65727086.74395494
臺北市信義區吳興街１７９號,25.02862,121.562442,8042623.032435053,6533504.160154006,7667499.319708124,8239925.9673083555,8842488.953584438,9530285.741774
臺北市信義區信義路五段１５０巷３４２弄３４號三樓,25.0264300149989,121.571070012437,22606645.072182946,17261509.409053147,19742446.53961503,22208251.004892103,27084437.408436067,31869545.682307195
臺北市文山區三福街７７號二樓之３,24.9978100066063,121.542979991782,34029285.23624154,27375237.447292373,31075896.300587,34262781.64600295,37885238.03573914,40149781.940615185
臺北市文山區下崙路２８巷１號五樓,24.986167,121.556753,16650217.67126303,13513161.77238603,15078636.036476394,17077268.475132763,18708060.50148976,20477290.14526692
臺北市士林區中山北路六段７５４巷２６之２號,25.1143500186104,121.529240040821,14056450.599509284,9294727.901615322,12040314.857135715,15059252.445635559,16997086.96508127,18624916.04267513
臺北市內湖區康寧路三段７５巷２４弄５１之１號,25.074188,121.610099,6887439.592492958,4055360.1800876623,5412176.68614053,7714714.986412876,8839608.111189557,9764201.288295653
臺北市松山區光復北路１１９號二樓,25.052069,121.557411,21413377.6412656,17024295.632661607,19458953.921154484,21427888.018381167,24759294.85217437,27507950.468984865
臺北市內湖區民權東路六段２８０巷４５弄３９號六樓之１,25.0702700089059,121.605930012467,10016596.044011507,6261509.757218994,9248696.792623142,10973975.75802617,12618542.909693174,14415441.155553423
臺北市文山區興隆路二段１５３巷３弄１號,25.000807,121.548076,13740519.168971548,10923161.16490519,13309358.514011644,14575231.133747542,15936856.971423777,17714387.020452082
臺北市中山區錦州街１５９號七樓之１,25.0604299898541,121.52985996638,16109503.696733907,13492066.086044192,14858174.073476141,16297470.19440588,18120430.761398155,19588954.679164343
臺北市文山區木柵路三段１０２巷１４號三樓之３,24.9867199943339,121.567810038835,7062353.057168153,5199035.572967955,6039648.467737772,7223092.901550121,8468200.45514735,9618367.277867427
臺北市大安區和平東路三段１巷７２弄８號十六樓,25.0276999990585,121.546459990342,26305313.00881747,22916095.19005615,25074561.637806892,26803753.789256193,28224151.08392735,29823938.58093325
臺北市北投區溫泉路８９號,25.13570602,121.507004,26862913.914196625,18331045.72300158,22153602.08002598,28924139.225681424,32987445.295340676,34949126.14248991
臺北市萬華區梧州街６０巷６號二樓,25.0357299880291,121.497110026654,4233572.958064301,2909131.1532258256,3778933.832271869,4244192.75680738,4994578.3306606235,5691081.020395174
臺北市大安區信義路四段２１０號,25.03302498,121.551895,45824079.41278944,30573029.7568784,40782603.8210916,50272192.1917904,54664115.030418344,58108786.11116892
臺北市信義區信義路五段１１７號三樓之１,25.0338200037525,121.573700002196,15141462.381625587,12444201.067555299,13874085.403855493,15349603.393885465,16655784.789024912,17895975.068841692
臺北市松山區健康路３５巷１３號七樓,25.05424599,121.554459,41802618.188636295,34718933.54172776,37602427.94105225,42906606.80987565,47148361.10317089,49004276.3140623
臺北市中山區民生東路二段８３號,25.058123,121.530731,10144624.301643282,8038989.882044086,9054103.119192125,10092670.452448731,11532639.928320175,12809639.128181146
臺北市士林區天母東路８１巷２０弄１４號四樓,25.11923987,121.5355219,18421342.74490148,14232500.689921267,17102440.739332855,18683346.75909472,20387222.089565523,23343287.34199059
臺北市信義區永吉路１２０巷４３弄７號五樓之１,25.04437701,121.570654,16230563.839000128,13765377.28515524,15199679.971274462,16217416.104867684,17642627.29031876,20112327.91719769
臺北市內湖區成功路五段４２０巷１７號十一樓之１,25.07526902,121.608359,34417174.065980114,29146663.009366218,30645542.486213088,33646591.878881805,37226145.44433434,41438337.41797333
臺北市信義區忠孝東路五段４６９號二十一樓之９,25.0409700186183,121.5771000374,46517942.9733524,37208980.94030087,39989489.97402564,46927493.58046284,53179925.323147446,61465944.495998785
臺北市萬華區德昌街１８５巷１２弄８號三樓,25.02316501,121.494035,11757145.493529325,7967661.54356014,10755431.338109167,12392497.33354783,13873773.159710787,14937192.29447797
臺北市中山區民權東路二段９２巷１弄６號三樓之３,25.0614799908649,121.531829965083,9314753.995155428,7143790.156851882,8433535.157654537,9401365.419451592,11099282.167670125,11999746.90323188
臺北市文山區辛亥路四段１２８之６號十樓,25.0050699920417,121.556920018772,19026994.02968941,13206781.505601717,17390221.810101006,20059860.494789302,22624136.15502502,25658648.05416382
臺北市信義區松山路６５６巷１９號四樓,25.03114999,121.577951,14032325.311828325,10453112.143976728,12731222.778829688,15095948.521242356,16293047.853810722,17688874.386511903
臺北市大安區信義路三段１３４巷４３號,25.03004098,121.539508,4046845.603407809,2045426.913094943,2688622.689847228,4069136.6335573383,6016959.186710101,7891852.540329385
臺北市北投區知行路２９３巷１６號六樓之８,25.12216912,121.4665235,15476085.198345697,12755625.57058811,14157822.5414004,15175496.735625423,17348041.464154955,20388323.40571807
臺北市文山區萬美街二段２巷１號五樓之１,25.0025099911739,121.562770000455,11587715.17754746,8440089.678536545,10037985.934238179,11781355.367898114,14190632.023365267,15572475.917369105
臺北市信義區基隆路一段３８０巷３２號十二樓之１,25.03461809,121.5585991,26321287.576447487,22381903.205109857,25119850.282253973,26891914.556133866,28450749.276838023,30960297.05100067
臺北市士林區延平北路六段２２８號六樓之１,25.089468,121.504431,12867817.393453436,10947560.655588794,11789345.089979567,12920861.867425468,14067396.778297571,15145025.964779906
臺北市內湖區文德路１００號,25.07830398,121.582872,7757156.077420909,6076326.483470473,7557930.224798467,8234684.203724636,8933167.28402372,9635992.301446836
臺北市中山區德惠街３２號,25.06658201,121.526014,14216578.514141195,12160256.580187183,13147432.550936297,14332572.603777312,15678799.154934663,17449894.901662707
臺北市內湖區民權東路六段２８０巷４５弄３９號二樓,25.0702099944792,121.605869998041,8288456.204239484,6405264.587834807,8004642.470163782,8639044.017501941,9456395.805086862,10264542.08582363
臺北市北投區中山路４７號十一樓之９,25.1387299993721,121.511780033592,6475404.885624523,4743176.696800883,6003016.424642881,6688691.435422713,7367225.14306985,8272587.859994729
臺北市中山區松江路５６２號三樓之６,25.0677341602254,121.533097870364,7204206.203958948,5414571.6596494,6372523.757932333,7447546.185887988,8345486.369374728,9089041.971697008
臺北市信義區和平東路三段１６９號,25.0240698,121.5532162,12845711.849499714,11049868.711663965,11594634.105769578,12634971.586460663,14250271.101202251,15527636.76123545
臺北市中山區吉林路３９７號四樓,25.06580698,121.530533,17480763.6012197,11466386.53807846,16509529.775076123,18294594.444632377,20732903.207883675,23417500.724989254
臺北市中山區雙城街４３巷７號六樓之３,25.06755301,121.524802,5164881.781794392,3248893.45789992,4394543.076335933,5411765.302733072,6395669.098463358,7557561.846860957
臺北市松山區南京東路五段２９１巷５弄５號四樓,25.0520299817678,121.566519980117,18118940.630730823,14712251.003234778,16607400.207216173,18242795.723251287,20546864.367955044,23282255.718163952
臺北市內湖區康樂街１５１巷７之１號,25.0717300107105,121.619769959533,8512642.491512513,3784954.1690953136,7301511.74361004,9810242.998108996,11899505.598738072,13417082.545333665
臺北市中山區敬業三路１６２巷９８號四樓,25.0777500192997,121.559350016322,31592429.822139308,29204290.09314656,30454065.03778335,31723936.97000432,32860561.89099951,34272673.8909178
臺北市萬華區青年路１２４號五樓,25.0224600103788,121.502439995065,5616428.669270981,4675895.964799974,5214915.551525342,5691017.152535227,6223740.815536758,6518652.522394651
臺北市信義區忠孝東路五段７４３巷２１弄２１號,25.04376551,121.5802544,31270196.26233136,27507673.50027785,29523086.853652086,31370393.98185113,32920030.370406773,35259002.45661372
臺北市中正區和平西路一段１３６號,25.02696901,121.516499,20626425.084537923,15880005.02979208,18729901.239738148,20645157.278367355,23611044.476901144,26402962.718174867
臺北市士林區華齡街１７巷２８弄８號三樓,25.083003,121.518257,16696847.547886329,13695335.315584898,16038321.330269732,17273788.12724439,18406501.781316053,20572794.37549905
臺北市松山區南京東路三段３０３巷１４弄６號六樓之１,25.0532700005236,121.547330031892,18183911.962072644,15485288.21370184,16649645.193323212,17977695.259130806,20408395.908292606,22727599.060333185
臺北市北投區立農街一段２５７巷７弄５之１號三樓,25.1203300036119,121.505350024209,14775952.384982528,11944306.322873084,14089924.91400803,15442090.34926173,16702615.524862872,17875445.221483108
臺北市北投區幽雅路５巷２號二樓之５,25.1372699975675,121.512719980214,10721925.783161554,7014033.774548342,8811701.746701675,11586755.242395092,13804992.922900382,15202715.476408206
臺北市中山區龍江路３４５巷１２號三樓,25.06327301,121.541631,23286360.592962593,18970229.73313886,21600707.68192754,23579819.62995444,25806037.142404296,29497227.73032858
臺北市松山區復興北路４２７巷２５號十樓之２,25.063394,121.546364,16207859.011781076,13128566.880745359,14676421.712391071,16187246.865327328,18110166.733881835,20593851.44144973
臺北市士林區德行東路３５８巷３０弄１４號,25.1091599860737,121.539379964368,26080632.448047746,21018298.2483134,24437715.508844987,26710842.008713648,27999069.43921175,30360854.47965672
臺北市中山區建國北路三段７４號,25.06556701,121.535877,13117765.70823769,8950969.807941418,11423378.042919973,13664794.893780164,15544485.485917326,17728294.641491063
臺北市中山區農安街２２７巷３４號四樓之１,25.066386,121.533805,23967787.46093057,20676086.20171049,22738440.439389616,24162035.173184775,25987561.612564508,28041998.619319446
臺北市北投區榮華一路１之６號二樓,25.1133899973302,121.524710041249,9904996.03354181,7706395.527173867,9090661.919298925,10227998.848507725,11133042.69026441,12213295.553356081
臺北市松山區撫遠街３８０巷９號三樓,25.06418998589,121.56529999411,20187684.833804242,16104614.590628415,19032590.483262986,20650056.19722231,23496927.770112656,26700008.273945548
臺北市文山區興隆路三段２２１巷２弄８號,24.99373401,121.559704,11629751.081346754,7593565.445358216,10030854.972206106,12622652.571287164,14194668.626223493,15260532.39943278
臺北市中山區民權東路二段７１巷２１弄１８號四樓,25.06341000789,121.53236003664,11583806.44182761,9267321.48826044,10341902.314395532,11520780.470315082,12705900.5153667,14856106.212493103
臺北市北投區永興路二段４５號三樓,25.13289,121.50253,33240108.18996789,23452000.882379077,29721100.697813246,34483410.878871955,40594396.19341983,44245433.667866625
臺北市大安區溫州街７４巷３弄６號六樓之３,25.019222,121.532354,7737382.13658937,4161205.22570403,6169625.320184523,8612548.328250127,10555047.931272175,11575351.76641503
臺北市中正區羅斯福路二段８巷５號,25.02870201,121.520639,24438704.090759173,18980445.713251717,21456921.84801317,24410803.335794367,28678419.44350039,30728841.39272956
臺北市士林區承德路四段２９７巷２６號,25.090488,121.519268,7833486.682905149,4981844.569915826,6313390.066186741,8436897.861172551,10306064.40013897,11520296.91043968
臺北市信義區逸仙路４２巷３號,25.04029381,121.562165,92184897.8121275,73713130.00636074,84616738.81009482,93362411.74145326,105640831.22089003,132599690.03562327
臺北市南港區經貿二路１５７巷３６弄１０１號,25.06206002,121.615061,21021925.342174754,15596560.747902103,18271678.266463444,21151484.985659458,24854839.275581554,27450747.87815752
臺北市文山區萬美街二段２巷５號二樓之４,25.00352258,121.5629436,13380904.386494484,8366325.501009657,11687834.544662159,14738696.156707987,16635892.257081397,18190222.80947711
臺北市信義區忠孝東路五段７１巷１２弄７號四樓,25.0420600013072,121.566819968432,21200083.523046486,18270011.34082556,19840668.783946786,21625771.235771745,23338234.359919112,25347749.161799725
臺北市中山區松江路１６４巷１１號四樓,25.0556699908598,121.532309996678,19136850.659414567,16644761.095397638,17930621.319102004,19425694.12488806,20798238.310495347,22459565.637242377
臺北市大安區信義路四段９９巷３２號十一樓,25.0345600000744,121.546870033046,47189817.56670329,42902686.368651986,45278002.89946595,47492635.0198152,49768549.88849759,54301012.38913737
臺北市萬華區青年路１０６巷３０弄２８號,25.02304201,121.502326,5620330.432890063,4364410.234374544,5302261.698431411,5823239.861277373,6305544.36525532,6789173.09575964
臺北市北投區義理街２７號,25.11650751,121.5151888,29537230.731879443,23246151.228831325,26789439.18138999,29885428.88203937,33595331.81177973,37388808.15681286
臺北市大安區敦化南路一段１３８號,25.04442902,121.548503,64447943.13360003,53743982.82650365,60717593.756031275,65023727.20471414,70091063.03454524,78650575.2902841
臺北市內湖區民權東路六段１７５號四樓之１,25.0681799813491,121.596689970045,21684846.242110834,19194331.153499242,20566511.910838112,22143957.680977404,23196647.35619752,24188344.391779132
臺北市中山區中山北路二段２７巷５號四樓,25.0533000077369,121.523740003595,50058412.534570225,37868315.09078347,40846711.02339101,50962951.66927448,61430827.045174874,68290569.00146854
臺北市南港區東新街１０８巷１６號,25.04555999,121.587774,16304484.939189093,14500711.874180166,15554712.376465583,16329009.06720211,17251731.818028074,18620471.29835602
臺北市中正區濟南路二段１５號六樓之５,25.04131502,121.527671,15604634.742541563,11100573.748822223,13372527.438311856,16209321.900448369,18325884.999629192,21127425.62175584
臺北市北投區中央北路四段５０１號,25.12824998,121.468797,7612403.28429018,5253899.108588354,6389774.02568447,8069219.162963609,9461764.771047307,10288399.78342818
臺北市文山區辛亥路五段９４號三樓,24.998439990449,121.553129973613,23952424.332940914,15772943.67472285,21490346.27508436,24909818.196857385,29187056.123039093,33069845.65076619
臺北市萬華區武成街１１巷２０號,25.0180199905383,121.495660041224,9352684.177204473,6691424.771522159,8325238.334637125,9830775.678830363,10973410.282331247,12678517.59733479
臺北市內湖區成功路二段４２６巷７弄６號,25.07140002,121.589044,16388254.444993295,14565551.174339462,15601016.014148856,16513047.943004506,17551288.10602172,18304833.67746222
臺北市文山區木柵路四段１３９號,24.99848999,121.57382,15809546.204287142,9807140.311100297,14006605.892150808,17053579.940952383,19621889.755178455,22002585.407706685
臺北市信義區忠孝東路五段４７３號,25.04101201,121.577173,47498004.348618984,37298711.85479858,40163628.23987411,48781167.14547384,55917229.7700645,62290209.9893657
臺北市士林區雨農路３２巷１６號二樓,25.097845,121.533113,49420127.44427174,35218067.49586555,43140650.54559411,50243484.13706921,60137749.45404542,64254510.20883185
臺北市中山區林森北路８５巷３３號七樓之７,25.04959801,121.526134,9046674.751306338,8193113.589678551,8520123.435199909,8972112.37846266,9489666.414232535,10264472.966728307
臺北市文山區仙岩路１６巷７２弄４２號三樓,24.99600002,121.549908,13734973.956790516,9085760.126084464,12849934.985584956,14702548.35521489,16276758.577161808,17972632.705932684
臺北市士林區雨聲街５３巷４號,25.10257101,121.528402,22668568.691732336,18072771.976380795,21103740.663512807,23724205.433943655,25177741.61151225,27071513.123137973
臺北市萬華區萬大路４８６巷１１弄７號四樓,25.0195099995562,121.496780031126,10183682.416160002,6725363.412701189,8630965.75135735,10553744.783930836,12568161.673800664,14476574.511292906
臺北市大安區光復南路６４０號,25.03149419,121.557255,22323458.922241807,16472834.04729534,19415486.466037188,22741646.979663126,26161402.46872972,29613215.24115147
臺北市大安區敦化南路二段１０６號,25.02759242,121.5483835,35735811.680589035,29867630.28141807,31729618.195413377,35400677.678390436,40524684.56826208,46320675.522381976
臺北市內湖區星雲街１３１號,25.08096699,121.595857,23357759.4354913,16791559.620453168,21032557.131880555,23803886.708445422,27759375.077775083,31029681.453824796
臺北市北投區大業路６３５號四樓,25.13718199,121.498571,24481373.441279136,18879979.388484422,22022536.067408293,24945249.457464166,28343913.315368216,30830193.482803944
臺北市士林區德行東路９０巷２１弄２號四樓,25.10662002,121.528227,26169972.79046917,20743971.701665334,22656261.51629351,25780421.282296777,31625739.940605775,35152662.05727988
臺北市中山區吉林路４４７巷２６號四樓,25.0672399928175,121.53207002279,12511254.771088826,8847387.04593248,11463963.557720503,13119845.174616916,14388582.821937665,15606616.929841315
臺北市北投區義方街９號二樓,25.1407600125022,121.502279984533,10757715.799854562,7295271.818981372,8997624.723051067,10972458.617670892,13037871.93659274,14838645.091218712
臺北市士林區德行東路８１巷１４號,25.10800802,121.527545,25566813.937149543,20796168.22453035,22280901.508503757,25064770.095371548,29649152.88428208,33520350.36103199
臺北市士林區中正路２０１巷２６號,25.09429099,121.527054,14914576.428376507,6058969.749157811,14546038.51678109,18039658.380462337,21581529.01111854,24516929.577918634
臺北市士林區倫等街４８巷１３號三樓,25.0928400014959,121.502409987851,10910576.14719686,8251102.414080434,9675440.279343683,11248484.892775675,12615079.477681806,14277618.148655845
臺北市信義區忠孝東路五段５２４巷５弄１７號,25.04077602,121.580439,16410800.573172497,13972280.710669313,15281260.681447763,16522638.752310906,17919740.669802845,19156983.01105642
臺北市大安區敦化南路二段６３巷５４弄４號七樓,25.03069301,121.551449,30532081.19458073,17828528.146249734,29306803.727967262,34685218.03870575,37867719.48446925,42346284.38648468
臺北市中山區新生北路三段５８號,25.06565598,121.52738,5647993.039904705,3759477.770975968,5001300.163148416,5990382.261582216,6440194.15359061,7688997.019889733
臺北市士林區福國路１５巷２２號,25.10075101,121.524436,22819836.65690913,13576510.681576924,22106566.30414728,25344087.342439335,28099390.794031493,31491276.096066672
臺北市中山區吉林路３６９號二樓之１８,25.065069,121.53051,8672256.668875035,6818302.409603877,7534468.530331413,8567470.73848984,10066863.181425488,11423818.843673076
臺北市中山區北安路５９５巷２３號五樓,25.082200013605,121.547319973608,22938228.986746524,16847589.33208047,20543252.0645287,24099147.052830655,26946663.80372296,29623764.748029668
臺北市大同區赤峰街７７巷１５號三樓,25.0570900109862,121.520220023357,12078964.881085986,7938445.168503138,9908334.111860434,12793641.867229708,14725510.10909692,16733375.168669486
臺北市萬華區漢中街１６０號,25.04116301,121.506566,24141019.14845356,19988554.119730752,21406684.92268947,23131765.895296797,27735671.585851382,33042009.263450395
臺北市北投區石牌路一段３９巷１３１弄２０號五樓,25.11813034,121.5089896,41642686.9273629,31729928.257274225,34948177.20729301,42112339.27774829,47823942.525498316,58553706.87761313
臺北市內湖區內湖路三段２３８號十樓,25.0886599882919,121.588270013029,50462463.790133476,43983262.983253896,47776425.98390272,51592248.83280748,54942780.53421798,58451840.81622851
臺北市士林區德行東路２９號六樓,25.110020011249,121.536340015724,14173454.76620518,12025475.732430615,13250231.136228947,14440461.980591534,15544658.585982103,16446101.158587502
臺北市內湖區民權東路六段２９６巷２８號十六樓之１,25.0720799970776,121.606880017373,31876665.6786018,27606470.709774856,29319763.19409574,31138626.279698815,34030815.00097719,38157895.93573594
臺北市北投區知行路３１６巷２１弄４號,25.12257501,121.468408,10285069.186394561,6773992.01565039,9663168.641671125,10991231.859238422,11942882.826529473,13852328.826318156
臺北市士林區重慶北路四段２０８號四樓,25.0854200055289,121.51162002306,33380992.39902741,24748305.917663306,29672425.123946868,33448982.75938603,39390993.459547296,43258808.41311437
臺北市萬華區萬大路５３４巷２８號,25.01916601,121.495871,9277266.883776432,6149098.920855773,8638698.526109291,9643016.772687044,10726471.572589736,12476146.255412783
臺北市北投區石牌路二段３１５巷３４弄３２號,25.12297902,121.523318,13945901.51039338,10716926.545551717,12278751.979176123,13734674.911707621,16413866.213513156,18582240.328169715
臺北市內湖區成功路四段６１巷３５弄２號,25.08022201,121.593403,17313120.078635544,12957412.846099298,15719721.237740615,17346342.710080933,19882258.777950574,22955406.991833188
臺北市內湖區民權東路六段１９０巷１１７弄４３號四樓,25.0686100148915,121.594229965282,24363188.796554506,21801231.449286252,22762163.896962762,24051256.1796899,25819575.005081773,28072195.37531667
臺北市中山區民生東路一段７７號九樓之２,25.0582700153153,121.526850024949,9444476.148611806,7695644.804604086,8343542.6329143625,9362892.770491844,10530791.267232114,12080396.686400793
臺北市文山區木柵路二段１０９巷２５弄８４號,24.990900007538,121.561680017766,12503867.874755155,8921056.930393951,11471842.153224226,13312699.672744222,14809576.972018985,16083456.611541474
臺北市內湖區瑞光路７巷８號,25.06947511,121.5833814,25649032.8480469,22117617.697219096,23945606.677726343,26609012.569720954,29060903.32264354,30795115.571939204
臺北市大同區重慶北路二段８８號,25.05671702,121.513621,97689332.14133939,66034954.76708976,79077465.01823366,102961073.65298834,128108623.05273236,157538277.555077
臺北市文山區興隆路二段２２巷７弄２號,24.99787098,121.545964,21547413.83980517,15529133.039590403,19674541.669759806,22178216.29158028,25132640.790549003,28715946.785684492
臺北市北投區義理街２５號,25.11668702,121.515304,57792577.121740796,43082408.54336224,48839626.19600768,57831669.13879351,64546413.780778915,72505643.86326037
臺北市大同區重慶北路三段２５２巷２號,25.07121,121.513371,20522365.12845978,9703920.249447629,18253181.82566455,24273762.128342085,26856423.14499665,29941222.892337423
臺北市內湖區成功路二段１９３巷８號三樓之１,25.0664899801214,121.591050038855,20803797.973998245,17075553.761468254,19176543.445713837,20956802.8623163,23213189.034565695,25150018.965988137
臺北市信義區中坡南路２０１巷６之１號六樓,25.04152079,121.5857515,44716343.69730262,29811209.41091813,36010761.67985571,46579253.972742625,57804913.716060705,66508691.33300887
臺北市松山區南京東路五段２５０巷３６弄８號,25.049495,121.566486,21305215.52676064,18351872.66935057,19613180.963373125,21465980.249164097,23085698.99126255,24994796.34975507
臺北市大安區羅斯福路二段８５號九樓之６,25.0257699820333,121.523600025812,26436138.327071186,20219476.880268335,24417843.737062506,28138958.30745698,29993911.61684187,31802107.00546351
臺北市士林區雨農路８０號,25.09995013,121.5327606,41556334.99028252,25450613.174210962,32686112.76898667,44328177.38471924,55596621.20730197,62423937.00748834
臺北市中正區南昌路二段４３號五樓,25.0324700000001,121.51856,13553211.643847402,8823802.152903793,10526930.024572738,14020322.718288645,17404329.068951923,19291383.256403644
臺北市信義區吳興街１５６巷２９弄１號,25.0284399953803,121.560790027287,6537733.187933248,4790391.168762421,5611007.998669629,6434521.562648047,7896569.356520974,9013878.202223971
臺北市松山區健康路１５巷４８號九樓,25.0553599861708,121.553180013575,29980822.379202817,26459663.469526276,28662671.779650554,31012199.266631223,32990460.139186952,35087061.01828345
臺北市內湖區金龍路１０９號三樓,25.0856399885778,121.590909977253,16220280.725516297,13798433.550504997,15556906.806594728,16652890.269018771,17581077.944730066,18581705.34947298
臺北市松山區民權東路三段１６６號三樓,25.06160702,121.548505,40946180.553144395,33219972.01088288,36321965.140679464,40858284.74773327,46806790.06151796,49759121.34602088
臺北市萬華區萬大路１８６巷２弄９號,25.02817701,121.500093,10129749.553510588,6006200.875753179,7501559.42765328,10514040.756263854,13125587.104531433,17379125.993776407
臺北市中正區羅斯福路三段１２８巷２０號,25.02009799,121.527554,16959597.312269855,13452828.19769844,15035357.871747917,16579351.07432343,19437107.898714915,22216527.2271014
臺北市士林區天母東路６１巷３號,25.11842352,121.5338319,9337247.42081453,5987406.180538317,7964012.390121035,10046822.849359889,11320835.11566717,12920127.246150209
臺北市內湖區內湖路一段９１巷２９號,25.087059,121.562799,16014148.784740249,13975871.22658811,15328194.257726278,16242542.633644339,17227261.706900153,19232280.73308408
臺北市北投區中央北路一段１５９號四樓,25.135422,121.498394,21856873.07705093,14638728.146254066,18935957.6463093,23038805.667677693,26072577.274452142,29170043.846517257
臺北市中山區新生北路三段２６號十二樓之１０,25.06370798,121.527389,6495582.970172643,5462117.314335345,6019515.579410915,6389082.470670573,7261696.516894705,8134711.730157306
臺北市南港區研究院路二段１２巷７號二樓,25.0478700013123,121.615369963281,36062241.67142232,31061723.812909864,34449897.1590299,36913067.861997366,39126969.185794674,40911502.37791637
臺北市內湖區成功路五段４５０巷４號八樓,25.0747200032113,121.607189980153,33587365.81775513,28411420.113407828,31591247.358133886,35479250.654381394,37960328.40971576,39965904.710346095
臺北市萬華區環河南路二段１７５巷１號八樓之１,25.03277901,121.49243,9401732.733810488,7372075.150046412,8643832.57558892,9574062.799262343,10895755.243385086,12060728.285321943
臺北市萬華區西藏路２６３號,25.0284708,121.4936068,10506024.987191139,7316527.703428697,9668583.421666145,10693610.74299005,12095481.23966612,13822768.961877545
臺北市士林區大南路４００號,25.08954101,121.515861,13333576.728100821,9469417.539562238,11454904.07406796,14089218.268205237,16029601.815200612,17423554.017895855
臺北市松山區光復北路１９０巷１４號七樓,25.0544599793174,121.555270041132,51450109.39922258,44628753.08328475,47666726.41713388,51706234.808227964,55582790.31850566,61787473.93999076
臺北市大安區杭州南路二段６５巷８號三樓,25.0297300121885,121.522710035333,30223926.142045505,26952239.123593885,28500127.792088117,29785709.898607485,32094498.186306912,35646277.88479214
臺北市內湖區康寧路三段１８９巷１４１弄１４號,25.07369699,121.612115,21604520.003081642,15345308.307395399,20787089.379851475,23208000.409583237,24469855.653788466,25752282.348602574
臺北市大安區信義路四段１５５號十六樓,25.0336400023818,121.55009002497,69461810.3842392,55846870.91611806,63497253.23503962,69152490.30772947,78616142.00742812,86257647.57354976
臺北市萬華區桂林路１０９號,25.03856701,121.500843,19861120.860792246,16502003.588160483,18225563.265048977,20066346.080779545,22032478.55858473,24196493.1722712
臺北市中山區復興北路２８８號二樓,25.05911101,121.543924,28616433.134802744,22941763.13108476,26105314.27629493,29174247.000343878,32259553.72223276,35542033.57353168
臺北市松山區民生東路五段１５３號,25.05904149,121.5623624,18838988.226761732,16032666.68868209,17362650.876079123,18731935.35444202,20769308.500069357,23383980.485332206
臺北市松山區三民路４３巷１２號五樓之２,25.0562500185595,121.56054996958,23720415.923799105,16988131.148011886,22260144.94502973,25184408.6792896,27348523.799804777,29504037.046609953
臺北市文山區木新路二段１１１巷１２弄２號,24.98363298,121.570227,11456299.282442654,7130387.85751383,9762535.271249224,12683126.176736388,14299363.782687355,15490983.109807536
臺北市內湖區民權東路六段１５０之５號七樓之３,25.068799990727,121.589620002354,33472143.942846853,30419926.824055083,32123644.18395367,34446350.88043477,36767359.46889745,38146779.02834042
臺北市萬華區西寧南路２８７號六樓,25.0388200185442,121.506419974149,14793332.014686402,11687577.967156865,13013106.35753931,14544143.026033457,16731918.074941782,19139365.32461093
臺北市內湖區康寧路三段１２號,25.07284698,121.606532,61160203.57128022,47838126.9433371,54797285.488606036,61397104.28372574,66261108.095927306,79646168.24467626
臺北市南港區松河街７７０號,25.06154998,121.61176,10141152.972210865,8952583.841183677,9396737.128466148,10099250.095818093,10793168.243153268,11777202.438713605
臺北市松山區南京東路四段２３號二樓之３,25.0518599967714,121.550460002176,10555984.752493333,8457159.016466202,9220896.443011966,10790808.357620738,12236939.318970885,13753108.390852733
臺北市士林區重慶北路四段２４４號,25.086541,121.511329,14304762.477459073,10864691.082022943,12730513.179482559,14447603.324085778,16726655.50154605,19592887.72472866
臺北市南港區重陽路４７０號,25.05971912,121.6112869,46146447.76017076,31552590.08492828,41350776.15866207,48622183.02273534,54774513.147756405,61402434.50746514
臺北市內湖區內湖路三段７２巷６３號,25.08837002,121.591062,27275642.131484702,20653818.785740644,25538311.18328674,27629015.661885954,29998118.367035616,31974299.48810995
臺北市北投區知行路２１４巷２９號,25.1205372,121.4684029,81500602.84357299,47898731.50873521,62914000.59904488,82717218.20019735,116846306.96623509,143120806.53923166
臺北市北投區永興路二段１８號二樓,25.13289,121.50253,12486985.64517008,9672329.803016797,11289380.391043406,12728764.916032702,14225479.499251826,17359246.816882975
臺北市文山區興德路２０巷３０號,25.00104968,121.5561924,18767982.969410494,13809214.118976412,16996906.528770022,19579108.812993955,21875430.9384813,24166703.10664757
臺北市信義區基隆路一段１９號十二樓之１,25.04844768,121.5692789,19332383.313036103,16220014.666959148,17496248.94106321,19161016.403601144,21726107.65316908,24119138.981293313
臺北市松山區富錦街５８１巷２０號,25.0628200057255,121.56645996569,16708892.332055997,15483415.33395972,16010695.809991354,16602641.78595721,17552969.586144704,18922413.393693525
臺北市北投區天母西路１２０巷３９號十六樓,25.117892,121.522967,94514305.22654685,58576072.85659652,75682177.63116337,97331519.44019488,125987323.55420308,152054600.7186503
臺北市文山區興隆路四段５８巷２４號二樓,24.985433,121.560236,18492803.12653553,13194186.364880942,14605594.787475426,18467965.59398572,23328580.039835133,27979599.732235342
臺北市信義區松山路２８０號十四樓,25.0437399861606,121.577319978539,18555937.412878133,13835847.85718362,16391563.436383296,18568907.916823875,21858192.489244126,25182377.342545994
臺北市大同區重慶北路三段９巷１６號三樓,25.06418998589,121.51454002667,13757313.930482017,10518640.873218283,12728161.461954191,14301059.46708936,15701155.224170277,17123468.84627407
臺北市文山區政大一街２１０巷４３號,24.98493599,121.585099,14620849.475464752,12733849.834759593,13848455.330459824,14919431.576318843,16046358.787993267,17657973.92420101
臺北市內湖區康樂街２０巷１４弄５號三樓,25.06846002,121.617157,14384144.378570726,9950442.879399117,12169782.152972024,14685345.290786207,16824775.56023713,19866185.207832377
臺北市松山區八德路二段３４８號二樓之９,25.04773199,121.545319,14493759.359967582,10545536.605749642,12422566.434231402,15291950.223240012,17087918.410894774,18578145.280944914
臺北市內湖區康寧路三段７５巷２１７之３號三樓,25.076482,121.614404,13720291.74382816,10238509.082438536,12835224.481630543,14374395.898922889,15442253.644769236,16902045.04611086
臺北市信義區吳興街５８３巷２０弄１８號,25.02122401,121.569836,5576060.392000526,3378509.1038996205,4332727.808394777,5473602.478106145,6456734.906111698,8778419.127798397
臺北市中山區松江路１１８號十樓之６,25.05169089,121.5327718,30587424.82900715,17407521.82054138,27743523.91580317,32609734.340411708,39402603.63296177,45471233.270020306
臺北市內湖區陽光街９２巷７弄３號四樓,25.075559995638,121.584030027308,15173476.284557236,12961414.553092545,14340724.668768149,15501356.101012323,16349593.663210891,17648963.399295855
臺北市中山區林森北路１０７巷３０號,25.05000399,121.526051,5204105.926806042,3820513.9970307946,4785041.113485783,5372583.674398542,5978901.742857808,6583602.393873464
臺北市文山區興隆路三段３０４巷３２之１８號,24.99597701,121.555263,16741619.55748784,11778905.195534166,15412193.455596715,17647007.51145127,19432899.951379225,21411980.155330636
臺北市文山區興隆路二段７８巷４弄１９號二樓,24.9990299926135,121.548539959615,14200989.263349054,12017996.743573762,13385231.45842832,14591922.974949706,15557623.51319087,16940405.92307866
臺北市松山區長春路３５３號七樓,25.0548299984331,121.545590032612,39228441.53314714,34390175.60935248,36317386.42282283,38564865.09374207,41709564.89044666,46200423.166639924
臺北市士林區天母北路２８巷３９號二樓之５,25.11939666,121.5255461,7972716.534249119,6489094.185657259,7285820.727750432,7982983.623172396,8905448.324373972,10307565.702613477
臺北市松山區八德路三段１５５巷４弄１６號五樓,25.0485299923683,121.555810003335,23041131.09654337,18057831.78798183,20341190.58818616,23364937.782961078,26800786.950066533,29312860.94970902
臺北市中山區龍江路１００巷１之２號,25.05266101,121.540151,19621311.78859339,14985336.115572598,17933724.30752729,20022838.903253183,22061215.11924852,26148955.139012504
臺北市文山區汀州路四段１９７號十三樓,25.00360999,121.53585,45399107.28283839,36855565.23921052,42427255.58880882,45940348.38572429,49841233.037104756,56058109.97021519
臺北市中山區龍江路１７９巷１３之１號三樓,25.05512601,121.541329,11289964.15856295,7434276.4117311025,9389171.071682516,11643233.737606106,13718086.80823692,16461539.040024415
臺北市信義區吳興街２８４巷４３號五樓,25.0224800012179,121.56355999483,29196017.40658455,22230591.785026897,25950034.710376993,28677064.712092914,32951362.794773586,38905893.51472284
臺北市信義區永吉路３０巷１５７弄１８號三樓,25.0422200118388,121.569460016475,18244414.66278085,14947050.192523211,16897800.15304654,18584487.06247649,20261082.87312,23732592.977308623
臺北市中山區新生北路三段１號八樓之１５,25.06288702,121.527991,7186317.854195522,5938769.128449364,6854089.0063732825,7519376.052827629,8049884.417414134,8580568.16647466
臺北市北投區石牌路二段３２４巷９弄２號,25.12152401,121.524384,44529488.30756903,28330323.984385382,36064403.78178887,50330518.557571135,62848898.63190539,66930763.72263741
臺北市信義區吳興街２２０巷１１弄５號,25.02749401,121.562365,27920519.8369786,23226634.627708808,25092924.85235807,28806239.983190756,31386481.19069988,33436773.30998144
臺北市南港區中坡北路６０巷１５號四樓,25.0468599819797,121.5813800048,17572372.912019677,13599528.59448643,15964456.951842405,17758121.01730572,19579457.06010184,23452874.726162262
臺北市內湖區東湖路１１３巷９５弄６０號四樓,25.07296701,121.614961,14201394.331034029,9571057.993132219,13376597.026718,15004225.273678482,16427787.854847735,17622912.34572559
臺北市大安區復興南路二段１５１巷５６號,25.02799999,121.5459672,25744810.01726654,21026956.76257251,25035256.49155944,27111839.45496311,28591252.9848895,29643127.69287948
臺北市大安區永康街４巷１８號三樓之３,25.032899,121.529344,13292218.838775717,9025479.215598086,11299910.431683974,14577427.801486885,15900230.973252853,17014073.057976563
臺北市士林區社子街１０７巷４號,25.08796966,121.5053743,11799156.295931716,8672490.371230112,10547977.379058,11753229.376560915,13447555.681545056,16506425.023641491
臺北市內湖區瑞光路１１２巷５６弄２號,25.07118799,121.579843,34003946.60149648,16962461.477040388,30120489.5490715,36857088.344188586,46045370.08946335,54474898.532294236
臺北市文山區和平東路四段３７７號三樓,24.9995699967256,121.574029997724,17877215.7036219,11309074.183757693,14584953.65609875,19401731.315945476,22630727.313156154,25700997.348022465
臺北市士林區中山北路七段２２６之２號,25.12721,121.533214,36790270.80073784,25681716.83062157,31359099.015848253,36832800.37139495,45335150.93533598,53685844.65272359
臺北市內湖區康樂街１２１號五樓,25.0709400163363,121.619229997331,13782162.564214123,11446534.762683809,13193957.761974085,14137318.782010907,15033609.01003921,15774312.072142731
臺北市中正區牯嶺街１０３號,25.02568499,121.51913,15869826.529223934,11209488.26181798,13532202.885997245,16316665.808252372,18569076.75624339,21442932.148006175
臺北市北投區光明路２４６號四樓之１,25.13649601,121.508296,15695957.351862842,10442109.365733968,13834235.00495855,15785069.213934137,18715981.376068693,23045393.457463235
臺北市大安區和平東路二段２６５巷２９之１號,25.02753601,121.544184,46577333.55008605,36232930.65108514,41973492.28148134,48046750.19566012,52589301.51393785,57364043.12938219
臺北市萬華區環河南路二段１８１號五樓,25.0325200124795,121.49196999217,7603908.346977844,4116562.476491457,5500254.6782465475,8441566.29668745,10516666.710991956,12176693.202715375
臺北市文山區萬利街３０巷３１號,25.00127701,121.564245,12362639.51349178,7446779.673118146,10311389.894353779,13763139.84618438,15586887.43251838,17138448.49152712
臺北市信義區吳興街２８４巷２２弄１１２號,25.023206,121.5609,12889922.065234788,9400852.718441462,11266567.223548893,13422024.238011044,15580184.996615399,16448293.716707084
臺北市中山區龍江路３０９號六樓,25.0612100097636,121.540860040831,28534269.11182057,24158306.184935264,26894139.16832921,29339319.451469555,31477409.741521295,32693987.324881516
臺北市中正區中華路二段７５巷７號七樓之３,25.0337799801649,121.506660031856,25346072.927070785,17112943.075833164,22875188.826872,25929419.634159245,31204266.271681555,37297499.61174258
臺北市內湖區民權東路六段３９號,25.06903502,121.584562,20212226.30339817,14124654.510180853,19072369.99793718,21246048.51353889,23514627.756995566,26051276.872264132
臺北市中山區合江街１８０巷２號四樓之１,25.06101798,121.539083,20776338.160044644,16078649.666459108,18725139.737590723,21489851.087994743,24011326.140375495,26204526.015415743
臺北市中山區林森北路１０７巷３０號二樓之４,25.0499899941729,121.526030023362,6684561.528989292,5202617.257161033,6216701.4489585385,6789295.99710927,7700916.555546575,8397519.116900902
臺北市大安區永康街８１號,25.028735,121.529765,27432040.15548251,22093218.422859006,23930823.406905416,28202554.288399577,32248934.68141674,36330646.83663731
臺北市中山區林森北路４８３號五樓之３,25.0611900189245,121.525740009512,19950899.262945153,13222475.96406205,17205534.418329608,20648540.44011265,24383460.134143684,28180925.527456228
臺北市內湖區大湖山莊街２１９巷３４弄３號,25.08946599,121.599536,8084853.385375887,5737019.55344889,7604473.969610427,8405978.837715615,9194581.616077635,10085572.003428373
臺北市松山區光復南路２２巷２８號,25.04683798,121.555899,5186746.433710913,2968021.911330149,3947088.035979053,5244503.054867695,6949406.639747364,9017139.671031807
臺北市中正區連雲街２６巷３號,25.0365900132044,121.531459987877,8070955.018428976,5302451.522344479,6466359.27295438,8828036.556365807,10371775.075314,11332688.018800907
臺北市大安區潮州街５９巷５之３號,25.0295000127654,121.524509965221,45802267.78894303,38150953.91479169,43615655.58294037,46994562.77385837,49473912.92140493,61004548.70120556
臺北市松山區撫遠街３９９巷１３號,25.0656328,121.5664063,15736300.207200317,13424162.68182518,15554483.96188442,16456534.640000615,17412214.681258183,18922413.393693525
臺北市松山區南京東路五段３２８號八樓之３,25.051056,121.568634,19903439.254273016,16622198.918345328,18790502.630444065,20376561.20803439,22026288.177232385,24034598.24983436
臺北市大安區忠孝東路四段３１１號十一樓之３,25.041614,121.555809,6601570.739324326,3767547.54281974,4969919.083765604,7228977.372452911,9621472.488215562,10489770.447217219
臺北市大安區安和路一段２１巷１５號,25.03953701,121.551054,42096556.03155566,32451253.335920654,36378034.787445426,44845965.723979965,52015316.71692212,56287727.03638746
臺北市文山區木柵路一段５７之４號五樓,24.98695498,121.545432,13253135.588557053,10092500.036057414,11973559.958429206,13968925.787367074,15119139.28864904,16536500.384124825
臺北市大安區安居街８４巷１４號,25.01977202,121.552462,17390874.7293791,14646202.718513409,16039581.697059773,17552918.97514954,18861737.753176562,20769802.29548284
臺北市大安區延吉街６８之１５號,25.0431900075838,121.553940000736,18419437.82637406,13069228.694793735,16120115.490373883,19055521.069477685,22563450.726454463,25653743.590747107
臺北市南港區重陽路１２５巷３６弄４６號六樓之１,25.057145,121.5964026,36582848.21493145,31405181.514290366,34931181.27640072,37585960.06328839,39512952.49011436,41763407.934320144
臺北市中山區德惠街３４號十一樓之３,25.0665800017615,121.526249964501,4558130.120228326,3470832.1416332326,4138065.577834404,4711949.306094629,5173240.630366436,5720357.07037877
臺北市大安區和平東路三段３７２號二樓,25.0190699915491,121.557919979821,13014955.764715184,9496113.278375989,12406231.333497401,13483918.373195875,14690747.225052344,16417603.006891124
臺北市士林區社子街６３巷１１號五樓,25.08795054,121.5069524,13214032.004322134,8214977.113335733,11157438.81869495,14168392.16601399,16421515.28462648,19159306.175115608
臺北市大安區市民大道四段６４號二樓之１,25.04484401,121.546833,17911040.105791364,11353132.49742326,16240424.0236569,19112082.3010337,21916562.64444694,25030304.073570102
臺北市北投區三合街一段８２巷７１號三樓之１,25.1284799795265,121.504389961019,18203574.637891646,14129319.175864449,15620625.980275482,19091812.210281458,21926975.32888498,23681829.136270702
臺北市松山區民生東路五段２６０巷５號,25.05854498,121.567122,35507902.631387345,25947129.976692393,30444387.994426917,35859612.753940344,42008431.17172538,46669435.903808475
臺北市內湖區港墘路２６巷１０之１號,25.0827600085562,121.577579985176,19181557.76954838,16797881.235276323,18001295.38812838,19198572.468372695,20708822.4319351,22414514.53062011
臺北市中山區龍江路４５５號,25.06751601,121.541121,15638907.384844294,13964227.574338261,15133567.226221789,15963052.014934259,16720375.364834148,17708890.127868112
臺北市萬華區大理街１６０巷２２弄９號三樓,25.032618,121.494373,7954775.300571716,5186334.033732932,7138854.343219048,8584091.613552293,9588658.26820622,10513220.407254443
臺北市中山區龍江路４２９巷１８號,25.06671801,121.541885,17292876.079873167,15327924.865739645,16436851.111449461,17212980.132349174,18409517.61990304,19932850.265848793
臺北市士林區忠誠路二段９８巷７弄６號十二樓,25.10855498,121.530083,65433307.84815055,59687010.00249988,62823405.51514621,65105823.9743758,68098174.60220361,77281574.42391536
臺北市北投區大業路５２９號四樓之５,25.135199,121.496266,6245244.172942121,4567456.047644188,5290840.604255856,6122334.678479023,7599257.515340688,8675197.690167341
臺北市士林區重慶北路四段２２２號七樓之３,25.0858689,121.511468,26842603.512554843,20018655.99196707,23584932.272775494,27186632.45919853,31781078.53522298,35221568.243107006
臺北市士林區福志路１１８號,25.09859992,121.5278051,63899907.03566734,58498084.07884031,62198525.94300817,64544695.566450104,67271848.6326807,69247358.39152688
臺北市信義區吳興街２８４巷５９弄２號五樓,25.02215998,121.563374,20748532.72754094,12613030.894935222,19089042.573612936,22853827.287220176,25054421.803925686,27517851.076973364
臺北市松山區敦化北路１４５巷２３弄５號七樓之１,25.0530299847261,121.550350031606,24563452.194127776,18186056.94606384,20934875.916849963,26596870.216897782,29561679.511971023,31122993.79544535
臺北市松山區延壽街３３０巷８弄８號,25.05589999,121.55935,47636062.638726816,38003842.96765308,43265698.16991213,48098772.50466232,53760429.698156625,60734435.177734256
臺北市文山區景福街１９７號,24.99467501,121.53783,17467071.40350998,12257268.279720925,15174128.051482344,18555933.942680497,20767182.79045012,23841893.722447366
臺北市北投區致遠三路１４７巷４弄２６號,25.1209200057764,121.508860029983,11323075.868825827,4311149.571021781,12473934.758203864,15134094.829149034,16709732.367299756,18027397.759700626
臺北市北投區大業路２８０巷９弄９之１號,25.12775201,121.498559,11174258.014661416,6290221.105878467,9541720.40473018,12673701.71087861,14181388.65144504,16013371.586008059
臺北市北投區中和街５０２巷２弄１１號五樓,25.1455700095489,121.494899970244,9787318.051344067,6798687.43627979,8290814.23370433,9983249.061774578,11519016.152121369,13543935.607791075
臺北市文山區景華街１０４巷５號,24.9950800207421,121.546320012559,13624793.536604404,10087558.501219276,12829413.071004115,14502195.191255022,15657510.835625445,16871039.073491275
臺北市北投區中央北路三段４０巷３８弄１６號,25.14017299,121.485454,16237944.865615066,13980166.463498775,14688967.826989446,15645423.15537068,18477406.86818594,20429471.574362475
臺北市中山區復興南路一段３０巷４號,25.04649549,121.5433845,9663430.28710169,5736506.318193581,7980592.808389344,10240188.20105365,12054197.604600985,15228492.647911102
臺北市文山區福興路８２巷４號,25.00573698,121.55095,12669080.184166081,8446358.310575498,11058653.16718942,13401937.969207916,15670199.496449228,17870441.57194287
臺北市信義區吳興街４３２巷１２６之３號二樓,25.0227299914801,121.567699984446,17976703.93567645,14651380.016060822,16432544.97467383,17827429.231929876,19539304.403084774,22559402.909676455
臺北市北投區中山北路七段２１９巷３弄１４７號六樓,25.1283200109044,121.530439994079,15774773.089074373,12128729.829654466,14196953.31037633,16046628.489336796,18041075.08841481,19393015.16778235
臺北市大同區昌吉街６１巷３５弄１號,25.06677999,121.515062,4390660.346631706,2684340.767400502,3630346.255222737,4616211.959712127,5418626.341408571,6171011.525656978
臺北市士林區中山北路七段２１６巷５之２號四樓,25.1257800008756,121.533459993793,27818742.042141456,22470516.745203003,25894107.429789566,27789959.737604138,30353805.449531235,34084706.7753128
臺北市中山區德惠街１２號四樓之１,25.06656198,121.523756,18382323.067949455,16460879.434725292,17062270.00859634,18025022.787326258,19432064.659804113,22757481.891656946
臺北市文山區興隆路四段６２巷１８號二樓,24.9850499839452,121.560319970157,14655150.10860904,12125016.15370533,13242783.903915495,14886376.769208418,16277316.389065724,17891349.244528443
臺北市士林區中山北路六段２１２號三樓,25.10835499,121.525346,61474587.01236923,52247438.95494407,59361643.07934076,63510050.855892554,66597953.63106261,68637361.41018775
臺北市北投區文化三路１３０號,25.139693,121.498597,14052050.236251334,9318251.863172784,12357744.388774933,14791194.905146357,16953445.570424646,19734946.544770274
臺北市士林區雙溪街１０４號三樓之２,25.1008399832532,121.525940001721,5302551.178975481,3317386.4037572,4398126.798354442,5809907.468655205,6512119.987680674,7391018.984421179
臺北市信義區富陽街２１巷６弄２０號四樓,25.02234602,121.556716,18669286.822581332,15708716.996493127,17144388.24175236,18264397.086221028,20418293.019888923,24853602.840467453
臺北市文山區興隆路四段７２號二樓之５,24.98426301,121.561598,11754344.073653588,6939687.371700381,10410456.967702497,12426412.534995865,14048671.938910536,17148458.82903758
臺北市大安區永康街７５巷７號二樓之１,25.0289400178143,121.53024000187,16546032.31141396,12443080.56819597,15220204.636698827,17225307.04222385,18955204.704201013,20836800.13868301
臺北市南港區八德路四段８７１號,25.050846,121.580138,7499820.683580602,4432454.628430514,5938029.470076021,8406285.777709737,9604918.787230207,10631657.034209441
臺北市松山區光復南路２２巷３８號四樓,25.04675701,121.555421,33055990.47757779,27495424.852152184,31752325.863400184,33895755.642158166,36191216.83217994,38360608.42695172
臺北市松山區富錦街３４６之１號三樓,25.0603999826407,121.557419999296,30928723.175661687,24359962.47953073,27220456.274278276,32756077.403954223,35370625.33527308,37356110.253805496
臺北市中正區同安街６６號四樓,25.02312599,121.520884,21844074.37705836,17250015.045130175,19176206.736800466,21971108.484204885,25838820.081307985,28990539.340623066
臺北市大同區民權西路３００號十樓之２,25.06283899,121.5104931,20459764.930081688,16672732.694158113,18428221.641484983,20451456.209224567,22903432.455407903,25590347.88228142
臺北市內湖區行善路２５巷５２號,25.05694702,121.577282,24025899.74412676,22022706.071265493,22931002.019226655,24048154.44911857,25410486.899450116,27474753.807464022
臺北市北投區吉利街１５８號三樓,25.1185499807441,121.508649979489,14301824.77357838,10685263.12183278,13323186.409074424,15484179.911448177,16899050.727674708,18208406.962577987
臺北市松山區南京東路五段２５０巷１８弄１號六樓之１,25.0501199974912,121.566939997285,22184784.091048174,19272142.19395414,20487554.19089382,22061044.01743733,24123648.323100075,25728344.308070786
臺北市文山區一壽街２０巷１５號四樓,24.97970401,121.5556306,11920291.748114021,6874661.256453497,10728130.536167495,12800884.749687841,14869783.94082493,17042585.792015772
臺北市內湖區民權東路六段１８０巷９２號八樓,25.0655999896422,121.592440009859,32454017.929766808,26498282.096155204,30060131.087979868,33385891.953475058,37114451.65228819,39669825.83931197
臺北市內湖區五分街９１號八樓之１,25.067327,121.6156697,6791280.838349982,3975895.9781173123,5895356.009544714,7655733.607137923,8476657.023881128,9436193.438033938
臺北市北投區中心街２７巷２３弄２號二樓,25.13843898,121.510244,10382411.735584665,7079316.330991788,9051762.664913656,10864413.725110732,12615219.464795886,14789060.855066568
臺北市松山區南京東路五段２５０巷１８弄１６號,25.05009699,121.566953,11250583.49937367,7847550.720692605,10233160.748027314,11745281.943862114,13352864.22497231,14932031.62731936
臺北市內湖區金龍路２２２巷２號五樓之４,25.0878000050261,121.586569995427,21664949.25998524,16190779.640383102,21426121.81426989,22959449.41045305,24346669.819253482,25868851.352768466
臺北市士林區社中街３４６巷１弄２８號四樓,25.0927700126044,121.503529977754,7867468.235412996,5132724.565276767,7026343.97569631,8555428.563000882,9326534.913370663,10276393.350843152
臺北市中山區八德路二段８８巷２號三樓,25.04541901,121.535794,20256259.287154727,17033396.162755575,18312227.110597316,20375540.7107421,22226476.725708615,24803280.21219624
臺北市內湖區成功路四段３２３巷２弄６號二樓,25.08429201,121.599017,15811836.787561856,13875676.424623806,14990054.112891145,16083734.924454639,16931489.461595833,18942504.229704514
臺北市中正區延平南路２３０巷４號,25.03420901,121.507037,33597807.466627955,19909193.923473027,27730429.435640436,38259957.439200655,43457171.90150985,47151648.59073719
臺北市文山區忠順街一段１０巷１６號五樓,24.9833699990918,121.558339996989,23090737.91884039,16461890.900217982,20971374.729581624,23522971.851738453,26469689.549297195,30100185.087037034
臺北市南港區三重路４１巷３７號七樓之１,25.06040111,121.6128097,39965092.70804115,25950371.348918952,31879838.670269772,43439088.55572763,49058130.70353604,55637443.25663196
臺北市北投區大屯路２１巷１０弄１號,25.144677,121.499991,7439346.037475194,5322475.0872567445,6204261.19822549,7531502.769571044,8375456.473650117,9311640.671736633
臺北市士林區忠誠路一段１７３巷３８號七樓,25.1084499969652,121.532530021636,59984561.025562726,47415446.5305801,56038556.93438007,62791390.1623483,65868079.36876563,69068949.49549067
臺北市士林區仰德大道一段９１巷３６弄３號,25.1053499919853,121.540180017026,13202139.867093084,4937648.5300058825,12840138.491417477,16978314.180455126,20069811.236687876,22567433.046019755
臺北市萬華區西園路二段３７２巷４１號,25.02678771,121.4903899,7769802.6291456865,5182554.717288358,7295200.132148264,8283765.173837377,9210925.917864416,10384176.143680228
臺北市信義區信義路六段７１號三樓,25.03556901,121.576977,11206063.86897482,7077293.146442758,9330819.866495907,11193158.576661978,13345966.843233828,17757837.50976439
臺北市中山區林森北路１３８巷３８號六樓之１,25.051645,121.524081,7921122.147565459,4830781.272743977,7940872.035905493,8758579.523298096,9432052.21928363,10134390.80385268
臺北市北投區中山路４７號七樓之１,25.13876298,121.511686,3282173.680419799,2932249.2721453807,3063468.127447076,3227721.7376962686,3461011.0369906332,3667426.7195311724
臺北市北投區榮華三路１４巷１０號,25.11399244,121.522982,48757234.652683,38885851.22411354,44205061.83313391,49080719.928453706,56135006.18261748,61658206.220589146
臺北市內湖區五分街７２巷７號十一樓之６,25.0667999848103,121.616430022575,21261013.242481105,13484688.79018509,19455712.283451043,22915776.5718904,25536860.890433624,28154345.067840412
臺北市中山區民生東路三段８８巷４號,25.05747918,121.542567,25216315.54976695,21831303.923073653,24253647.607569125,25752172.264235318,27243654.76399334,29404182.771125395
臺北市南港區玉成街２３１巷１１號三樓,25.04367301,121.58581,15688594.532250183,12622418.830782,13948514.31032229,15439773.742258217,17142515.427995194,21323416.053423166
臺北市北投區中央北路三段４０巷３８弄２２號五樓之１,25.14029327,121.4855612,12588213.24763788,9086833.01299577,10853900.067529175,12881331.88453093,15030515.94322485,17205366.006629396
臺北市士林區福華路１２４號五樓,25.10262399,121.522943,19471392.107496884,14930025.834938405,17925001.524556525,20191492.18101116,23940838.33069145,26788822.00202732
臺北市士林區仰德大道三段１２５巷５弄１１之６號三樓,25.1208299841363,121.550789997704,17307192.180786386,13068687.576698536,15747521.454756076,17880401.175299928,20131620.887703333,21522324.198462225
臺北市中山區林森北路１０７巷４１號三樓,25.0500899902778,121.526309978928,10045481.457286373,8185709.835236987,9071872.381073752,10334809.894704146,11268949.800311409,12109476.315327315
臺北市文山區興隆路三段２２１巷４弄１６號二樓,24.99362899,121.560099,1919322.870689177,1196577.0796820968,1405496.43406398,1775774.3970331224,2558339.586229386,3336292.6811024304
臺北市松山區南京東路五段４０號,25.05129501,121.559708,9021842.47565186,7610027.533458425,8340684.079688105,9329626.438615149,10333415.644783452,10767099.629307069
臺北市大安區信義路三段１３４巷１６號,25.031828,121.53932,21543320.042280465,17529288.37414285,19098127.135506358,21555095.10405234,24380102.94305367,27385506.470793005
臺北市文山區興隆路二段２７５巷１弄４號,25.002835,121.5527,11811882.848412981,9016035.211481912,10591546.102263326,12452912.477625417,13312416.868324975,14487666.901762273
臺北市中正區中華路二段７５巷１弄８號四樓之５,25.0340300123366,121.506430032433,8299350.533472711,5481635.009425297,6700670.097128291,8345531.456809442,10609804.116840143,11798210.998792652
臺北市松山區復興北路３１３巷２２號,25.058843,121.545765,31380484.892467134,28306855.485135965,29909924.62793818,31498081.78452952,33172592.958474282,35671383.82270986
臺北市北投區復興四路２８號,25.142491,121.500743,12996194.119681537,8795346.659879707,11581782.673985863,13965733.620221887,15074894.272260657,16605992.680529598
臺北市中山區明水路５６３號六樓,25.0793899805655,121.551779984288,47440928.63465449,41846234.442465544,45310076.87530361,48412908.40293031,51237903.320180625,53738971.84740579
臺北市大安區復興南路一段１２８號,25.04282369,121.5436157,14120684.33964285,7099877.559867759,11695861.457743235,16147382.382941142,18494892.720967717,20870693.240804527
臺北市大安區敦化南路一段２３３巷３１號五樓之７,25.040514,121.551043,15052063.61153342,12453182.80971177,13484559.514619304,14881052.26813249,16617501.319210723,19078983.263743475
臺北市大安區泰順街４５號,25.02279399,121.531336,9641691.854309963,6430089.020357353,8512324.437529165,10359372.176242584,11555993.740980964,12711698.762231087
臺北市文山區萬隆街４７之９號五樓,25.0006699957888,121.537030013994,8654799.24128429,5620175.394910348,6964834.825424932,9130862.155229105,10650232.6357144,13085915.11087113
臺北市大安區信義路四段９６號,25.03304602,121.547873,12283200.969353862,8703977.07710007,10197166.174842877,12247619.26397483,15273505.170572426,17510271.96065264
臺北市士林區士東路３２２號三樓之３,25.1136300131276,121.538479999424,5498836.589028938,2991848.1671783114,4299944.216919757,5760748.43092352,7693600.514163928,8426722.26585398
臺北市士林區重慶北路四段１９０巷５弄７號三樓,25.08511398,121.511998,12658385.491982955,6801000.002395875,10550443.517170193,13606339.866082834,16483841.407078564,20180059.527029675
臺北市中山區建國北路二段１５１巷１２號,25.06172499,121.538294,30710210.680699542,25635464.98360344,29862066.42029915,31741522.72479081,33614868.996809274,35623525.95392948
臺北市內湖區金湖路３６３巷２５弄１５號二樓之２,25.07372599,121.601492,20545693.731202424,15676396.860365763,18282551.23066374,21145989.89072901,23463634.68405894,26192084.40937102
臺北市士林區天母東路８巷４１弄１３號,25.11644654,121.5320197,17679436.07201685,15126882.163635729,16831761.333148096,17834622.570836537,19167100.822933868,20835271.906226307
臺北市松山區民生東路五段１３８巷３號八樓之４,25.0584599911508,121.561680017766,11158225.388016919,8477854.148485878,9711159.747857902,11019533.980812857,13147537.250919715,15484914.84281076
臺北市北投區溫泉路３７巷２８號五樓,25.13384301,121.503422,7997130.19428416,5613487.233526624,7040196.831953967,8133898.402667969,9328230.166272087,11408255.086888526
臺北市內湖區民權東路六段１９０巷１１７弄３７號四樓,25.06446998,121.59461,20928342.909960464,16697467.75941774,19183066.07916167,21553080.568384632,23222147.742120948,24716305.795261197
臺北市萬華區西藏路１２５巷９號七樓之３,25.0286500039644,121.502360031708,17971867.085966043,13260150.430070916,17197048.373847786,18946832.840373095,20170533.401992623,21546894.038217153
臺北市中山區林森北路４０９號八樓之２１,25.0595700065883,121.525679995085,6665969.543380949,5996556.376781432,6276729.215857497,6585109.499683684,7031699.109069694,7537610.250406694
臺北市中山區龍江路２９２巷６號三樓之２,25.0613700202952,121.540289987596,18781096.511418644,14098849.09106541,16644215.241598114,19564235.552501682,22314067.842021547,23910270.13107881
臺北市萬華區環河南路一段１２１號,25.04293101,121.500708,14400467.417605221,10040370.30735797,12324847.327891579,14757754.493209228,18357068.52315978,21589304.4782666
臺北市內湖區民權東路六段１８０巷７０弄２５號三樓,25.066853,121.591567,35927518.013944365,27754527.009776827,32337841.564280964,37137763.65348255,40132025.59489418,43405362.86725029
臺北市文山區辛亥路五段１５號三樓,25.0002400041559,121.554399999582,15618850.16994529,12111814.775193768,13797728.1224266,15741980.892794276,18007798.547668524,20009888.540484767
臺北市士林區大南路４１７號四樓,25.0901999953623,121.516159997096,12309043.43505798,6012611.494307177,9868226.639172217,13742179.585294208,16531197.740613412,19515436.155183006
臺北市大同區寧夏路２０號,25.05483201,121.514826,19266114.320431195,15274254.721595122,17735511.025307093,19691459.96472452,22014198.58949539,23644675.34816834
臺北市中正區仁愛路二段１５巷２３號,25.03897999,121.525896,26845677.92923324,21737362.547057692,24587612.868775457,27506467.49581602,29520070.41003203,31969391.7211628
臺北市士林區忠誠路二段５號,25.108874,121.530642,72426435.95877194,47843740.71839166,57758933.87538392,74370312.22505286,88066686.10069421,119568262.04062484
臺北市南港區成福路１９４巷２弄６號四樓,25.04064899,121.588186,15958526.541031146,14314414.926372532,15354954.968187759,16186544.09684664,17014584.982647136,18253795.122472264
臺北市文山區汀州路四段２８５號十三樓,25.00148295,121.5355503,51719674.868796654,43161623.126104005,46844856.22028945,51995396.65481111,58460181.90360228,64154496.01483925
臺北市信義區和平東路三段３９１巷２９之１號,25.02029702,121.558714,12621191.176305529,9003983.276216045,12027179.487905018,13860532.210743427,15074946.674371095,16759816.87187699
臺北市士林區劍潭路６號四樓之１,25.08390762,121.5243572,18625577.92116616,14835459.056529177,16669734.852831302,19292837.95452907,21712376.132779468,23681921.991039254
臺北市士林區忠誠路二段２１巷８號二樓,25.1091000135565,121.531060003457,60231599.56521593,51101860.81378115,56468475.268477105,61990278.94140139,64967941.40849365,68220224.66574392
臺北市萬華區中華路二段４９８巷９號十樓,25.02590602,121.50717,9113206.930088073,7897116.926941745,8605855.628757354,9317458.371620445,10072716.52455369,10915478.021639165
臺北市中正區羅斯福路三段１３８號十五樓,25.02031299,121.528308,123794875.29950419,105508558.54703589,117349488.43295434,125506394.36890844,132588491.89203604,145722656.96533918
臺北市文山區景美街１５５號,24.98929198,121.54161,5460203.210761442,3217597.701706122,4387473.842265543,5873596.608133128,6927498.744789129,8466607.16815217
臺北市內湖區文德路２２巷９弄４８號九樓,25.0767299835927,121.579029970606,35141689.93476303,26918595.969982788,29961407.055918287,35645427.39427905,44406057.554207616,51426992.53247163
臺北市北投區公路２５７巷５弄３號二樓,25.13289,121.50253,18135795.12360228,13881806.170398245,15221039.423493156,18225756.2932182,21442764.293734483,24062126.001940507
臺北市萬華區西藏路２５０號,25.02978299,121.501794,13356729.007060539,7678158.561352672,11836791.885170314,14287921.396196697,16833194.784297377,18991596.992291916
臺北市內湖區內湖路二段４８０號九樓,25.0841799867731,121.593179964271,11889266.994277753,9642849.879306538,10727999.83864442,12136264.448539801,13454979.256110875,15048848.26607167
臺北市文山區興隆路二段３０１巷２２號,25.0029078,121.5540851,14588153.331850212,9650778.356859598,13234909.386588216,15649242.67704325,17345371.32495391,20054317.288926147
臺北市內湖區東湖路１１９巷４９弄１６號,25.069901,121.616994,13188608.36983572,8675461.977227522,10631585.246439168,13893981.413944064,16418811.785344835,18712570.000571974
臺北市松山區三民路８０巷６號六樓,25.0561799877585,121.564509999735,21573780.759031095,16691548.539560812,19708412.800717793,22404076.015651874,24846507.26075214,26817714.016526997
臺北市大同區延平北路二段２７２巷４０號四樓,25.06204669,121.5099828,13073359.843251698,7168337.049099553,12166147.043608103,14268255.56639469,16379740.612517115,18514214.366179578
臺北市內湖區麗山街３２８巷５號三樓,25.0827999902343,121.573339999455,18898073.035862066,15888498.875401337,17670040.563954134,18795118.711095452,20413716.00364829,23440858.3703084
臺北市信義區和平東路三段３９１巷４３號四樓,25.020567,121.55919,16916241.461502343,15145438.444474721,15702617.719632087,16554996.956774456,17844482.037571937,21351526.055095434
臺北市北投區三合街二段４１７號,25.126527,121.502885,8797243.311566535,6433969.499383647,8082659.223767508,9145111.051299887,10231809.6877462,11265590.60864198
臺北市內湖區文德路２２巷５９弄２０號三樓,25.07529999,121.580053,24247402.00559387,21411113.328340143,23417374.61219479,24723629.51027945,26367007.21548421,28146745.084065616
臺北市萬華區西昌街８１之１號,25.04141501,121.500983,7614213.096492568,5032252.988065314,6605885.751250658,8054936.828984346,9162121.861607842,10469437.243366493
臺北市南港區昆陽街５９巷２弄１６號四樓,25.0521899922994,121.593629988652,13196108.03024605,9074692.759564003,12559664.56589387,14215373.508725593,15631280.20757446,17147937.14980253
臺北市松山區八德路三段１２巷５１弄２４號,25.046058,121.551602,38185696.96662985,32476751.292682953,35428114.78177332,38242238.66700151,41484663.88176411,45785045.06697664
臺北市松山區延壽街３５６巷４弄２０號五樓,25.05581299,121.558464,45773109.26862211,35456234.23918958,41219664.189675055,47157734.59890551,51545295.96799715,55256888.05496344
臺北市中正區羅斯福路一段１３１號十二樓,25.0301400129824,121.520420015566,34374605.2646647,26915065.86986069,32471931.66647044,35728156.537693314,38473609.01650635,40615589.40601537
臺北市中山區明水路５２６巷５２號二樓,25.078861,121.553957,39217501.166381255,32324644.547081016,35966389.655404344,39093567.077034816,42653425.48702132,47569164.18312001
臺北市中山區林森北路１３３巷２６號四樓之３,25.050859993813,121.526079979505,8076096.938805386,5719233.665756201,8047011.310568236,8696089.78782762,9259277.09357276,9882998.072576154
臺北市文山區辛亥路四段２０９巷３８號十六樓,25.0025700056006,121.555500040555,27100037.0442739,21497066.495311197,23091820.65704,26266096.409722064,32192140.96464558,38009632.210829645
臺北市北投區中和街３６８號,25.14199601,121.499116,11675522.204149086,7454828.869240836,9805879.860181604,13190663.064406838,14716865.592293292,15645073.812116735
臺北市北投區中和街３９８巷５弄２號二樓之３,25.14386069,121.4986761,6959496.3302802,5205400.3948524585,5946707.592271971,7320214.559738975,8054867.841908962,8860855.403644336
臺北市大安區潮州街１４６號四樓,25.0284399953803,121.528609973159,8818016.809067665,6119539.225145975,7808554.965156153,9102042.18420428,10880735.899004288,11928879.843571663
臺北市大安區市民大道四段１２６號六樓,25.0443200138604,121.551349992655,9520004.664323421,7819693.588989889,8627853.777032671,9584515.991282959,10415392.038223464,11116017.363274861
臺北市中山區龍江路３８４巷２５號,25.066904,121.539985,17343270.951588236,14822009.219465265,16498833.097150799,17685822.616037082,18788230.665943313,20356520.04017924
臺北市內湖區內湖路三段７２巷６１號,25.08830602,121.591077,15170027.29391933,11780352.466179157,13925399.0983224,15271529.628466012,17520748.7605123,19528764.212400507
臺北市中正區衡陽路７７號八樓之２,25.04234201,121.511059,2948008.4868099997,2070461.632823707,2282482.1297382847,2680858.4288604823,3765625.3662396697,4654579.334494138
臺北市文山區指南路三段３２巷５號,24.982731,121.580205,10563159.247228174,8335576.768956839,9251317.700200833,10275705.861159863,12228638.069204438,14086783.528787872
臺北市內湖區康寧路三段９９巷２號五樓之１,25.07172699,121.609927,22770524.6211228,14129959.046010505,22327536.509342838,24477569.906078406,26502786.704735734,28862002.894334435
臺北市文山區興隆路三段２５５巷２９之１號二樓,24.992703,121.56052,19529885.236783195,12444153.76821768,18725782.018175613,21609674.499112986,23332086.880844153,25281841.4394755
臺北市北投區清江路２４５巷５號二樓,25.12611402,121.501932,8043370.402906309,5177559.356933425,6694575.826790812,8527116.880646586,10050803.523956835,11324467.312797546
臺北市內湖區康樂街４８巷１６之１號,25.0691000209512,121.617480023586,11766191.958047673,8040630.627016226,10089084.794060545,12601860.714365415,14146832.344794296,15687033.009193413
臺北市文山區景興路２５８號,24.99014899,121.542729,14422528.779113296,10631657.744626148,12727728.44652465,14793495.866161201,17059679.965464514,19124092.64801466
臺北市中山區中山北路三段５３號九樓,25.0677100080381,121.522910027543,51875588.889458835,42151399.537224986,45990099.739706144,51920485.57801759,59802395.68147109,64722537.69674171
臺北市文山區景興路９６巷１９號二樓,24.9946199799863,121.543469997842,18620611.874476105,16030964.357628705,17576411.811221436,19106684.851727944,21252742.63800295,23690893.93399282
臺北市信義區莊敬路４７８號,25.02648102,121.568168,17421840.32531527,14411714.394610915,15440395.893169064,17205236.170404747,19488584.543497905,22829668.358073995
臺北市大同區延平北路二段２４７巷１８之３號,25.06221701,121.512003,14330455.18708229,11055824.493196338,12605255.365524048,14426713.938387344,16697774.745478345,18961418.98009595
臺北市松山區南京東路四段１２０巷１９弄１４號,25.050487,121.555656,21283401.152359366,16471638.581232462,18817263.904714413,21218393.311406605,24643002.99662784,27361181.30591515
臺北市松山區新東街１６巷１５號四樓,25.05816801,121.567108,22281980.531931236,18030231.574183363,20529674.588158432,22594573.538054988,24720508.26185225,27684140.208618633
臺北市萬華區環河南路一段７１號,25.04504601,121.501972,2658232.7395552956,1888639.1134492347,2356813.519780586,2697041.267837973,2970215.461675477,3470027.4157369854
臺北市中山區長安東路一段５３巷１６號,25.04967701,121.526585,9239853.494561387,7744285.050088855,8236101.351162504,9077257.489279762,10180085.804038169,11118887.101542842
臺北市松山區南京東路三段３３５巷２３號,25.05327684,121.5475401,18724592.16298538,15340558.57088542,16913674.00115158,18745107.096405707,21443826.3244806,23238738.903027076
臺北市北投區豐年路一段１６號,25.13395801,121.498138,12972577.672280326,8297454.001819446,11217006.992737453,13214034.808767296,16327450.47035683,18649250.498253323
臺北市士林區中山北路六段４０５巷８９號四樓,25.1173421281906,121.526021122086,66936829.29757601,61730919.569873445,63812397.96565892,65928919.93051894,68372845.0310029,73078215.91341075
臺北市大安區光復南路４１２號十樓之４,25.0366200204178,121.557389992083,19848982.13053868,12649900.801453698,17693271.51235103,21572007.07443461,23986564.79767695,27483547.53850954
臺北市內湖區民權東路六段１９０巷１１７弄３３號五樓,25.06436232,121.5944484,20579616.462889276,16449100.09164601,18365754.099890016,21094695.568991378,23134219.38265004,24813323.40388421
臺北市萬華區大理街１７０巷１弄１１號三樓,25.0338300201268,121.493990030835,11539914.013270602,9308574.603032423,10397352.595200345,11575243.713010913,13660776.693811528,15280366.863315353
臺北市士林區延平北路八段１８７巷１弄１５號,25.105668,121.481656,7155583.139744384,5019571.221528579,6082373.050066908,7359095.723683933,8867404.96069372,9499533.707438916
臺北市內湖區文湖街２１巷７９號三樓,25.09064839,121.5595515,84269227.33472005,51261866.52547254,64387830.56948317,79763957.2781286,120134357.62736264,149908728.28232968
臺北市信義區永吉路２３６號,25.045368,121.573864,14876754.875256777,9644175.714997048,14396943.088934835,16148211.84950534,17396493.53664865,20673876.895240024
臺北市士林區前街７９之１號四樓,25.0981799862805,121.526009990613,13449952.24904777,10382697.498235581,11927975.041083118,13633640.425973412,15807078.290974664,18188098.107160483
臺北市南港區經貿二路２３５巷３０號二樓,25.0613299967075,121.614980037145,22759192.049118727,17474531.581587076,19989233.191840436,23574956.903649144,26584201.411963888,28152701.2214767
臺北市內湖區內湖路一段２８５巷６５弄３６號五樓,25.0845213,121.5688527,16136731.439753896,14548268.422980543,15529315.231832689,16275439.913836552,16918309.910348628,18502138.214689367
臺北市大同區延平北路一段５１號,25.05092202,121.512123,16266362.761161413,10022528.525349172,14002741.249041568,17999576.859030727,20409826.565187756,22849569.51514402
臺北市內湖區港華街８５巷１號四樓,25.0833500107207,121.574459989357,18775268.76977097,16404301.581787521,17733412.367645685,18888394.589062322,20257126.69219863,22173339.355601158
臺北市萬華區寶興街３６號,25.02733199,121.493194,8158525.054618949,4949451.071897815,7487042.47134178,8945004.493763711,9958735.420366183,10801280.940458024
臺北市內湖區新豐街３２號,25.05961486,121.5826169,25493742.88047217,22028148.387286425,23519966.01155508,25153208.93158094,27955900.952632282,30614613.95267768
臺北市中山區德惠街４５號五樓之９,25.0667199795445,121.526929988306,5044703.086292393,3685344.724324114,4712202.791418415,5289514.6703727245,5835064.673554074,6269827.676607351
臺北市北投區行義路１４０巷１號六樓,25.12967901,121.528073,19322884.55639891,14284294.01341055,16598349.041118832,19926842.658175975,23399464.88633159,26009467.926156953
臺北市松山區八德路二段４３７巷１０弄６號四樓,25.0496999803231,121.547219977503,38221378.99130959,33421301.786665715,35467936.74540513,38266346.00685516,40924709.547109194,45046380.37841686
臺北市文山區興隆路三段２０７巷１３弄１０號二樓,24.99529502,121.562058,13492567.363691432,9108774.302815659,12583978.990142783,14422815.286793035,15595450.792939812,17382422.63379159
臺北市信義區莊敬路３０８號五樓,25.0283099920621,121.563150035945,27197723.67834192,20623114.274930302,24798244.630206034,28467528.953068394,31133823.1399562,33502658.601625923
臺北市松山區八德路三段１５８巷２０弄１７號四樓,25.0471900194172,121.554780035072,25726932.465034667,20185436.594356287,25078130.884030174,27075635.84154757,28694806.54067716,30356407.297248945
臺北市中山區林森北路１０２號十二樓之１,25.050731,121.524835,8057644.537627543,6656385.65488744,7433001.9962687045,8123277.789643171,8913463.993753774,9998840.3152641
臺北市松山區南京東路五段２９１巷４４弄３１號五樓,25.05359899,121.565373,17481272.139944926,13929534.597361408,16544931.39689573,18221810.596224096,19780498.8543697,21956398.193614546
臺北市士林區中山北路七段１９０巷８之５號,25.124939,121.533347,20680153.499736052,17328285.873392858,18594897.169873755,20950580.770445213,23124586.080355927,25072733.85296642
臺北市內湖區民權東路六段８８號四樓,25.0687699835136,121.585840015479,17377300.755704917,15620038.08077293,16616926.404717306,17363554.73384896,18312876.38541451,19216212.37035922
臺北市中山區建國北路二段３５號,25.05529301,121.537265,7809145.133921402,5634281.83904636,7347692.916418214,8123277.789643171,8932199.079258788,10149063.611714752
臺北市南港區玉成街２０１巷４弄１２號二樓,25.04398398,121.585418,14206665.933997948,10697184.545172071,12734367.30141253,15031371.358783146,16479018.928304894,18262795.090632368
臺北市內湖區康寧路三段１６５巷２５弄１２號,25.07182301,121.611996,15271324.765584134,12512655.043085102,14625843.293306477,16061829.820028955,16993384.710276887,18267628.36700095
臺北市大安區復興南路一段３２１號十二樓之２,25.03401379,121.5438438,104909.25954403728,24147.275863550458,44575.326751265515,102111.70092654506,274597.99589326896,365681.5636203467
臺北市中山區錦州街５０號五樓之２８,25.0601600087528,121.526100012253,2531198.817703834,1610311.8493942232,2172485.1223233333,2583341.4172910945,2976730.614184658,3754556.7558322307
臺北市士林區忠義街７１巷１３弄６號五樓,25.1060000085765,121.532779969989,15826394.905305043,12529915.300011644,14952470.729961121,16297144.41333703,17530288.52633723,19154144.436827533
臺北市中山區錦州街２１號九樓之６,25.06040401,121.524953,10879816.984795945,8561173.048303846,9979697.83973988,11103697.357618313,12134377.034267904,13507413.965509359
臺北市萬華區西寧南路２９３號三樓,25.03872291,121.5063889,19680286.12329663,16207692.294482924,18305194.120049663,19859467.228649992,21303316.443037894,22612609.448653504
臺北市內湖區金龍路４７巷１４弄１７號,25.08588901,121.593405,16690120.05639381,11225946.86993068,14746390.410619082,17224676.714350622,20479565.390307013,22327319.720371414
臺北市文山區萬壽路７５巷２３號二樓,24.9860700196522,121.588439998025,13768168.247016884,9975905.380878463,12825976.495056469,14327755.095035572,15506173.952443462,17970286.037434068
臺北市中山區雙城街４９巷１２號四樓,25.06786302,121.525233,9172750.706843633,6748951.054310369,8600511.659113241,9639302.058709852,10462674.017057693,11094128.636387167
臺北市士林區芝玉路一段２２６號八樓,25.108979984703,121.533910018175,60731622.765260346,52346245.17828371,58428277.61032789,63023821.09861641,65824309.19039886,69759310.19260943
臺北市大安區青田街６巷４之２號,25.02796231,121.5317056,20901070.3310908,16932606.1759823,19155651.25943637,20929479.47322356,23322575.30108283,25966312.494432233
臺北市士林區中山北路六段３５巷４４號五樓,25.10260802,121.524559,16303034.301388461,13909818.487233616,15323582.065638708,16666351.375151198,18031473.54762407,19830170.13888134
臺北市中正區延平南路１５２號五樓之１,25.0387600041175,121.508180006178,81725292.4657417,62009546.14610579,75565714.81205924,87081957.64598507,92820187.5155592,98669311.8196559
臺北市北投區自強街５巷１５３號,25.11255902,121.510586,5776923.668547653,2419981.1929689567,3703877.7428882006,7178573.553267066,8846890.867742516,10163908.992656253
臺北市中山區新生北路一段１１０號三樓之２,25.05021572,121.5279281,8068585.59061068,6992188.80067868,7643810.608455373,8184250.586692393,8737608.030604064,9543464.342743808
臺北市內湖區成功路五段４２０巷１１號七樓,25.0753100053758,121.607809989531,22146024.850308858,18000197.78035708,20795041.93779442,22817593.134365745,25166049.32636911,27011759.337885875
臺北市中正區林森南路２號二樓之１,25.0443599955385,121.523099961469,21730264.755828716,16663527.28366186,19282230.05021713,22457537.84710087,25932064.24335225,28321473.567969777
臺北市士林區克強路１９號七樓,25.1087999833323,121.523900014127,23511528.326340314,17758555.674065262,20974043.14078135,24126925.40493447,27502609.993789632,30659051.772561945
臺北市萬華區西園路二段３７２巷１０１弄２２號,25.02741501,121.490062,366276.6027280954,89616.24035276783,333236.65183348407,459417.11716189666,592838.9967958652,810796.6302267812
臺北市大安區新生南路一段９７巷２１之３號,25.041276,121.535751,98842824.05443929,79045948.43981832,86417407.65885752,95724183.98235188,111916276.58622952,144812172.93952128
臺北市中山區林森北路４８１號二樓,25.061093,121.52601,14385075.43188795,10983032.858220011,12816042.123339038,14654938.36267982,16663380.292696754,18802032.489181146
臺北市士林區中山北路六段４５０巷７弄５號,25.11396801,121.528174,48126069.29173976,39209333.979193024,44341193.90268798,48735890.18792778,53558846.87718898,59717369.1743313
臺北市文山區政大二街２６０巷１號二樓,24.98838301,121.587048,20194013.544761468,15384329.443595132,19296912.548663355,21294600.451046977,23063660.88245811,24992416.907400638
臺北市松山區八德路四段４４５號六樓之１１,25.04992001,121.570422,9196105.002907911,8044441.739967668,8648001.186673433,9228882.383594908,10092804.316021532,10745083.599176653
臺北市士林區天玉街１０４號,25.12386901,121.531722,8278974.695727721,5258505.336666291,6222920.516191261,8753264.96660764,10499275.562604679,12101123.226375338
臺北市南港區舊莊街一段１９９巷５弄９號三樓,25.03962502,121.622437,8780175.813158002,5147553.0856348155,6395507.953189567,9010512.27475345,11778453.876253506,14550062.039819788
臺北市中山區北安路８０５巷４弄３號三樓,25.0861100037983,121.554650031754,19175949.317304075,15528840.703766452,17235845.92676789,19087246.97804728,22692653.51814632,25144876.375480164
臺北市大同區興城街７０號,25.05928498,121.51738,29517962.800037917,21939868.683029167,26619303.926318873,30570897.039006684,33567908.58091203,36625343.53738928
臺北市士林區天母北路６６之３號,25.12223102,121.526643,16808784.35299674,12483639.00341795,15276310.26213593,17450758.41265087,19192610.175035946,21791697.092594735
臺北市信義區光復南路４７３巷１１弄５６號七樓之１,25.0342900189731,121.559659979101,31360096.31368978,22846979.14604271,29953053.708168164,32441557.218615364,35314707.49513238,39219209.09201188
臺北市松山區三民路１３６巷３６號五樓,25.0604400062284,121.563840034215,18000766.73750304,14084088.59861673,16534224.42075666,18290444.07879867,20273279.11600552,22442378.893482216
臺北市中山區中原街４６號三樓,25.0576599804022,121.52867996205,16503065.812875977,13969679.48771802,15277353.842772614,16008520.488802543,17362160.88020129,20317939.211158514
臺北市信義區吳興街６００巷７６弄２２號五樓之３,25.01837371,121.570478,15663153.521783777,13637226.290743366,14855907.822946863,15797525.23076925,16946135.486028425,17928776.206068374
臺北市大安區信義路三段１０５號四樓之２,25.0337000168086,121.53904996884,3943081.5711719,1980185.4467593837,2663130.3357608407,3959634.9932982167,6059178.488317811,8407565.349729035
臺北市內湖區文湖街２１巷９１弄７號,25.08706399,121.560148,20468662.048761647,17270769.14352371,18758038.617507778,20498031.277083427,22541875.69734131,24774879.876358505
臺北市大同區延平北路二段１９７號,25.05933502,121.511571,6511666.637071831,4977803.092472522,5907855.063380748,6646482.474619255,7541266.7433917215,8270273.59760567
臺北市內湖區安泰街３８巷６號三樓,25.0733999791897,121.617610026904,13727579.893761026,10412692.29138943,11916878.60432097,13649611.120992735,16450037.928249557,18980960.045501143
臺北市大安區和平東路二段１７５巷３５弄１號四樓之１,25.02689198,121.542007,7568111.313244469,3951347.5889715096,6394931.75996178,8670018.370174736,10203849.292881727,10877872.579074543
臺北市內湖區陽光街２９５號三樓,25.0738399871969,121.579700019946,2344587.228322162,1351811.5510701293,1754511.5008497355,2269780.7973303897,3020590.5088218767,4169314.735683194
臺北市信義區忠孝東路五段３４５巷１號,25.04135701,121.574151,20427980.786530387,15796834.811559783,18118650.286903583,20812239.829724196,24183284.587056313,25715182.215374224
臺北市松山區敦化北路２２２巷１９號,25.05959201,121.548176,35060173.739446096,28206903.720000565,31437118.0018035,35434911.42142206,38899933.22075455,44244419.2764084
臺北市大安區信義路四段９９巷３６號十三樓,25.03481301,121.546911,48400984.250747055,43241525.166427955,45785914.314674035,47843006.53673035,50951193.6624783,56161416.86132771
臺北市士林區德行東路３５８巷２４弄６號四樓,25.10948998,121.539305,29799903.226021513,19674951.20885324,25641643.76395884,29082016.48107447,36772639.55877232,42981585.48535848
臺北市大同區民權西路１５３號十樓之１０,25.06314501,121.516434,11837581.881753948,10045954.481039334,10988288.535764096,11954888.684738372,12939122.80927145,14194805.805701338
臺北市信義區基隆路一段３５０號四樓之４３,25.0368500198409,121.561629977804,11218486.84968172,8326284.984749331,9758617.270395182,11472909.22019538,13293362.882671386,15311558.879729005
臺北市大安區通化街１２３巷１３號三樓,25.0291999825412,121.554539977365,10306879.33366106,8133925.457986035,9266768.470345307,10416537.4911928,11546438.335153164,13073171.643755767
臺北市文山區興隆路三段２２１巷４弄１９號四樓,24.99352799,121.560299,13514119.157656591,10691478.048987817,13161017.20807133,14141864.451139815,15002063.12791801,16012181.050680436
臺北市萬華區西寧南路１０８號七樓之２,25.041808,121.505868,21098378.217409316,17338330.34568087,19802533.978252325,21762399.996207908,23776166.481329925,26540945.489073068
臺北市大安區仁愛路四段１１２巷９弄７號二樓,25.036799979879,121.550109973899,37043569.21732219,33473263.04704365,35146511.38832254,37737668.97510735,39851604.28136203,41524556.164975576
臺北市中山區錦州街１０６號六樓,25.06028834,121.5285723,16353971.813277945,11480212.345906945,15030322.801888704,17146077.71031142,18899102.405798987,21052426.503990114
臺北市大安區樂利路２０號五樓,25.0275199976878,121.551240022085,38534819.27469332,32151683.265223905,35221734.56156469,38453443.66531155,43643915.64150364,47624534.4067859
臺北市松山區三民路７４巷９之１號,25.05589689,121.5649737,24371650.828534584,17049220.93377226,23137369.315773778,25728941.50555594,28131129.51800389,30498573.936228834
臺北市北投區稻香路１６１巷１６弄２之５號三樓,25.14190094,121.4880264,25732956.997979604,22703720.001411285,24302709.712646715,25865932.95331832,27433181.85569063,28840596.71626746
臺北市北投區大同街１８８巷１８號,25.1366400137249,121.499700034736,2963310.7824784447,1912350.8133284207,2360397.5197654716,2807662.084306923,3767801.449630707,4811402.933532258
臺北市信義區忠孝東路五段７９０巷６８弄５號,25.04055302,121.583253,20854333.108480193,15942588.171010938,18647473.059703052,20861231.10214911,23168853.532824315,26196340.26508781
臺北市士林區天母西路４１巷２號二樓之６,25.11872509,121.5274176,10619265.302079082,5597503.437703958,7406580.282728158,11634946.559075247,15046486.859493699,17677139.492143042
臺北市大安區永康街７５巷８號六樓之３,25.02882301,121.530111,13220930.031774513,9296541.90879775,11299910.431683974,14180905.655012114,15605923.975088516,16768454.302015211
臺北市士林區重慶北路四段４９巷１５弄５６號三樓之６,25.08188498,121.511799,10892705.10732337,6531394.120781921,9882904.105491098,11438695.200050829,13157098.632137705,14984747.451921733
臺北市中正區忠孝東路一段８４巷２號六樓之６,25.0442400085946,121.524060024658,18136902.314812068,13830978.310933623,15668053.888292234,19386123.595740754,21436889.029426433,22416875.589285403
臺北市中山區天祥路８２號十三樓之５,25.0640300172679,121.520520011671,14777689.112908768,12193726.884307157,13265971.740495892,15008679.310129268,17043141.34665291,18938996.655883316
臺北市大安區和平東路一段１７７號六樓之９,25.0264899875161,121.532170018895,5660265.039806051,2652213.9777612416,3886093.697481311,6092131.112578599,8999425.37917525,10438210.946099745
臺北市文山區景興路２６２號十三樓之３,24.9899987,121.5426351,7692186.123860913,5686718.299999649,6943475.558169804,7667497.514421531,8498208.246827638,10714536.350822436
臺北市文山區興隆路三段３０４巷３２之２號,24.99597701,121.555263,27973979.352026127,21883394.01719351,23594309.334231075,28864669.8673187,33047794.15795277,35972596.26284628
臺北市松山區富錦街７７巷２弄８號四樓之１,25.0602600048577,121.552019958176,20824434.077111676,14930745.172195176,18108109.11707465,21820889.09035075,24635346.656818107,28000619.016026266
臺北市萬華區武昌街二段１２４之２號六樓,25.0453599984969,121.503759977177,5572081.91477219,4030022.9597298997,5139050.175478609,5675069.58893897,6425557.5121058095,7027526.870179965
臺北市內湖區行善路２５巷１弄１２號二樓之１,25.0566099793914,121.576980008547,23774261.815175645,22064431.020198807,22797461.98852936,23683347.770076983,24797918.025478493,25837179.560649686
臺北市松山區光復北路１０５號九樓之２,25.0510399951837,121.558060041423,21689072.003513474,17915190.348680276,19721997.25622162,21636705.30229239,24659830.78360729,26917690.245831046
臺北市中正區中華路二段２９９號,25.02958501,121.504592,5946713.132866747,4401571.605319764,5586865.305199495,6226783.102378149,6614623.535123127,7167289.216565775
臺北市文山區仙岩路７０號四樓,24.99997501,121.550228,12290538.098997202,9781436.265529469,11132270.306097845,12457168.133814089,13963722.325033927,15653996.066723375
臺北市中山區朱崙街３４號二樓之２,25.0498500163899,121.541090040254,8399215.020186782,6166380.336355755,7879402.441570274,8924994.105661452,10049429.702861847,10623368.098340403
臺北市內湖區東湖路１０６巷７弄１５號,25.06820001,121.614307,16302327.3464902,10661776.826128054,14568038.681090586,16813059.847946562,19226797.135540728,21665888.65200192
臺北市中正區羅斯福路三段１３６號十九樓,25.0203300011439,121.528260028701,120536758.11088905,99496386.05532059,116563733.66269639,124999438.24726175,131982254.09705539,143902720.26812145
臺北市中正區晉江街１７３號二樓之１,25.02117599,121.526799,13113315.928544039,11431759.482993241,12243629.608592972,13053776.145467404,14051950.235836118,15329756.721316542
臺北市萬華區青年路８號,25.02613602,121.506205,17006258.246458154,10357374.826041164,15191011.719479848,18905019.177473962,21085337.145948797,23845133.846696783
臺北市中山區中山北路一段５３巷２６號,25.04880098,121.523648,14520507.079811465,12046941.83900153,12927149.977750763,14502850.71426382,15759018.709402388,18709584.237484213
臺北市中山區撫順街９號六樓之４,25.0637799850962,121.521419976615,2823002.6519617448,1990969.2221923578,2294076.200389065,2638754.499421105,3310445.658700821,4639301.141356789
臺北市大同區延平北路二段１４４巷１０號,25.05757499,121.511193,25389493.91993934,20566974.061001033,23355834.644723393,26460721.72404054,28913425.761053935,31184501.779906534
臺北市信義區吳興街２８４巷１９弄６號,25.02358302,121.563639,16129589.931246592,14610039.3144929,15445985.95333919,16225580.626927767,16973335.974826157,18426602.15703712
臺北市內湖區康寧路三段１８９巷７３弄３號,25.07229499,121.612291,18659148.501110524,14446354.647640947,17647549.666851673,19190325.28324341,20987187.301378593,23774952.63851734
臺北市松山區八德路二段３４８號,25.04773199,121.545319,9781864.112040984,8356891.82475424,8737660.052734185,9440528.989172464,10908371.559394604,13568350.441305159
臺北市士林區天母北路２８巷３９號二樓之７、二樓之８,25.1192499953877,121.525349999557,20429556.316581532,16588421.618458787,18097914.203483775,20432613.662788276,22785663.63301292,26826712.744167082
臺北市內湖區星雲街１６８巷３５號,25.07990098,121.597015,9877931.343732756,7543082.564527601,9145742.24482867,10228478.067951476,11295230.966574475,12774104.687138012
臺北市中山區新生北路二段３８號十五樓,25.0546600134367,121.527269958298,28787247.490281515,20349791.62103125,26644036.354602523,29883818.60496789,32683250.62188153,37103102.862461634
臺北市中山區林森北路１０２號,25.050731,121.524835,7561304.882753494,6311440.1747582,7065304.722895891,7820003.549983875,8352471.813091696,8941645.619515436
臺北市萬華區中華路二段４１６巷１０６號十樓,25.0268199830441,121.502260035603,23547816.493672766,18434628.388122823,20997480.405665357,23634377.53052192,26625807.61474622,29795282.1437688
臺北市北投區石牌路二段３６２號,25.12347699,121.525537,19321502.452588208,10199084.952061076,17658282.112092648,21868480.833347075,24182472.075974733,26407274.9350958
臺北市北投區尊賢街２２４巷２號三樓,25.11591098,121.50794,13709331.17968992,8574078.46706813,11406304.29183853,15316674.157010397,17414034.502099972,18739445.416039966
臺北市大同區民權西路１５３號十樓之６,25.06314501,121.516434,20657041.65924167,17537193.393573172,18486148.444676936,20413789.95595831,22087404.473201454,24560436.15776642
臺北市中正區中華路二段１７５巷３４號,25.03063002,121.505084,5511076.899468477,2961087.179608733,4535835.456190514,6066891.925655089,6779834.747873541,8432529.956168026
臺北市松山區富錦街３７８號二樓,25.0605000206551,121.55919000579,40162583.91414634,33612158.19680172,37124458.196862906,40791324.75149737,45056011.09651309,47968421.8046433
臺北市南港區東新街１８０巷６號,25.04630493,121.5934134,37797115.43851344,27235233.499655627,34352425.245700166,38992305.39612805,43211639.361653395,53563830.68811603
臺北市北投區中和街４９３巷９弄１５號,25.143821,121.495197,3286556.2731441623,2423911.6167732514,2697518.113289948,3102552.276281683,3962480.8644395424,4632788.401793177
臺北市中正區中華路二段３１３巷３６號,25.02870302,121.506888,4746175.692923706,2744271.3146906523,4055266.995719604,4987440.304762543,5775794.010015042,6680596.709218777
臺北市文山區萬寧街１３１號,25.00368199,121.569896,13046801.65250223,8834504.262011511,11487131.561924677,13739696.056593418,15590622.715715272,17461274.972873166
臺北市士林區雨聲街１５巷７號,25.10099702,121.528892,18458270.008263618,16304357.13984868,17410060.90772596,18500319.394309305,19628892.1176946,21572744.756903738
臺北市內湖區內湖路一段３２３巷２１弄１５號四樓,25.0840400089901,121.568840007097,15868532.67999409,14356484.62852506,15259675.357232679,15953600.868208924,16661613.413958088,17516497.226718143
臺北市中山區通北街９３號,25.0832799799197,121.538630035491,37777722.32769994,24644806.469260484,31167387.387452446,37482712.16900127,49883378.11471012,59708484.30380765
臺北市南港區園區街４２號五樓之１,25.0596800190675,121.612439985207,31922897.454741113,21306473.46175418,32155081.00300886,36517789.17087865,38872420.350911446,40273508.92651627
臺北市士林區中山北路七段２２７巷８號七樓,25.12782699,121.532754,19938016.063072793,11481501.608374478,15730978.779113144,22016645.25010957,25265047.433839366,27514565.269954085
臺北市信義區吳興街６００巷７６弄１３號,25.01817749,121.5705655,25080431.233965266,18546921.633412957,22860105.038145624,26066316.610984035,30133537.346639056,34905572.872707255
臺北市北投區吉利街２８０巷２７弄１１號,25.11765002,121.510615,20456551.434130188,15957535.485616697,19388608.57801013,21367810.276896946,22988298.342464738,25328791.941165783
臺北市萬華區東園街３２之１號五樓,25.0270200171634,121.495870007899,9748240.989717668,5753378.577079555,9206862.149605682,10529966.01606946,11996295.965686895,13308508.315772308
臺北市士林區士東路２６６巷６弄１６號六樓,25.11251602,121.536149,20092696.69305413,14046726.747549502,17076838.338471755,21009319.980747353,24601648.05220821,26244912.04587393
臺北市松山區民生東路五段１７０號,25.05830602,121.562775,27062044.420272022,21280797.14472734,23724769.044894118,28371926.707253054,30908928.624616623,33064338.23849835
臺北市信義區紫雲街２７之３號二樓,25.0185200129722,121.574310037109,14042163.216909274,10543402.94308667,12877462.049201218,14868019.690045904,15950862.124163143,16954695.687184907
臺北市文山區福興路１０６巷２８弄５號,25.00636701,121.5501,14741924.665448073,10005802.006060129,13154034.980723463,15481568.193240134,17736142.759942815,20500091.39464843
臺北市中正區和平西路二段１６巷２號,25.027973,121.513486,13001118.58886481,10171571.605876086,11733731.377033046,12981359.618097633,14482622.16338505,16956757.106486104
臺北市士林區承德路四段１９５巷１２號四樓之２,25.088249987498,121.523050005326,35127962.54232657,29101744.065467108,32689644.089705575,35888489.09459309,38900362.70704669,41612038.36437009
臺北市信義區松勇路３３號十三樓,25.0369299831972,121.569980029748,189141483.8495635,92233128.58665253,104221054.33972543,180560068.38395506,354385787.6221604,449503445.15031224
臺北市大同區安西街１００號五樓之１,25.0609099795394,121.509850016567,31985791.17965609,23492232.486350074,29380509.06656834,32913371.306278925,36647719.42957747,39224509.07871949
臺北市大同區重慶北路三段２０３之３號五樓之２,25.069714,121.51406,17428988.842222225,15893508.954894263,16766304.978087734,17468976.501443673,18364019.53098727,19200083.107732944
臺北市文山區興隆路三段３０４巷２５號二樓,24.99391598,121.558342,22812374.15821923,18715151.267520685,21227653.02589947,22859601.98446531,25518477.270933386,28353485.53573408
臺北市大同區延平北路二段１９７號,25.05933502,121.511571,8474714.582737118,6812395.784812955,7779109.541547504,8512356.867421262,9420603.353874573,10783571.248980658
臺北市南港區重陽路４９１號二樓,25.06109099,121.612036,25611848.12714527,15334547.417919075,25144401.769163303,27637979.526551202,30087565.503326114,33420423.824623417
臺北市北投區石牌路二段３０９號十二樓,25.1221499872031,121.523004994506,47177077.60893379,36585587.6664196,41777493.06471751,47097560.57636818,55176765.64768754,62313148.62241375
臺北市內湖區成功路四段２９４巷７號四樓,25.0868699909592,121.599009997025,68640798.04762055,53288970.52839632,61835027.511916004,67926086.17289487,76536448.98535405,84985094.28295413
臺北市大同區華亭街３６號三樓之８,25.05348902,121.513073,8040611.262215102,5240266.120822104,7876430.610024164,8690107.902327094,9350089.33108442,10248480.875382707
臺北市信義區福德街１６９號七樓,25.03777002,121.583601,88702036.42209165,53468486.61018429,69618510.75997588,84924751.91109921,118953994.065696,142436244.4553452
臺北市北投區石牌路二段３１５巷３４弄１號三樓之１,25.1239099982772,121.52239001427,34287606.66188096,27233770.641349472,30155603.693693757,35148593.926151425,39251709.09927026,42688420.2195718
臺北市內湖區民權東路六段４１３巷１１號,25.07045299,121.602681,49256279.84796131,37540092.03039197,44135812.52100059,51132534.53450572,59252623.57335326,67078184.657188796
臺北市士林區中山北路六段２７７巷６號,25.11007399,121.524914,15357261.33070733,11069740.990661224,14631995.405262787,16328813.33141107,17923625.404555336,19304504.154108737
臺北市內湖區民權東路六段２９６巷８８號,25.06884341,121.6103968,34204765.81082651,12521413.32171548,29633066.926324304,43302582.62955757,51097517.85710334,59459684.06193805
臺北市大安區和平東路二段３１１巷４３弄９號八樓,25.0258400128343,121.545979958748,31697754.215107277,22837278.070058446,30491729.697260406,33492408.22095519,36190840.918771036,38673597.22806786
臺北市信義區松勤街１４０巷４號六樓,25.0315799820384,121.56897998488,30132557.567460645,12473942.810987856,27495237.440082863,35748041.91481642,44531361.37221682,50398013.57858243
臺北市萬華區康定路１０５號十一樓,25.039469993226,121.502059959575,12629773.384761244,11053173.704402398,11584538.264714,12317181.560276374,13609859.69569351,14941190.12677875
臺北市大安區泰順街４４巷２１號,25.02394499,121.530096,23700385.96631118,20723021.68533521,22468673.907300644,24120796.93327827,25537639.492949843,27837114.89234128
臺北市中山區林森北路２６３號十樓之１,25.0546499970624,121.525559966231,6557714.563248019,5760106.170723799,6133876.906516841,6476062.267128376,7128697.899863626,7853433.396036688
臺北市士林區福港街１７４號四樓,25.0867199968019,121.517690029702,19362590.5301939,14176437.26787378,16988936.730930515,20406788.226871457,23141057.20509791,24803772.765330732
臺北市信義區莊敬路１９８號四樓,25.0304500176713,121.561359996703,30908271.35307757,25366402.0803364,29438429.96743292,32015417.49163601,34118667.191557325,36630168.970104896
臺北市北投區東華街二段２６號,25.11654801,121.514476,41574253.98396606,31816466.81348389,37279177.64342149,42075414.556171395,47559750.8471138,52695895.70042044
臺北市士林區福港街２６７之５號,25.08348898,121.517791,11080177.435314076,7400187.405990985,9322700.729083965,12016309.245428354,13589193.782697652,15253238.95846543
臺北市中山區錦州街３９３號,25.06036,121.541367,4623785.161515265,2542432.931286649,3127912.500711091,4694945.868742507,6493145.620007332,8284152.381855407
臺北市大安區敦化南路一段２３６巷３１號,25.040679,121.546286,48911553.75430873,31071297.978803717,44622731.46428415,52715243.60458202,59379685.813256465,67793291.92493859
臺北市萬華區長泰街２８２巷１３弄１３號,25.02167802,121.493103,8178662.066373473,4029071.002098527,8138941.125033839,9474827.403321294,10220255.909730878,10904787.941860171
臺北市大安區仁愛路四段３５７號,25.03806728,121.5543408,77465785.03706884,63370793.86873497,68378191.94078869,79455962.04853845,88617066.28340688,93561877.9641927
臺北市士林區承德路四段１０巷７９號三樓,25.0807799934786,121.518889982961,17311301.63245934,15349042.755023843,16426033.953226505,17580840.267792802,18635754.274799418,20592928.86790444
臺北市中山區合江街１０２巷３８號,25.05862,121.538306,34957836.09045618,29186572.91994668,32198752.098290496,35507146.4364197,38842027.96896872,43693627.889315605
臺北市中山區龍江路４１５巷２１號四樓,25.066451,121.542548,17050610.25812053,15554153.063736819,16212289.352763008,16867997.620817926,17842834.793339062,19680529.560337786
臺北市中山區民生東路二段８３號五樓之４０,25.0581100047837,121.530769989607,10189844.451098472,8114955.212768681,9113603.038946526,10251235.58981087,11427730.545730779,13010998.501585687
臺北市南港區富康街３３號,25.053442,121.617348,16339961.85712477,8849080.640499894,13488832.013928017,18832434.3406109,21292583.327609193,24403432.346715882
臺北市大安區羅斯福路二段９５號二十四樓之３,25.0250900001382,121.524160020763,37543731.05482923,31749365.313644115,34923784.16056227,38255314.83237092,40789149.58320731,44958971.659649044
臺北市內湖區康樂街１９９號三樓之１,25.076080008911,121.621169988821,16221899.53044956,11403380.870698037,13522045.512128877,15742882.142150588,20468038.07060952,25291873.97554876
臺北市北投區溫泉路６５巷１６號十樓之４,25.1359126321673,121.504417956576,9305746.271839865,7527890.510002705,8603957.872401409,9378478.966827229,10256281.943930348,11880162.334282517
臺北市大同區民權西路１５３號十樓之１,25.06314501,121.516434,13903558.590487517,12131435.577307303,12817768.188706398,13944793.37914826,15067407.931464255,15904744.328553386
臺北市中山區撫順街６之１號六樓之５,25.06368799,121.52156,7348276.904387297,6161367.695495262,6621498.612829599,7400722.351609053,8181861.527865664,8775632.543188805
臺北市內湖區康樂街１１１巷９號三樓,25.0706000044339,121.619610032821,15224454.300112203,12457385.345178574,14075123.85282901,15558250.042530006,17125139.842987813,18235138.59277923
臺北市內湖區星雲街１３１號,25.08096699,121.595857,31825346.35779666,24522617.178414,29452234.127634265,32918681.78057445,36176407.07882873,40112697.89553912
臺北市大安區復興南路二段１７１巷１８號,25.0274752,121.5446075,32103536.011862602,26935697.497540697,29667324.161903664,32002990.341606133,35361558.22580198,42104827.53511804
臺北市士林區東山路１２０巷５號四樓,25.1126999990608,121.539149964945,15763084.159482086,13139423.301573819,14571985.973402346,16120043.20489048,17629461.78017776,19234412.284896128
臺北市士林區承德路四段６巷７３號三樓,25.0801399932616,121.519159964062,10099251.450084973,6703122.668575907,8570672.092704121,10597709.942899337,12379863.930623366,13873813.514226325
臺北市士林區天母西路８９號九樓,25.11858502,121.524685,99012883.21151584,68535229.66270663,83628337.83327533,105553952.21405879,122306720.56577006,136387732.83838186
臺北市士林區華齡街１８號三樓,25.08302802,121.51958,14661829.472625345,11817087.993975062,13725073.760834478,15339649.141393663,16318909.695029475,17590097.39690217
臺北市士林區士東路２７２號,25.11325601,121.537001,37123390.81104986,21843831.85583423,29537023.41371684,38455735.55585075,50003279.494455665,58382410.859361656
臺北市北投區紗帽路１１６之９號,25.15086498,121.547167,4603657.155045973,2757978.1404640675,3244457.158944058,4601011.930445919,6332317.63319325,8285967.148262938
臺北市內湖區文德路２０８巷８號四樓,25.07782701,121.583476,31180759.360397164,27041799.57601669,29160978.594799243,30926939.97712773,34313925.32941905,38684595.10242376
臺北市萬華區長沙街二段６１號八樓之１,25.04068298,121.505462,17619449.426869407,12984023.04470958,15620767.992064698,18516838.430782296,20702474.317705043,22547802.352908514
臺北市中山區長春路２８號七樓之７,25.0547300023282,121.541829994666,13603782.64752397,11440022.994226418,12173821.70127947,13528778.926744778,15198108.789178543,16390758.03291952
臺北市大安區安和路一段２１巷２６號,25.03932,121.551613,34686069.57573065,28487354.907452755,32404609.84936084,35668066.80677532,38555488.20756164,40496169.095630005
臺北市中山區基湖路１５１巷２１號二樓,25.077690004873,121.564319981991,8690457.7646828,6464381.309794667,8471104.00623137,9343454.67117231,10181296.662812827,10852365.165652424
臺北市北投區中和街５０２巷１３弄５號一樓,25.14738,121.494128,6223318.595904201,4281508.729118714,5180068.200155738,5795079.246472635,7942402.855591627,9212950.629354617
臺北市萬華區西藏路１１１號,25.02965998,121.503243,18735746.919659644,14378888.754232742,17294102.989845697,18990823.18783402,21351606.08171407,23286233.542014115
臺北市內湖區內湖路三段６０巷１２弄７５號四樓,25.088690302519,121.591256996502,21305897.731550887,15556757.455615263,20077617.027657583,22922252.424690455,24131352.794352256,26101061.373094376
臺北市文山區樟新街４８巷１７號,24.97789901,121.554797,40026243.651081316,25132015.651902746,31828844.629250355,43565428.88970086,51559815.68992935,59244520.97541225
臺北市士林區倫等街４８巷２號三樓,25.09293698,121.501562,8606170.939753626,6489746.511457266,7556202.99051193,8884060.715966571,10066624.297760531,11091489.904918514
臺北市中山區敬業三路１６２巷１３８號十一樓,25.0772800040791,121.559829964098,31106519.733992066,28423994.202407718,30149534.102919582,31643285.179258518,32872102.206826508,34719584.76416266
